   19238777825.8445509366056822586703556      
   641038954.600535020140405779216872271      
   373447001.000240604824534056337607828      
   162085920.382725313609525629998041621      
   65104752.2546671378524622406285698766      
   31446692.8358923129164230737055724723      
   16359444.1902634595936569617404011214      
   7486078.97313925358365013105290151816      
   3142813.18328319103986539013434839321      
   1399041.55508273525236020341994063992      
   568391.995297984022713981728975804730      
   197511.258775643383924545992393216750      
   83561.8644032839699778980321222040075      
   35260.0813288177881637990902470054879      
   20177.7030488799728132029730278769734      
   12298.7101925722582578194897169884773      
   7502.12178156323542279157579058270881      
   5434.66582355945052659738167583976932      
   2066.88662625018642625135271797542280      
   1156.39375220412932985596697163886728      
   501.728365812914892616796486885259357      
