   87.5032979999999999999999999999999985      
   87.5017970497166805628895338533529018      
   87.5017564859290417126966495852767773      
   87.5017148258886582540723232319195670      
   87.5016720399688569887150025994537927      
   87.5016280977422919089588334497038963      
   87.5015829679593056917097361354185242      
   87.5015366185257064030153362843258691      
   87.5014890164799436090999336660454349      
   87.5014401279696676625816478410263447      
   87.5013899182276554939319040643126819      
   87.5013383515470857877255658647141598      
   87.5012853912561459605428987696665688      
   87.5012309996919528821931213462537995      
   87.5011751381737687938956311499619523      
   87.5011177669754933758320175842356668      
   87.5010588452974124017132447267280897      
   87.5009983312371828893258254166446357      
   87.5009361817600341130524404209974873      
   87.5008723526681632867201495856324208      
   87.5008067985693041524165263895343287      
   87.5007394728444461227234366769503276      
   87.5006703276146810197314828757179820      
   87.5005993137071538337857485010198170      
   87.5005263806200932877341959053379999      
   87.5004514764868973380507609492526610      
   87.5003745480392480721204733369888060      
   87.5002955405692297707258555546098452      
   87.5002143978904231958715445036647457      
   87.5001310622979484360233998566160730      
   87.5000454745274278931015491522040991      
   87.4999575737128402276221162320960772      
   87.4998672973432352896836604215161826      
   87.4997745812182792534807332170237931      
   87.4996793594025983411223933436993467      
   87.4995815641788886671463982442929029      
   87.4994811259997588576425101835192125      
   87.4993779734382711967068973704796466      
   87.4992720331371461274030895852542177      
   87.4991632297565939838451583237847298      
   87.4990514859207368547697397627314548      
   87.4989367221625824763309422051179430      
   87.4988188568675110221230526808135617      
   87.4986978062152346008779848258769221      
   87.4985734841201881861455062601095045      
   87.4984458021703095867720372091811319      
   87.4983146695641649213549371376964013      
   87.4981799930463748832489678609835537      
   87.4980416768412958743032969075122732      
   87.4978996225849088444516274123322950      
   87.4977537292548673996822296826611913      
   87.4976038930986554318723718336222289      
   87.4974500075598031795519728722854512      
   87.4972919632021092479081428883259852      
   87.4971296476318146982737044907132892      
   87.4969629454176738609503432363599306      
   87.4967917380088650294649943041076409      
   87.4966159036506826581827291479885729      
   87.4964353172979511075083032261418456      
   87.4962498505260983605796839877544695      
   87.4960593714398264712379949846492519      
   87.4958637445793137939659437010305685      
   87.4956628308238822912055208687081032      
   87.4954564872930614107472936654772829      
   87.4952445672449781744459551821057631      
   87.4950269199720012180432819757121760      
   87.4948033906935645690180513335440422      
   87.4945738204460949437439961735259030      
   87.4943380459699642853952119834967137      
   87.4940958995933871485287137521080863      
   87.4938472091131803635916198563642667      
   87.4935917976723001832006043166720110      
   87.4933294836340698203369414604054828      
   87.4930600804530079349619148713943610      
   87.4927833965421662083107778349440826      
   87.4924992351368816615498025463553123      
   87.4922073941548468258147498108721058      
   87.4919076660523982520771264108993512      
   87.4915998376769211599446677839300210      
   87.4912836901152652624820563052170868      
   87.4909589985380639674727404937371298      
   87.4906255320398462422155542156593533      
   87.4902830534748274368888253578601206      
   87.4899313192882622885919965677658558      
   87.4895700793432401722051375571864121      
   87.4891990767427994229457310718287461      
   87.4888180476472342266447296358854960      
   87.4884267210864641549427798376038999      
   87.4880248187673329113913894834449799      
   87.4876120548756992483356576520098079      
   87.4871881358731793108905029825355426      
   87.4867527602883958606673093668316306      
   87.4863056185025859254575789436998943      
   87.4858463925294144090564550656138409      
   87.4853747557888370749586889978936523      
   87.4848903728748520858525018980256089      
   87.4843928993169749346633747102232431      
   87.4838819813352671392692876370772888      
   87.4833572555887444887470024624621629      
   87.4828183489169859208555224192400312      
   87.4822648780747592750696568786137002      
   87.4816964494594751994049562809403975      
   87.4811126588312753889935284182961432      
   87.4805130910255560962513184612427898      
   87.4798973196577224727962266854283151      
   87.4792649068199637782071719115964525      
   87.4786154027698338163277142491389598      
   87.4779483456104151320787694197227130      
   87.4772632609618395165088631341196103      
   87.4765596616239312208208675970080516      
   87.4758370472297329669997816435478254      
   87.4750949038896683589372694457868033      
   87.4743327038260876389944353119396209      
   87.4735499049979368960291468762422778      
   87.4727459507152838071746091813421165      
   87.4719202692434257820968825241270430      
   87.4710722733962989699506815211389926      
   87.4702013601188989805265068416270004      
   87.4693069100584163567269740127907022      
   87.4683882871237818099689115190817385      
   87.4674448380333079876730133063483600      
   87.4664758918501060768129144586491090      
   87.4654807595049468535304659026838024      
   87.4644587333062268599009729631552514      
   87.4634090864366912187014008055821861      
   87.4623310724365551789745978330449113      
   87.4612239246726568125957619874230738      
   87.4600868557932633480549830669693056      
   87.4589190571681434252071456154775062      
   87.4577196983135070765522572437532324      
   87.4564879263014044792437787837837691      
   87.4552228651531634698267953865573357      
   87.4539236152164344628220766152769112      
   87.4525892525253997566240094130461945      
   87.4512188281436922374796762061428727      
   87.4498113674895561960485662941170320      
   87.4483658696427703424630212536854303      
   87.4468813066328401359376690448812426      
   87.4453566227079532245882303134684910      
   87.4437907335841781107433468803727914      
   87.4421825256743721069386421938187446      
   87.4405308552962502179783062405453771      
   87.4388345478590517646743010869989240      
   87.4370923970282263445876765245900059      
   87.4353031638675450934765126189592105      
   87.4334655759580271570841899336903112      
   87.4315783264930547949631241449440825      
   87.4296400733490336044973385559966632      
   87.4276494381309369621199494779356891      
   87.4256050051920559175510203838792429      
   87.4235053206272574330052715982713764      
   87.4213488912390350196925059998224921      
   87.4191341834756164751584660542360939      
   87.4168596223403735533302290837584099      
   87.4145235902717579904063636034205237      
   87.4121244259929673494541794487160206      
   87.4096604233305226198385385014190419      
   87.4071298300009173991000414504024930      
   87.4045308463644757789024328000663545      
   87.4018616241455327370323269611394437      
   87.3991202651180268875750172238611859      
   87.3963048197555708442761663659002346      
   87.3934132858450391902382750015078843      
   87.3904436070626881025279270011468051      
   87.3873936715117940345343530141690515      
   87.3842613102207714930726318872023989      
   87.3810442956007018418045543418643221      
   87.3777403398611761975695426145586433      
   87.3743470933833258411496290232099738      
   87.3708621430488831177541588181991038      
   87.3672830105240845334496567916791118      
   87.3636071504971956396410890933894875      
   87.3598319488684043156945012212531491      
   87.3559547208907951864224521064778511      
   87.3519727092610831223436363862687279      
   87.3478830821587480416364169671289594      
   87.3436829312321765381238892102975913      
   87.3393692695303781733600951253863083      
   87.3349390293788055661323887916491718      
   87.3303890601977676619287107236182313      
   87.3257161262618847398717723744051461      
   87.3209169043989917862620176607192216      
   87.3159879816268538023802266368839702      
   87.3109258527260123889554378777871279      
   87.3057269177470375292535638152002622      
   87.3003874794504118447857562672014192      
   87.2949037406772266889994018712427163      
   87.2892718016488202409282066598638987      
   87.2834876571934372276500173404685811      
   87.2775471938979380055950257785472187      
   87.2714461871825314293548080732398206      
   87.2651802982964511947588020580259902      
   87.2587450712324391216794583372983846      
   87.2521359295578411013184459354097740      
   87.2453481731600621315514614125519582      
   87.2383769749040659600961565605317199      
   87.2312173771995423055045198313195687      
   87.2238642884753003857852529731747069      
   87.2163124795583815081486528036209117      
   87.2085565799553157140169690663850209      
   87.2005910740328778828698811206828563      
   87.1924102970956272272080562631266842      
   87.1840084313574407080906828359863960      
   87.1753795018041755141347527519558600      
   87.1665173719445183229432975882640048      
   87.1574157394459995475964870734958259      
   87.1480681316530691055451795965626168      
   87.1384679009840463749146316759879727      
   87.1286082202036708642105455655367420      
   87.1184820775678916544624203201744462      
   87.1080822718374428150267073847805201      
   87.0974014071566586809907282908678440      
   87.0864318877938870450076457267640138      
   87.0751659127397598912995394754995838      
   87.0635954701594802144945003534336659      
   87.0517123316951796490276412599307159      
   87.0395080466142950122052831022620050      
   87.0269739357998023598812741699995879      
   87.0141010855780346901502119037025308      
   87.0008803413796939275454407486489949      
   86.9873023012295491957998239369994086      
   86.9733573090601915569242815249465202      
   86.9590354478450902715429356472243530      
   86.9443265325460671311129091309045812      
   86.9292201028701734354651268123927571      
   86.9137054158308186451738610572868104      
   86.8977714381078605312047384701995779      
   86.8814068382012236751059315814363424      
   86.8645999783724663400222965618932818      
   86.8473389063685649316065309855227285      
   86.8296113469220303912322464961645375      
   86.8114046930213118016401329924931985      
   86.7927059969452791241524803916290119      
   86.7735019610554092106985176723366273      
   86.7537789283391269237889549515942572      
   86.7335228726975762307238819442430226      
   86.7127193889709143888632314059353077      
   86.6913536826940356774816431264732319      
   86.6694105595754394258249669577911784      
   86.6468744146917602001515447411639851      
   86.6237292213902758047610984910442755      
   86.5999585198915010794868052437090848      
   86.5755454055837621911649644791489991      
   86.5504725170014270675232682265177502      
   86.5247220234782426529656059679026505      
   86.4982756124669986168911665639607285      
   86.4711144765164998521572035740498090      
   86.4432192998965863953264997056569345      
   86.4145702448616891081200087862997408      
   86.3851469375431524030262429990628464      
   86.3549284534602912924951653399660306      
   86.3238933026398789028186778387692160      
   86.2920194143334821278513629854517899      
   86.2592841213217771061219742152868401      
   86.2256641437946824842444225851871301      
   86.1911355727958467709762813555661965      
   86.1556738532197162752676616134607306      
   86.1192537663490919378705964944965543      
   86.0818494119207565832613842743276680      
   86.0434341897064185043730180993483972      
   86.0039807805958726082687033123254878      
   85.9634611271689263512871243069321783      
   85.9218464137422741256076046183910104      
   85.8791070458771303670670490391168456      
   85.8352126293330481708715471822076474      
   85.7901319484529563548684371398988213      
   85.7438329439640434191939171464070657      
   85.6962826901787014287319685565541938      
   85.6474473715793161954834389714100737      
   85.5972922587702519582365665577367556      
   85.5457816837799287352390815098802848      
   85.4928790146954283418629090501040734      
   85.4385466296115903908419725872877204      
   85.3827458898760720899854049546938474      
   85.3254371126113449746335050576090310      
   85.2665795424940875034734984542237691      
   85.2061313227719043409854195015876403      
   85.1440494654967607721813949748624584      
   85.0802898209539636597206754405242874      
   85.0148070462649482637902662565499891      
   84.9475545731415426944935096160476864      
   84.8784845747687783370479088443248914      
   84.8075479317926948527280568238181213      
   84.7346941973889518724714891284851070      
   84.6598715613874058127555275989661385      
   84.5830268134271388898798555406584561      
   84.5041053051157379117174656639787969      
   84.4230509111659122949876612219826241      
   84.3398059894818134875692996511373147      
   84.2543113401666710521110622744639109      
   84.1665061634225935580313069186412570      
   84.0763280163125945884008358279403919      
   83.9837127683540950358922848100995601      
   83.8885945559123218625427378109361769      
   83.7909057353611700405436419575393312      
   83.6905768349782178687050418086553052      
   83.5875365055396856482976940676213055      
   83.4817114695802031624688253972124950      
   83.3730264692813018778658786279785313      
   83.2614042129515726002293656866911585      
