   594362.259224876153120896462216004793      
   501362.919548561153030353684258399446      
   322529.299134378458036120732672583697      
   174658.963470087749135325258590081888      
   96887.5157449862420709091866552031212      
   58517.2470280388392966455256830134590      
   31478.5179956292528579155293191260431      
   13763.9241165863931237331203000468966      
   6624.65881042651826198077243781761353      
   3617.80293487055227273859188672481642      
   1342.56069454030305631731580904409495      
   479.487467735846077959690905833986709      
   506.958493415905141613464111505890828      
   287.295557169666290191986672211549442      
   75.1294901627162488577064890852393120      
   162.649987244341746366704202292710815      
   130.493236406477276123571498076104964      
   22.9189736095538120438351108680475689      
   37.3278040602795478567805197161706057      
   118.128808753983973249158485466100626      
   0.00000000000000000000000000000000000      
