   649.296339752716233049941535720218336      
   576.799001640066726944515279548040302      
   426.468375508911276147562120494263039      
   290.106291298396986467963517172410399      
   193.589757548794277300461775707487237      
   117.861818862865889453013852007604836      
   63.5514308198190788634717186341239943      
   33.9191042078545484985724404899353969      
   20.7303335682169669229686777006447669      
   10.3647617707824835670852495999172179      
   6.25912182873475783201431015374550078      
   4.39782535060335887234162378194346279      
   3.91496087535951033976693239189045525      
   1.69404671905186478373648185391204474      
   2.25503098949032732976878717466816999      
   1.22657433581718590195519703293722232      
   1.17069774119471568732409249271676452      
  0.298622432482236382854244157729364867      
  0.997532162811420218548449432824849689      
   0.00000000000000000000000000000000000      
   0.00000000000000000000000000000000000      
