   19289493309.8733283459667626597188747      
   618872672.677961492951098974666382904      
   372875556.299947870901935834303690891      
   165304224.793047750675929445975460353      
   64684502.9949735145681018492870155122      
   30910133.0510862562448208645093798829      
   16551618.3948026324124679294559011131      
   7550345.35362412689268140058518494338      
   3102036.27417091783381634130093996282      
   1374782.22827722505924485979665041139      
   593892.742669234301348745355141974894      
   199642.513195400126269960060188304222      
   68277.5260990143253300727671636197076      
   45551.0343938353889990885109490287850      
   19528.8651233011290008767491673989117      
   7758.15037380969971900671777520660428      
   11635.0150536470524574143458176628105      
   4474.89342567632516401389727813480823      
   224.353910637363903066546206781811123      
   3073.03480472498550942562588289162764      
   1875.76536419721326116136702434790689      
