   594489.124609016707902653728851490046      
   504833.112837629252616173878958303482      
   319434.604058794397197217735753891466      
   173388.172879683502920603909764540159      
   99028.9720238910603737403092582782459      
   58393.5002074595669441630733692408535      
   30339.7876571095001508353166092797370      
   14255.8513706952913992944261760667023      
   6849.82395256780501505878611274222702      
   3226.38935183337818956682557691983381      
   1350.69498959207033722652109482473013      
   586.865881499197438376183913571209893      
   374.665169052229763069864254937445368      
   222.718923358009560954292733564406399      
   111.481390839887872287521866705325310      
   101.206144929643044986867213417642979      
   59.7602194857938506679412933490331426      
   18.4683137358261608367762434238911250      
   25.9500083041750069647842026581922708      
   16.6733260664574605931585165889760405      
   0.00000000000000000000000000000000000      
