   24342115410.3878957020767213293141223      
   3154079261.00354590989593207229190736      
   1052076268.12934854190536752915007216      
   205604930.304751983829283305388066103      
   158284183.054574567529456680435184161      
   99052058.6933386766496607825028592134      
   41510903.6800589115397681374097484716      
   25990747.4112515036566459722417093332      
   10794044.2220103451099310899207832425      
   4647088.14855406581529747036022005697      
   2138502.30979202093700851585877391682      
   238055.314876560264629438531316970364      
   192652.067576840720691747638270393132      
  -71892.2391613779439652048710258863038      
  -24506.0685643541083625133668950818587      
   36397.1879483003285577516973357211443      
   3533.67146754138151552693826634533644      
   39317.2182861908162627067036132786074      
   11954.1660844825436230201482860789046      
   9148.96331226097300152116996707852621      
   6661.58752309197534636971366125292581      
