  0.349210588621084602122176674025085003      
  0.356055160031931194072333545480634738      
  0.363036873566546320659234555172860604      
  0.370158171591551678196805973824233165      
  0.377421578428474969545782571048828229      
  0.384829698256411087108770993121622982      
  0.392385213382982321791621425216551571      
  0.400090882748975987390780741958132469      
  0.407949540747444669319415139835341768      
  0.415964096197206393163434744628225356      
  0.424137531700253164603469388018357598      
  0.432472903132262412753069498519264559      
  0.440973339379983871115095054398898055      
  0.449642042280092595435815248609487146      
  0.458482286793507966464447669006217120      
  0.467497421214781331499200377315144151      
  0.476690867725516200837132718012810799      
  0.486066122947436334394719516566364434      
  0.495626758713029932614116221670966770      
  0.505376422915921669259461461640658655      
  0.515318840479525624843484997612112067      
  0.525457814485501460875968857087533373      
  0.535797227282790533816409808579086235      
  0.546341041805865880784568900796046006      
  0.557093302929007702500268321537840948      
  0.568058138824102075662160830519695344      
  0.579239762554567132039249576475769361      
  0.590642473580329474084091427352235297      
  0.602270659418375604747652996729442354      
  0.614128797345569800023529153380576328      
  0.626221456138989319413069548720845012      
  0.638553297889495849276926596753498702      
  0.651129079904551050433536298066829445      
  0.663953656648660105963178819110953795      
  0.677031981697547997844808701288763336      
  0.690369109786978050731921499595397258      
  0.703970198954566969964786537023695542      
  0.717840512673355535808613648419934234      
  0.731985422066269433181197021814574052      
  0.746410408192773924453058454950943603      
  0.761121064369532036773439013409460225      
  0.776123098560679575032603868328445188      
  0.791422335866595423676773993812211195      
  0.807024720974794608648314166106430002      
  0.822936320777815577139077051920646139      
  0.839163327013221953584461154835911304      
  0.855712058958946596533922887692642682      
  0.872588966208382169893319732850729211      
  0.889800631517971323203693106329424532      
  0.907353773710888614097040871550982923      
  0.925255250678704711807414973910486797      
  0.943512062440803150436134526352900011      
  0.962131354251272678724969053305379169      
  0.981120419862289637746847306615469687      
   1.00048670479610592327177958029860417      
   1.02023780972738724270184423685142843      
   1.04038149397308392922254376374396438      
   1.06092567900666884336987602181920605      
   1.08187845216775068396085739826255501      
   1.10324807033997742971123393196772759      
   1.12504296384143290879172230300107072      
   1.14727174033763798254485042279042381      
   1.16994318890561991685019956345618304      
   1.19306628415608478230509290677437646      
   1.21665019051484408320912675973992662      
   1.24070426660237821929792464966571546      
   1.26523806968866462322172330727889777      
   1.29026136034168010859678155966284296      
   1.31578410713874761814034896704946088      
   1.34181649155196640627135615171339461      
   1.36836891290772339022906814287728705      
   1.39545199356469952116789846612388412      
   1.42307658415085963735377835058087860      
   1.45125376900529489175062889124789835      
   1.47999487175426557250675546740506094      
   1.50931146101263958092296654258547546      
   1.53921535630395523239805041780086653      
   1.56971863409923425189541921242649387      
   1.60083363405477198560385108681964042      
   1.63257296540937204423338887721287601      
   1.66494951358616964754136972166191925      
   1.69797644696974864197361571699213952      
   1.73166722388649454751077045468885493      
   1.76603559978983123635172505762922878      
   1.80109563465477098891910693661505700      
   1.83686170059452745752987771589011002      
   1.87334848969179807544274172883150774      
   1.91057102208612608833013055467774835      
   1.94854465427837059486218441583857247      
   1.98728508770725283328589607848177594      
   2.02680837758095384704450606483046769      
   2.06713094195725931000359434793060277      
   2.10826957113927186016329410044890464      
   2.15024143733343912243340377811940785      
   2.19306410460863150781888222899762796      
   2.23675553918125430353759536500134828      
   2.28133412000412011438569300755621000      
   2.32681864970027365235389043364034995      
   2.37322836583320045786591368602753789      
   2.42058295254584787116966634095380485      
   2.46890255255547695828526110132338531      
   2.51820777954670459485406194956499683      
   2.56851973095902138272720668432063490      
   2.61986000117882181642104322705300157      
   2.67225069517438121296102627083996639      
   2.72571444256389736840422641786050818      
   2.78027441214775088906953000614882794      
   2.83595432692008229182247106408617792      
   2.89277847957075573234498687306214482      
   2.95077174851026868172792659260357072      
   3.00995961440889443940158726880439301      
   3.07036817731584057548266110903056906      
   3.13202417431943096042301446123616785      
   3.19495499782905500893602724750873177      
   3.25918871445670559220789588671949230      
   3.32475408454147868785514013489530375      
   3.39168058233527167869348007387835503      
   3.45999841688340547521025763433724518      
   3.52973855360282554703046878899555552      
   3.60093273661458777163756137516020117      
   3.67361351182911150864861409742923463      
   3.74781425083658531666713480385672256      
   3.82356917560949644868277640397629447      
   3.90091338406844617499216574355640508      
   3.97988287652492364701998378675604881      
   4.06051458304796360973615931229341103      
   4.14284639176886341540203320504418781      
   4.22691717818491304751319745764811171      
   4.31276683547216475699300240152252154      
   4.40043630585607164193789580007198892      
   4.48996761307956753608033847451315529      
   4.58140389599957272087591254828336431      
   4.67478944335833368747746623488914653      
   4.77016972976618945832340634742754050      
   4.86759145294006917452163668483039393      
   4.96710257224243831037629431609410659      
   5.06875234856152739661203350373641523      
   5.17259138557848997638057885203944320      
   5.27867167247247992199502676718668679      
   5.38704662810544685804816224597154909      
   5.49777114673756849851652972191726351      
   5.61090164532341287142003658504759269      
   5.72649611243535115835972221636571718      
   5.84461415887155983385196851904661190      
   5.96531706998816188089730771599512118      
   6.08866785982312017708916355330319818      
   6.21473132704911877725186428449170301      
   6.34357411281630390644684072281748840      
   6.47526476053421352768998455310265256      
   6.60987377764355184579586401864669868      
   6.74747369943295292293332912900645980      
   6.88813915494342412332241345943132852      
   7.03194693501791953694878746643975154      
   7.17897606253790979752520442609238949      
   7.32930786489187117014916863635371727      
   7.48302604872038297667150908392705752      
   7.64021677697538012063425359257822702      
   7.80096874832661078960455340791243329      
   7.96537327894960295281667373963504194      
   8.13352438671439155039233820221553481      
   8.30551887779653014811656590266011059      
   8.48145643571742183962369933735996592      
   8.66143971281498709831172902582237951      
   8.84557442413677297732010770548355777      
   9.03396944372949814855693841863932226      
   9.22673690329193537400876223645906211      
   9.42399229313600689866414508812310676      
   9.62585456538897000664103741363851708      
   9.83244623933958205163878946364364650      
   10.0438935088188755262452352474510273      
   10.2603263514683343051173624771588344      
   10.4818786397231854273384302634224112      
   10.7086882533047284983262804604580968      
   10.9408971929744314970858632042875933      
   11.1786516952516446587046348764052307      
   11.4221023477681288666144384911546917      
   11.6714042048480600109146325823530392      
   11.9267169028612633890641698975142897      
   12.1882047748192915363304810890281012      
   12.4560369636034990626446970603372097      
   12.7303875331291530205867837506778559      
   13.0114355766507153736570552685173841      
   13.2993653213025135339392376612421620      
   13.5943662278487198460509939918273588      
   13.8966330844806431213898521689061107      
   14.2063660933477569823792754172690874      
   14.5237709483452990264241041842423505      
   14.8490589024961507858309406244321192      
   15.1824468230608569821560289768127352      
   15.5241572322929307648937643917833154      
   15.8744183315065821330300589699604310      
   16.2334640058619677241993334862558491      
   16.6015338069840224505520277826818973      
   16.9788729102129998908268304585265264      
   17.3657320429504772970841320528660019      
   17.7623673801972413027299229044576194      
   18.1690404029902971462917743194219569      
   18.5860177150345742832920325001239789      
   19.0135708123881520297541787388046853      
   19.4519758006057735428178038331298354      
   19.9015130532748197433362530759390156      
   20.3624668054020306951718338603437379      
   20.8351246746255561059201124887126993      
   21.3197771027579900613915846935547068      
   21.8167167097161978847661096845471062      
   22.3262375514815194651989303089824209      
   22.8486342733805869566154187025165270      
   23.3842011497050875538590801599216592      
   23.9332310005320960285530907072987312      
   24.4960139765942519692831517941088818      
   25.0728362032344051593098131100001243      
   25.6639782749037977702231448142930702      
   26.2697135923982681919057327687782573      
   26.8903065361407872034268806500084525      
   27.5260104704022597828099892865142641      
   28.1770655755116734369624656634208141      
   28.8436965079646258482754453037566544      
   29.5261098920506320392553177212994878      
   30.2244916513561802967314380523585236      
   30.9390041944829281620559930546368894      
   31.6697834767896526109531193814615320      
   32.4169359692180610350274935198321653      
   33.1805355766130848481400131525201847      
   33.9606205617480056348070974811904004      
   34.7571905478397847869210652848864833      
   35.5702036919472350203488314464124694      
   36.3995741443371183045443009896067941      
   37.2451699343624281435474016820481360      
   38.1068114506195656382502753753907085      
   38.9842707100595924485079050100322314      
   39.8772716336052761699151000400815900      
   40.7854915586402399162134818602454131      
   41.7085642123696873485253056579423629      
   42.6460843314815654823429625376223555      
   43.5976140250293071054922602254627990      
   44.5626908157700299275780252230145803      
   45.5408370308334889377613286176772629      
   46.5315698097102710484552118438156477      
   47.5344104172744849119699406966306967      
   48.5488907659846861174781407181060328      
   49.5745541034546303028912494142665413      
   50.6109459459523077632999307929152201      
   51.6575912356764057566972101449474555      
   52.7139558804026977248564580516767108      
   53.7793975658835329117878316115604253      
   54.8531233253688830109838673666539160      
   55.9341856882386752693993872773625353      
   57.0215518694709382377434719494645511      
   58.1142560849069302697189140834948568      
   59.2115987493757885633789099312131955      
   60.3133227541492407905969711131969601      
   61.4197077444835216225205993153924518      
   62.5315681296672080188819973759054768      
   63.6501813335704455601863290513822980      
   64.7771864549606156081485633843245787      
   65.9144850446255488752400809303772851      
   67.0641604548753192879976809276894020      
   68.2284201318570684419808191981785980      
   69.4095586839348969653918660152577466      
   70.6099372164252256903169868959351796      
   71.8319743299629010769250627018738934      
   73.0781449706877490720599670411990777      
   74.3509842816507747192342429255700017      
   75.6530944459450512138759723382060462      
   76.9871531570014651281259724727681068      
   78.3559228127347219732780575014914364      
   79.7622598471497076770326606421964960      
   81.2091238262691127231224309390859963      
   82.6995860784239606492429565690288165      
   84.2368377274315836590701493718312564      
   85.8241970694146025550612078153383416      
   87.4651162933949245249424787093247361      
   89.1631871359294550402345542908120251      
   90.9221483443558899919619899836765352      
   92.7458883635594872318486979951086345      
   94.6384524514601186901823740027946980      
   96.6040480755183572551298493853855195      
   98.6470518118706129921409254790243478      
   100.772018207144655441997868057906313      
   102.983691844439044319917885847467064      
   105.287024324626817475759267206705595      
   107.687198472114048874814375743104096      
   110.189662791569690010471853170669566      
   112.800179984401951930576953537478845      
   115.524894046215742479156406737598616      
   118.370420851697260900084328353243422      
   121.343966773429078147041773762189439      
   124.453478196243468414773009310012461      
   127.707821125449072388159162148109132      
   131.116983960151295973134241773583161      
   134.692288017778937967079410361308072      
   138.446580764965478612525615479248756      
   142.394378570655833282587753984345598      
   146.551922890216007425796739228266493      
   150.937119662943399556323617299187036      
   155.569347679612837475810442666123804      
   160.469145095646570046138882904079729      
   165.657807435729461019736515344495687      
   171.156946947734948301606914383928512      
   176.988065742527185052979386075373128      
