   157.990592256824331965321997030999357      
   131.067759010048940586624848357683090      
   102.807152169945878394057848486866946      
   83.5038845893095992673516424706562294      
   50.0872557914713601210495720615582696      
   31.7775561766960155076208008354136424      
   18.5115104713620136568689999235878831      
   7.40688241434189655176993862174081385      
   4.77450963622156042683242444991644451      
   1.18838214398783417172238368456643552      
  0.772055792691901017820991390898834570      
  0.790142876070695686961669607083630545      
  0.236641686846429249391752477914629330      
  0.689335748571202303933388141664412342      
  0.259638192159147734453959705226601967      
  0.295470787001267642011790897860830309      
  0.178433571758229985578122254879978555      
   4.44132968937607357803743175270098237E-0002
   6.12232188953534724002244522447029444E-0002
   0.00000000000000000000000000000000000      
   0.00000000000000000000000000000000000      
