   19981107738.4595462873108648771570490      
   483741620.795603899810807651007547755      
   312151880.109688775691126521255010351      
   153245790.947030670180760343159557090      
   65022245.5918509149576243724660416542      
   30661331.5516977762593316717653838883      
   16152247.1598889745901433177217288842      
   7412460.04910629064600724212945225432      
   3050129.50116655921134284751247778013      
   1425858.52142233575937634381536918560      
   610782.059170410388797493144665183922      
   213834.119245843348909005503088373136      
   126133.972148104370143879455272689171      
   69764.6237247842219694680453402095690      
   24530.6950107944919822438019006291382      
   28063.4506662163274600846781367307379      
   20067.7338454633987094004120607876919      
   921.450234334714677102932205316384405      
   2595.24195775091149591741110617706015      
   7659.09396842205081959907117300352886      
   3272.46837017269695517887924804937571      
