   628.580585367035236414303783122463226      
   565.939913581413245777622743123789187      
   428.263475622269085173384406941965568      
   296.663772660562334445102185650854980      
   197.269930949955983163215624728253920      
   121.360772433075874965878848608072821      
   69.1586971684878934435919935791787280      
   40.1030521251372756185535211411156917      
   23.8067977067048321940632441557872619      
   13.7540448069816316959685105097444321      
   8.87683272667854820134761507767464459      
   6.16638124091201963652645979186513540      
   3.90041146897131483555212504226253159      
   2.63671210807403917470006099794075871      
   1.90598110200832992268031358696136767      
   1.02684579029784690060665100908918329      
  0.622285320414552724990279745829482940      
  0.517413951055651827620288953254682875      
  0.245636818667610476713804194934297496      
   0.00000000000000000000000000000000000      
   0.00000000000000000000000000000000000      
