   1042220.39184546995546708914281941128      
   840348.977877616996589329856251922680      
   595167.123724811707616101953384437303      
   529845.893851507694896110255974392392      
   445466.874174576197182657721231246027      
   348425.510176659254396998399373147143      
   273286.068920493505867723932307082470      
   201685.446472700960509986407646787148      
   146136.163925408197415720519843259112      
   101603.633390928051875192068407993427      
   68159.0332408216942446899614214111947      
   44663.3974361567233775829326099337070      
   28208.1172945756385910371901397260958      
   17735.8728403605713416426233302478273      
   10960.9580319291499351261213135346831      
   6871.08827086594271250121654476176959      
   4346.56116546004457893149094163786943      
   2746.21216515775696233568094294322622      
   1709.37499236632106844194464006414426      
   968.785972796547253861065107136743014      
   465.998549669490340678790287599449436      
   123.104179613769607038612054038179484      
  -71.2520155472477627090157941629217196      
  -149.138440623137050472938337629436395      
  -143.479610239169551962689300967873491      
  -84.8365365930966365675228125149540650      
  -10.4323710544780516170906576787391047      
   58.6522618793117099922622537805549255      
   104.318398993372750181833461237574176      
   123.501339227599647965881089785769247      
   118.336532412956255183452555889698664      
   97.3523006813415290208438560290629627      
   69.8046023078215647101525095314991984      
   44.0327612239343485342490550702309640      
   25.2552576005581500784152028307775285      
   15.6481993027791801103916734318106814      
   14.2100015303475307432736318522235908      
   18.5214982466969733670547261201519197      
   25.1106198017154113410605937774454265      
   31.2212990496374423692950363593263174      
   34.7097613154660154252598779097390823      
   34.8885336513275726044613901221839220      
   31.8472008617878772428249762199632799      
   26.6141335296538121393090762654581428      
   20.2678675852793318811933292419386629      
   14.0511976617896330284902482307131654      
   8.71193568133005121928895828110126333      
   4.68237267323073975817547126456341137      
   2.13213703046257256088452881718089569      
  0.618313143878979966355968309089617103      
   0.00000000000000000000000000000000000      
