   1041957.58147462437501822853549352211      
   840469.863335248726655256999090391801      
   595184.869996710414585989041153210969      
   529770.115700843168897449576712367009      
   445549.452246036245829164672721871109      
   348375.418984035182898418538025550233      
   273318.266175560730078061338522708085      
   201677.229392930613157216693930401627      
   146135.698106325231891897495482502827      
   101608.425623373980694135200329640937      
   68151.1004482676971853394845693818753      
   44666.6404447817560618191672609777552      
   28203.2955072120723600418270613147009      
   17736.3849150937188806493692305736929      
   10960.1759453757655287119741299030522      
   6871.00542681163297233952336236605966      
   4347.59856892226264118935460427030789      
   2746.53863768723100762366349778811440      
   1710.34468784561709446391130924579075      
   969.303052646288954559362725633645441      
   466.211950615398841146436466389731529      
   123.431565024858842275885470908135439      
  -71.6093922119788154115621155354812592      
  -149.032067069848947489888934872891202      
  -143.957298660283758292245801732318843      
  -84.7670725222298829609861984509385656      
  -10.7367694789221332532433808817779064      
   58.8098500991707335007446081817170347      
   104.220423883199089638477048877901969      
   123.722780695695490271515845711496836      
   118.333067324454860764373424426309984      
   97.5474639334093472252121040968914368      
   69.7915411446119504824740065964449852      
   44.1491143869568399697251846882490714      
   25.2059590614963425893370886908500178      
   15.6983360970722124269762421366247862      
   14.1538465145367916491093084425396900      
   18.5465252976287824178715204792839031      
   25.0802991087539376790918528537669981      
   31.2485060819743827149109738325314845      
   34.7115441588759899371908632917636321      
   34.9194485580981594118424793678056849      
   31.8658295079583145306163450799390590      
   26.6381451754197419777407701229271225      
   20.2860737641760744323196949254339980      
   14.0618322059883436841199330027047182      
   8.72255718052358205509227177447733140      
   4.68224029790683858817326034148099698      
   2.13649945001854263973625122525520928      
  0.614859246925313974845214077335649195      
   0.00000000000000000000000000000000000      
