   1041374.77512553746971955093425463060      
   840734.400043361176263275950725737718      
   595233.402549626384136461535123256915      
   529591.055369165210060076623993536531      
   445741.883411584360115745368481856327      
   348258.712732017160313753190391639267      
   273391.711047489312978186302551078168      
   201659.605321479345346785391333524811      
   146132.374823455648282163088759662860      
   101621.886292170641056501376425722383      
   68130.5508489282924224140006309713961      
   44676.4366088073161782342773437965669      
   28190.3741765302458903995790418946978      
   17739.4322657516981180725542149470863      
   10956.8351604621306981980348062308866      
   6872.34737279835080560254967083557359      
   4348.51986154964834898159893185464957      
   2748.64253719253438310523068744950545      
   1711.19468451179815821148050408501906      
   971.688424947037676223803416105475150      
   465.538583934155211933963250908810297      
   125.158454859858720892088469826041217      
  -73.2749335142474124483726499323394529      
  -148.101692911171709579211197589646650      
  -145.560378239309457020150804220105649      
  -84.2293138340338032111466705337205841      
  -11.6462917602549509084797820309909059      
   59.2729971519382015578630206053596151      
   104.015722608547084290066251782128274      
   124.117241840265035588232862891026639      
   118.513070002805556781080129869899435      
   97.7372830501013645731803913973283445      
   70.0595488615956134631629072688145583      
   44.0794786893877489174059061422232616      
   25.4465320572870965270876594346984371      
   15.4525773031075417475624544368018220      
   14.3847450260167426047580844881656341      
   18.2612051469259059851889832963239961      
   25.3360727838248724063689530481422684      
   31.0168617495844092337979692086419457      
   34.9794892647143955676064847390728676      
   34.7639305686883041811560020783245640      
   32.0985491204833474119745432187750694      
   26.5411022583055925868396621975473442      
   20.4449481828400741894718161816199444      
   14.0029590258369687740746033297295593      
   8.80303510334671074012310363114798271      
   4.65152547271111012652391960633546127      
   2.16171012233240910284894209437288198      
  0.605725609545323824377425787250670011      
   0.00000000000000000000000000000000000      
