   1039678.06102097934812323694460018465      
   841487.064727097443062112941562547420      
   595427.949921409896986055967955756268      
   529005.661552774340520380195066685684      
   446350.326490641325458468978443444463      
   347899.531804365357607510437143085845      
   273595.830472325801009176807956135058      
   201636.950050780364466282035137832871      
   146082.648869631025087177525822773458      
   101701.656274854545024362126055588057      
   68033.4115792139977209369496247814280      
   44735.0022863896218217246578203004256      
   28130.3325296877650392453648251854141      
   17764.0957239250971354773334281207719      
   10937.4211404999731044897561471655236      
   6881.97213069937168238226226746346249      
   4349.02281227177127765908090621303582      
   2754.54148020835786032739769441016069      
   1715.75344892447151766560742469820027      
   974.658440137423683692457305176184347      
   468.536057714483452049352530034682289      
   123.744894781747784294054131244581778      
  -71.3063552632002923793413993301267305      
  -152.957603049044581456770555374688168      
  -142.892484171524007107929178873245549      
  -89.8630119532276412411259106495656925      
  -7.89672987539915656835052514905938957      
   55.0303421962983491445697634190314083      
   107.810152237861915360111209348252515      
   121.948830977600090398073793566527600      
   121.026761344615663136333706341532164      
   97.2684085512249870900112104757506309      
   70.6834196839031339962717714293748258      
   44.6695850717130941425578164649515118      
   24.5190715049972882076916766504042125      
   16.5945019525147132291231076352637695      
   12.7747943773343578170415166161751865      
   19.5693241568124592371581899747392301      
   23.8732631096261841749828974576501286      
   32.1348176110450011592733355402433849      
   34.1198577315485620386409372445037285      
   35.4004253474792820703986460622743960      
   31.9000555932449272682508438182380364      
   26.5896546988679857241123016834796397      
   20.7119558613603803393685725052758441      
   13.6004789718369155796446319043733696      
   9.24183009671972944183032590467549835      
   4.10647205445905044574779659432656399      
   2.48472225351219834131397014467599744      
  0.241949371976031624162863822814359411      
   0.00000000000000000000000000000000000      
