   1042235.94561625976468138324113775751      
   840341.786902947663238888833632876076      
   595166.164167582516696331121553708760      
   529850.269284009616558165737338612260      
   445462.082578361005285248241556672005      
   348428.410971149101103229196132070883      
   273284.196444591202439503363030401083      
   201685.922808484035789496367310185574      
   146136.186513866735459417766454181978      
   101603.359827970856499381759578240057      
   68159.4906450644950325835341059428362      
   44663.2150794944777239544187729485222      
   28208.3950999545767069980913121025170      
   17735.8480719088309947099598449284763      
   10961.0001842106831603095747712523561      
   6871.09749875817202223913263104674652      
   4346.49552059713983333889882460627014      
   2746.19812997797043390229829225037079      
   1709.31179533959128254102757803688235      
   968.761729885888233032104119279796387      
   465.979106091640237812331405465586735      
   123.091384905010012149025407429457769      
  -71.2375683315228618768220865256017491      
  -149.138695175449274425171030983517465      
  -143.457175534246213388607753624514426      
  -84.8355101329869192336717309856168227      
  -10.4190846559704387922843641980032522      
   58.6470833147903267344357794111605115      
   104.320515723203839946308852802490273      
   123.491420127023018622032586228190557      
   118.333964664843723907970732064495147      
   97.3430465219355155994459805390899543      
   69.8033938259953347235208287989221439      
   44.0273833761048759485269990460613631      
   25.2568885993414201927402987398119709      
   15.6460805915908751830155322392569053      
   14.2126290211728489810498736793302962      
   18.5203462260831617396747127088206474      
   25.1121829715566287056804558551778770      
   31.2196378641080661861026940411128416      
   34.7097485632818281890200099093505762      
   34.8864043942879067546656545437137279      
   31.8463770793052466316627466532327833      
   26.6122858569378931840232219687358961      
   20.2671326168278913632259492046414254      
   14.0501242151454105014327172146371517      
   8.71161216208461753755616143955688823      
   4.68201316120304001975508851023165951      
   2.13206448536505493483435862053011467      
  0.618303926443350429412356974362635438      
   0.00000000000000000000000000000000000      
