   1042231.21788935042521637387720184955      
   840343.972947196267400038160665352613      
   595166.455075701855512211643758056515      
   529848.940245885427860273092038907752      
   445463.538270753163261904875745898597      
   348427.529682104440280849694747515538      
   273284.765490294044200147930967159305      
   201685.777903973268195020896738611406      
   146136.179915474778564827114790278129      
   101603.442671555510268078886650456629      
   68159.3519265292354441201935556129356      
   44663.2702319860293919198703369700056      
   28208.3108949944447911903245851883777      
   17735.8553957504673991057801980507323      
   10960.9875454008725683667196113163346      
   6871.09452927432554246905223574095242      
   4346.51562543954871363525067675378212      
   2746.20224513940114490984455049450118      
   1709.33115148512291260617665205445541      
   968.768956490464987085236268682754559      
   465.985154715973652787657865713760337      
   123.095146179328162102822522319229906      
  -71.2418384723353036640110636656587518      
  -149.138725908256471100915640543945524      
  -143.463895776619535529074161937963647      
  -84.8359093162995255223853636644094305      
  -10.4230459111361228039170515941386528      
   58.6485895425931672019947938372642328      
   104.319931104960699025909290957870217      
   123.494384010475342418820624848358633      
   118.334788954576329748834425964060290      
   97.3458222972953234724644990744998430      
   69.8037927823659068085388408197769760      
   44.0289923296178414206587236008895370      
   25.2564145140709697188195852969908005      
   15.6467079193062795779609966821058696      
   14.2118440681836054777596540328333390      
   18.5206865857182797703631770701896384      
   25.1117154705255637473479517120963326      
   31.2201379879890904177323039424895318      
   34.7097558249712544375970170855440165      
   34.8870501993274650996009397848397502      
   31.8466281799197345305148049167915220      
   26.6128481340651797594489526607703860      
   20.2673553077653442432886698692564472      
   14.0504521120569948659517540918283946      
   8.71170934733709234084276512311104740      
   4.68212412447804958859975843118262215      
   2.13208567908807156699726755991762495      
  0.618307818181642733085061385200199679      
   0.00000000000000000000000000000000000      
