   556449.026842360033525491414183418652      
   462613.737445909921183540905316054047      
   290479.150945341883141210918828600306      
   170377.466946126267451571198017261228      
   101435.150167314983614611733161808320      
   56623.7997891861128704372053772451042      
   29773.4702068503402345467616878249979      
   15154.9299895908087686581905551673029      
   7383.99560615254914785424665334911025      
   3541.35768371269025291455796415006658      
   1756.96164442311452296034057403203161      
   933.469755001750608206364591172255126      
   541.744280222811559242377845059825239      
   334.603527299432979490660391988787229      
   206.611019943383371247666154856727628      
   121.905653297503876496459038959784344      
   65.9253883802172392855756088037529010      
   31.2734923066529221339159595983608696      
   11.8509521056905896414008260175190085      
   2.67762396021463821099432389871299386      
   0.00000000000000000000000000000000000      
