   597958.438423941129010473192084521035      
   413724.949699396557802528127273375180      
   178280.582118375949945194058536502698      
   132033.437246895673070612352299064953      
   96839.0504199042835153310228825977331      
   47385.2614839404873352389810113954356      
   30580.6464554049355367184495273778079      
   14596.6570559781561103615096207553920      
   5928.92348270828180971234453395217242      
   3332.96606039133076559572562580957548      
   265.196649850823802312326465518778387      
   446.067037476885677714123791918718212      
   15.2566720027592534096127866316851267      
   27.2838347534593266481891403597671271      
   227.423742518973845735521240494211313      
   24.0107450609499796287851100270588482      
   164.198881582883406658340877933015175      
   37.6162151483135558932206335724023175      
   37.7089964347147893701129748272575713      
   44.7145733184623167278216430724847303      
   0.00000000000000000000000000000000000      
