  0.320673466319512067801658221169834011      
   4.91708741325009049535863724388732028      
   4.97012858226771165263801029427173558      
   5.02372722504005797510080190187341734      
   5.07788970197016223339216488066809907      
   5.13262243507272635811738723162988833      
   5.18793190872211718305252936082929421      
   5.24382467040826006624163612221466424      
   5.30030733150037353158042454553125394      
   5.35738656801849942051530589188361123      
   5.41506912141279355270555119182216213      
   5.47336179935055162430543873895334044      
   5.53227147651095407783601059473454424      
   5.59180509538752201129274401230921287      
   5.65196966709828390271851442351301297      
   5.71277227220366005673679674027061510      
   5.77422006153207827153421191541924299      
   5.83632025701334031904825906781646884      
   5.89908015251976446258520872874274766      
   5.96250711471513443907208996385789523      
   6.02660858391149013879490550862532819      
   6.09139207493379965202770711023440551      
   6.15686517799255644722151906584293135      
   6.22303555956434922326771415736773205      
   6.28991096328045546206583511839220533      
   6.35749921082351291852800874658094385      
   6.42580820283232624254571549996809353      
   6.49484591981486864929919759093782317      
   6.56462042306954105767071004464905458      
   6.63513985561475341625408419590922223      
   6.70641244312689504689252066813669896      
   6.77844649488676276971243416415507164      
   6.85125040473451734319244306094187754      
   6.92483265203324036870056517698710032      
   6.99920180264116528129557960696626167      
   7.07436650989265738637847502435054263      
   7.15033551558801911349145009854165589      
   7.22711765099219775169137032807638589      
   7.30472183784247391239671476082629317      
   7.38315708936520984169991641043454186      
   7.46243251130173748050027025956014896      
   7.54255730294346685255355424597463955      
   7.62354075817629595223074481670698515      
   7.70539226653440380955077888763426869      
   7.78812131426350883348682990311707919      
   7.87173748539367487893801426269675760      
   7.95625046282174775085787724642998667      
   8.04167002940350505332209308871031090      
   8.12800606905560241388422768124739085      
   8.21526856786739916617879264274025531      
   8.30346761522274655784249256092931567      
   8.39261340493182146760299790826493984      
   8.48271623637074043304439518477705716      
   8.57378651564316880486351716177936296      
   8.66583475672856634836132638335434365      
   8.75887158266455404921091971720274126      
   8.85290772672782002830955904322112016      
   8.94795403362795600107627421468657113      
   9.04402146071191227025449465270946832      
   9.14112107917915120130367051504221394      
   9.23926407530757845145266721933734280      
   9.33846175169033047665428527239090984      
   9.43872552848349602378282265299025861      
   9.54006694466484842703500362465210558      
   9.64249765930366456600679129609521884      
   9.74602945284170530661709803511705828      
   9.85067422838543113296658456586766445      
   9.95644401300952548629151760984114328      
   10.0633509590717970541848765046744379      
   10.1714073455395308967423176132314890      
   10.2806255793273568537840030084015950      
   10.3910181966467021460101168569864482      
   10.5025978643668934600895837808884506      
   10.6153773813879720901294109466565902      
   10.7293696800252838926501250745578765      
   10.8445878274059038956936624554159771      
   10.9610450268769533815531288292165927      
   11.0787546194271620086555260902526630      
   11.1977300851139221806623575542268371      
   11.3179850445154648130319565519322409      
   11.4395332601820177436049047145453267      
   11.5623886381056958084008259081717078      
   11.6865652292012596473521180078171070      
   11.8120772307991055263581673319576813      
   11.9389389881505235839729411000807460      
   12.0671649959452587629657480730346185      
   12.1967698998414053898614723203106177      
   12.3277684980076629140143065229905110      
   12.4601757426766719157520912642217814      
   12.5940067417173176781296013779355362      
   12.7292767602062535024097793583016543      
   12.8660012220251358893971788834841894      
   13.0041957114638517321133647468894926      
   13.1438759748363922368989535273592821      
   13.2850579221114467798169504333991035      
   13.4277576285531615820033106149486078      
   13.5719913363754561481169554988221044      
   13.7177754564085219602598578617137283      
   13.8651265697777068739141946144475566      
   14.0140614295947569788622408415871357      
   14.1645969626613751786560667934032409      
   14.3167502711850767406884848757192406      
   14.4705386345072887474703959544894673      
   14.6259795108435834361582012741533068      
   14.7830905390360757428973892031289839      
   14.9418895403178594265017865469526152      
   15.1023945200894184710012385698132198      
   15.2646236697069989419816252006351552      
   15.4285953682824351200908053764906961      
   15.5943281844953533091726039828420204      
   15.7618408784162872877302256751378055      
   15.9311524033415943843723541577627701      
   16.1022819076396418415002036356814303      
   16.2752487366081898642442294433380810      
   16.4500724343428208573110636300292279      
   16.6267727456162533071802769688381484      
   16.8053696177683670591720972092139923      
   16.9858832026067517185118648107421854      
   17.1683338583175946901597800644196600      
   17.3527421513867016692932803418688119      
   17.5391288585304421179570017304118240      
   17.7275149686360756500351162071208482      
   17.9179216847118955384080972669897349      
   18.1103704258467036243366549863281505      
   18.3048828291769433425666615898433369      
   18.5014807518638655284330804242688280      
   18.7001862730781903320612712803645593      
   18.9010216959928058189530314015920220      
   19.1040095497829006875299183067958687      
   19.3091725916335543647168194553165604      
   19.5165338087540193149767009062507419      
   19.7261164203982783652143562614470787      
   19.9379438798919052960111123298733095      
   20.1520398766641221743079014996529102      
   20.3684283382850842136897367969616702      
   20.5871334325076929220726728805834910      
   20.8081795693135051363009359275931132      
   21.0315914029618948328365031977165090      
   21.2573938340426377490668903591109516      
   21.4856120115303955243788414786524076      
   21.7162713348409546850572420357200901      
   21.9493974558888691485018750738609613      
   22.1850162811451453891167067984263194      
   22.4231539736946021434531332751779643      
   22.6638369552925696616411242708902500      
   22.9070919084192467142907451794976182      
   23.1529457783315429208946481911125725      
   23.4014257751117200109965307565801131      
   23.6525593757113107493718668579205766      
   23.9063743259898961594260684083020901      
   24.1628986427476529526987648470081257      
   24.4221606157505473975115659076294245      
   24.6841888097473232686443089118179829      
   24.9490120664773811282345313928116683      
   25.2166595066674490323821240790112418      
   25.4871605320172779112065059631760328      
   25.7605448271727315335462680274847792      
   26.0368423616832635043688476139669808      
   26.3160833919456710729652216037796251      
   26.5982984631299661585564123736430515      
   26.8835184110872995233976606282608433      
   27.1717743642380486794362859413902514      
   27.4630977454388737917514259511142662      
   27.7575202738263675422223786593100354      
   28.0550739666365386328577990004070470      
   28.3557911409981033094470897533376177      
   28.6597044156973014299376043757719702      
   28.9668467129130458679515103883403728      
   29.2772512599200030316216012279826320      
   29.5909515907579038607439895304220399      
   29.9079815478647565735142803123819766      
   30.2283752836720444075597871834553655      
   30.5521672621591723167817497775836223      
   30.8793922603655814267207074211419744      
   31.2100853698566550801376650654032487      
   31.5442819981442141568100696989064853      
   31.8820178700538615411390832627806941      
   32.2233290290407302374390392321565337      
   32.5682518384496255475014504602307722      
   32.9168229827155683605380134616978591      
   33.2690794685033308242303027652505208      
   33.6250586257811615527452042205530456      
   33.9847981088271644123164574349280612      
   34.3483358971635627583719280803835846      
   34.7157102964160803637821629998899364      
   35.0869599390945730710044388029312284      
   35.4621237852914765999637899893248910      
   35.8412411232934710724521075773523114      
   36.2243515701034238746704752348517907      
   36.6114950718674221513655523648274215      
   37.0027119042031778008552836432127960      
   37.3980426724253227421135227688394287      
   37.7975283116627171119424975152931249      
   38.2012100868634820262444729319537556      
   38.6091295926824279637758834713439526      
   39.0213287532462674282605165525032786      
   39.4378498217908571608605176550721631      
   39.8587353801657086846127641655982619      
   40.2840283382001198253108766419134216      
   40.7137719329249289634179165642764090      
   41.1480097276444353168107084219119609      
   41.5867856108524454731030906508206766      
   42.0301437949862170099908340696039330      
   42.4781288150122476356351512790878976      
   42.9307855268373813686124077652362257      
   43.3881591055387392228875854931328220      
   43.8502950434051934090582259627220987      
   44.3172391477853430824709496533058884      
   44.7890375387332596028086211193415378      
   45.2657366464449096751491115185567711      
   45.7473832084800319298487122733394432      
   46.2340242667604719624314725871409241      
   46.7257071643382440267128473331908119      
   47.2224795419261105010888273975291790      
   47.7243893341825652790365019257003224      
   48.2314847657451014716476422145128591      
   48.7438143470029816051069588647969003      
   49.2614268696015914832928685983536499      
   49.7843714016725916044846721509307466      
   50.3126972827807754004087402495661190      
   50.8464541185802609382328882112392807      
   51.3856917751729465075958948058923523      
   51.9304603731610410033644758496869241      
   52.4808102813863498938297713997034380      
   53.0367921103483426526118858224777927      
   53.5984567052946830948963189140210798      
   54.1658551389736989358310463762124506      
   54.7390387040450828024373965070174393      
   55.3180589051368727114414988777933477      
   55.9029674505438862176274214269215981      
   56.4938162435580768186114136228526706      
   57.0906573734230106059533380846414993      
   57.6935431059031499394364875778026762      
   58.3025258734609056855277558647753531      
   58.9176582650294155008210988272256017      
   59.5389930153733797854973073735043640      
   60.1665829940271125077611700901535991      
   60.8004811937979922842868656985108810      
   61.4407407188230107871622416910271157      
   62.0874147721667144993863281242001617      
   62.7405566429451114426876394502665065      
   63.4002196929603670610438326074476089      
   64.0664573428293637569600419413462360      
   64.7393230575868392777202003570790251      
   65.4188703317443008430254131997179046      
   66.1051526737791713403020613939440708      
   66.7982235900323942814443792460523886      
   67.4981365679854859931466908075620414      
   68.2049450588878743395177258360615125      
   68.9187024597015720698055224959512530      
   69.6394620943286978593546707073470965      
   70.3672771940819668687204150079974593      
   71.1022008773577231377720227922618515      
   71.8442861284655654856422367700812598      
   72.5935857755674282877083993899940593      
   73.3501524676734185414321671158895753      
   74.1140386506401779507628732281102847      
   74.8852965421140086471163128184538095      
   75.6639781053569521930669984936149754      
   76.4501350218916650650772071377016995      
   77.2438186628995173517454562110343172      
   78.0450800593016300413840173278673246      
   78.8539698704537874669381215705880037      
   79.6705383513806020548749051584925694      
   80.4948353184790556251520650252553329      
   81.3269101136160758442414237515685451      
   82.1668115665485212404576863125926722      
   83.0145879555956322278767512585736393      
   83.8702869664936996630438204005753682      
   84.7339556493699544872471324651764561      
   85.6056403737735481346775567760072349      
   86.4853867817099325105263336360511229      
   87.3732397386297721743583019040587546      
   88.2692432823334258010608856179836061      
   89.1734405697600789938111714191905267      
   90.0858738216417579870514729749168267      
   91.0065842650152101514940924844441829      
   91.9356120735965714698560349860778811      
   92.8729963060397286923925736688088689      
   93.8187748421139180598416156265248002      
   94.7729843168535141949636274777875739      
   95.7356600527503685067157217112371420      
   96.7068359900775756775569334492684013      
   97.6865446154527258739992314708424228      
   98.6748168887676788787835982189843031      
   99.6716821686316914417913480738231996      
   100.677168136493782777024696428362231      
   101.691300719628601804291015478652218      
   102.714104013188336417835814711666204      
   103.745600201539127700871355680092017      
   104.785809479115549732816225668120292      
   105.834749971039705230721267395369536      
   106.892437653761376633667841948102903      
   107.958886275984080024782114763635494      
   109.034107280145680940171815036570088      
   110.118109724724184896337360936816862      
   111.210900207636262971087848527968623      
   112.312482790990479629315971897626023      
   113.422858927446645569699641513629088      
   114.542027388419122201945444271126508      
