   122.759419999999999999999999999999999      
   122.757314298952833414639899628788473      
   122.757257391531543437442178911151650      
   122.757198946164208254734936253522361      
   122.757138921287214820149981825912894      
   122.757077274213676657244155507855825      
   122.757013961103076941362667454397205      
   122.756948936930091173528670123596940      
   122.756882155452567274502208806829333      
   122.756813569178640327948311063757240      
   122.756743129332958586256875282925529      
   122.756670785821996720528563217401347      
   122.756596487198431647131621691367363      
   122.756520180624555596582838562904634      
   122.756441811834700405837585921655906      
   122.756361325096646311902215343592784      
   122.756278663171987802506882985955560      
   122.756193767275428337884619150795377      
   122.756106577032974995965660810478345      
   122.756017030439003310973024873250792      
   122.755925063812161771939663096971827      
   122.755830611750084622487919333842130      
   122.755733607082880755731577037965725      
   122.755633980825365627776851225093971      
   122.755531662128002219392267974924419      
   122.755426578226516157352781659599915      
   122.755318654390149164087820746758728      
   122.755207813868514035905698170229920      
   122.755093977837013355539321475335395      
   122.754977065340783123353129762335039      
   122.754856993237121442542293377628659      
   122.754733676136361316296432253612878      
   122.754607026341145508425272574552361      
   122.754476953784060282565895869394259      
   122.754343365963583668002400959611741      
   122.754206167878302701498918401434597      
   122.754065261959352863523579619512311      
   122.753920548001031662948802583413560      
   122.753771923089537025853007091159567      
   122.753619281529779810497211266665463      
   122.753462514770218400958527149729264      
   122.753301511325661925297377856018636      
   122.753136156697987199515989851332447      
   122.752966333294713014905025728212576      
   122.752791920345373862618005370465152      
   122.752612793815633624375791641790403      
   122.752428826319078150972980437378145      
   122.752239887026623999591546940470541      
   122.752045841573478905650683388573542      
   122.751846551963587823829817239505804      
   122.751641876471496584756139136038878      
   122.751431669541563377376951898656457      
   122.751215781684446380934762592119628      
   122.750994059370793933387971665342512      
   122.750766344922061633694709021497205      
   122.750532476398378732187040361569772      
   122.750292287483384064854396814569861      
   122.750045607365949632236376784611832      
   122.749792260618707710263411434221609      
   122.749532067073295107205134943828345      
   122.749264841692225846274079249886686      
   122.748990394437301155726253294946282      
   122.748708530134463185795132460498828      
   122.748419048334996342740356334268288      
   122.748121743172977532888466438159820      
   122.747816403218873941943157733721999      
   122.747502811329184235149696314715971      
   122.747180744492016250164029231724035      
   122.746849973668491364700684697291137      
   122.746510263629862753159758087687305      
   122.746161372790231698351488082515023      
   122.745803053034742993979494687893397      
   122.745435049543137258484441789306381      
   122.745057100608534678902301393277152      
   122.744668937451321312207344079380771      
   122.744270284028005588777808828475259      
   122.743860856834909085665087894490209      
   122.743440364706551963721434059190390      
   122.743008508608589689734147497479873      
   122.742564981425153789842812466746023      
   122.742109467740445400924802729397521      
   122.741641643614426299492859691904373      
   122.741161176352447890050484787581398      
   122.740667724268654323811042131245472      
   122.740160936442991491139028925977415      
   122.739640452471649083868274746097855      
   122.739105902210758253558117959829525      
   122.738556905513162595443725858789339      
   122.737993071958075261909766715099186      
   122.737414000573429950264518014844268      
   122.736819279550728313816444148703208      
   122.736208485952181009062306552523524      
   122.735581185409934111390128698152740      
   122.734936931817167003184419073105295      
   122.734275267010842057592219956575883      
   122.733595720445880504355885403890983      
   122.732897808860532766819986312626442      
   122.732181035932705297139280100514366      
   122.731444891926999505398968494083823      
   122.730688853332211773233848122877635      
   122.729912382489036758902179184350618      
   122.729114927207709233808956299836836      
   122.728295920375312535227185749999424      
   122.727454779552474371346278040142650      
   122.726590906559163167557759549722368      
   122.725703687049290391702962598139694      
   122.724792490073816335342888803460116      
   122.723856667632048652305803699866234      
   122.722895554210814559009061157945214      
   122.721908466311178977366791707730855      
   122.720894701962372044351657861953704      
   122.719853540222580316178380082868527      
   122.718784240666246653150447679368919      
   122.717686042857514176815808400985231      
   122.716558165809439837389293165021432      
   122.715399807428593009411595920304301      
   122.714210143944644140129930784320162      
   122.712988329324537800712668847112044      
   122.711733494670833527558200471086932      
   122.710444747603786581830707639314280      
   122.709121171626729191945499735788325      
   122.707761825474300967810708431279674      
   122.706365742443064978764856914801553      
   122.704931929704033460657273722330093      
   122.703459367596614252492255961378752      
   122.701947008903475850349295688464799      
   122.700393778105815396504305883809134      
   122.698798570618499985160420461077637      
   122.697160252004537353040597116825947      
   122.695477657168317323119074882571224      
   122.693749589527050272520794840276776      
   122.691974820159813390360725627878100      
   122.690152086933599567002031037583947      
   122.688280093605747401558562439784743      
   122.686357508902114017822588959491568      
   122.684382965570335128218004881340095      
   122.682355059407499068594670118034830      
   122.680272348261543331091696773549896      
   122.678133351005663434966541399477427      
   122.675936546485004782923142301372165      
   122.673680372434888439427342399148391      
   122.671363224369801523753886929744430      
   122.668983454442362119669977357257522      
   122.666539370271447250940225239353661      
   122.664029233738650542051826123469251      
   122.661451259752213661111425165136761      
   122.658803614977552510739561398261032      
   122.656084416533475376534981260681030      
   122.653291730653165844405167086852972      
   122.650423571308978240410219540904554      
   122.647477898800067611924935656096844      
   122.644452618301849838587119480739226      
   122.641345578376260316872830335008755      
   122.638154569441751783917424355700447      
   122.634877322201943214559190217779153      
   122.631511506031802320158634314563759      
   122.628054727320213977629271528507084      
   122.624504527767755900828213474049507      
   122.620858382638471011939582975776778      
   122.617113698964393255087379437970913      
   122.613267813701549994871214121451845      
   122.609317991836129634933902753030198      
   122.605261424439467651504064463782926      
   122.601095226670467838906241596323837      
   122.596816435724038182411103477432872      
   122.592422008724082381924968226300138      
   122.587908820559548620588664490860062      
   122.583273661661996677330292865401523      
   122.578513235723102892996565593498231      
   122.573624157350479786296651802884139      
   122.568602949660143248055067215244724      
   122.563446041803915188989437921217774      
   122.558149766430003245365150318223764      
   122.552710357074951625526298398135791      
   122.547123945485108374665990800360978      
   122.541386558865704210570696406927551      
   122.535494117055586603806596267953132      
   122.529442429625599905301223374886403      
   122.523227192898548024911971789650178      
   122.516843986888620397749175234276933      
   122.510288272158104701076634289304144      
   122.503555386589150962816158724207732      
   122.496640542068291291203575451663855      
   122.489538821081357411019913326274614      
   122.482245173216374470930233131178338      
   122.474754411571944143488505583218249      
   122.467061209068562827770068210008152      
   122.459160094660251736575767820831504      
   122.451045449443804756624419935644781      
   122.442711502662887160696527340712407      
   122.434152327604143473533617136147704      
   122.425361837382395995256059726321137      
   122.416333780611936612522647219547249      
   122.407061736960833522526358473165895      
   122.397539112585091300595562731329957      
   122.387759135439417299484498556843746      
   122.377714850461259616628365960232585      
   122.367399114624691742301803293633602      
   122.356804591860626442663382721344696      
   122.345923747839746371269446241299005      
   122.334748844614441273195606202682520      
   122.323271935115941377984052740375560      
   122.311484857502733599933588015729932      
   122.299379229356241403534116504654557      
   122.286946441719640572906085263468446      
   122.274177652975571569693374839195724      
   122.261063782558394594643107406875798      
   122.247595504496515802611493958295278      
   122.233763240780192275282987979594359      
   122.219557154550099244541012960458127      
   122.204967143101815593920195820109238      
   122.189982830701252755254857141093451      
   122.174593561205917669419185605816022      
   122.158788390486762398317769831708899      
   122.142556078645231161833699760405729      
   122.125885082019969927424184686583627      
   122.108763544977514097893927090262188      
   122.091179291481116218198501340716670      
   122.073119816431717845683024726400818      
   122.054572276774907687742241783258459      
   122.035523482367541691261200493359276      
   122.015959886597529851011121705597318      
   121.995867576750118967884539450736886      
   121.975232264113820307624115829583367      
   121.954039273818945958323838236540343      
   121.932273534401527528787874744482382      
   121.909919567085195534591000168398091      
   121.886961474773397245510364643591010      
   121.863382930744124774253193439703420      
   121.839167167039113625595659400115400      
   121.814296962539254646722500278403122      
   121.788754630717739169196774444790985      
   121.762522007062227951900355623598905      
   121.735580436157099159485483899313086      
   121.707910758416588874978361527171690      
   121.679493296459389376266137164610024      
   121.650307841115015427721418531200998      
   121.620333637051986968844917946439466      
   121.589549368017607635307711090587802      
   121.557933141678842332887699210255382      
   121.525462474053513405089093777053642      
   121.492114273520743588969345011095312      
   121.457864824399274733683068308818859      
   121.422689770081983949695898821913524      
   121.386564095714603244980767108552496      
   121.349462110406324563336593444914633      
   121.311357428959639238750796107962479      
   121.272222953106418981718515506656854      
   121.232030852236894375491190846327424      
   121.190752543607826232642200929889705      
   121.148358672015794788646215939636161      
   121.104819088921151325979247738229967      
   121.060102831007786159047390034413677      
   121.014178098163465689222502264126868      
   120.967012230865079175072972161488958      
   120.918571686952712662486402889250187      
   120.868822017776032881828276740205876      
   120.817727843696017535472439686998200      
   120.765252828924609951528332588259548      
   120.711359655684405242349827380512116      
   120.656009997669991544603875647900222      
   120.599164492792073287417391209493564      
   120.540782715184993383227643494568648      
   120.480823146457747399709871977094412      
   120.419243146168044778017989980108479      
   120.355998921498419629954559193876767      
   120.291045496112826181649314936917992      
   120.224336678171571130316800121760318      
   120.155825027481836629222290429964103      
   120.085461821760432888449360313472526      
   120.013197021984788038266662903215689      
   119.938979236807534498855716666856693      
   119.862755686009385173771780195888627      
   119.784472162964308861190536163600860      
   119.704072996090311870370003579055388      
   119.621501009258411441311099561200617      
   119.536697481131645680313127471739260      
   119.449602103405203816109196043159770      
   119.360152937917979109408967409285601      
   119.268286372605044157225937784649544      
   119.173937076259724051558153090760502      
   119.077037952073096293634164531057958      
   118.977520089917876927997407291082384      
   118.875312717342759426879132852217036      
   118.770343149242355789589749746838986      
   118.662536736166947471866659652702675      
   118.551816811235286456453873187499196      
   118.438104635612693330753707120468511      
   118.321319342515678943691750166717366      
   118.201377879703268346387855922836999      
   118.078194950414129534633764080233736      
   117.951682952707504240208470013932304      
   117.821751917164802876698613871246683      
   117.688309442907559926473470964289772      
   117.551260631886248729716609897322877      
   117.410508021393224952456844352384018      
   117.265951514751805093875992092076710      
   117.117488310132189345672877082222386      
   116.965012827443606015532421396974560      
   116.808416633250686625457806157958846      
