   3.71438545860944151337809772152896571E-0003
   3.70152215260459639479011851255813876E-0003
   3.91134491122911399401921917703717184E-0003
   4.23495425181539231001204867734107695E-0003
   4.59957706561754331820830584902782817E-0003
   4.97262234619765814690194937520926575E-0003
   5.34151352796528292557533130050435346E-0003
   5.70190616859709484630149064975022845E-0003
   6.05270680634651430278746947638692895E-0003
   6.39408248730916595887569910234474452E-0003
   6.72665817951530145199299865447017940E-0003
   7.05118832530294797356662167394960921E-0003
   7.36842333642255255190165955209983144E-0003
   7.67905851543880147618731889322352722E-0003
   7.98371832773418577677182492559541424E-0003
   8.28295566631970677603541100811728072E-0003
   8.57725710189939545485185817908733000E-0003
   8.86705010184412345285643304630159310E-0003
