   601694.682391613450402160109623049243      
   505533.192626299130008726186643540099      
   315944.503738174906503732129126749950      
   173900.401814195843732144917563464746      
   100008.535179536563884672891392148980      
   57984.2294193499825548624964353345971      
   30178.3871553416478729507465111566074      
   14336.7127441581946677733943845318906      
   6921.45787812451180720577334471768901      
   3139.35015096209979323846354461860718      
   1323.94362657955311455426567876161877      
   629.871626532315277037415401630385563      
   339.235912441402640244609271781829069      
   200.281969458588659745212834113955510      
   123.400621737627574224980804020343003      
   81.8539218139752173259289563718670137      
   40.4581343378473693773547008487743009      
   23.8195692297349213806497500557955062      
   7.02167489588657851710973775482711121      
  0.389711798429972642378239400634684779      
   0.00000000000000000000000000000000000      
