   597054.294905780991538449157943793763      
   505273.684259950401479818856467169778      
   318057.324221891593542901311761495591      
   173383.489484345613839263338783621476      
   99590.1846778874907530515521551520763      
   58204.7574283868078502215815770105899      
   30202.5254301304207599177149023389205      
   14347.2052817864949561124893829904265      
   6840.66836146941495682344950393953983      
   3200.98118420755459783530698803964579      
   1334.56710901730443202127619292258641      
   588.455820787733843953654893720012110      
   373.546514222519060224950721985596155      
   195.146818517740993628501824537662050      
   115.350199996135478617777204833288160      
   95.2249167390394130161085766300872348      
   37.8424333460662835874266015089479319      
   21.3953623870086636921059493391077429      
   16.5314181172879490704533520238475297      
  -1.97514297188922701220274622762128906      
   0.00000000000000000000000000000000000      
