   627.415037956672517737952183671108074      
   564.695574160421095794347019660772402      
   427.104589463871455056053117672268095      
   295.751327745458896365329842846970676      
   196.043278504014503384457360941987685      
   120.153011338507639670582233846722840      
   68.2707358339290432525203428441111895      
   39.1145220512911745245219417784801137      
   22.6600123432752381666492018175789299      
   12.9651938576170074601761678013562678      
   8.04164196802584830094861453690048190      
   5.23951195274453511109055824352536803      
   3.21398331554045486281350154471402081      
   2.05632543803528150145984495602351282      
   1.17989356693789395977244818418956656      
  0.565016888715147876476593889218449297      
  0.283785327046731489256500241889034874      
  0.119939319357801172013027841332530257      
  -2.08202228134984344057172842423539592E-0002
   0.00000000000000000000000000000000000      
   0.00000000000000000000000000000000000      
