   596953.822729586481895407314538253649      
   505287.873128879202424965598445288785      
   318119.948589134249146599451240083411      
   173351.840604739809414046407420111729      
   99584.2826800452551336237306897077435      
   58227.8036525626426922561792589466653      
   30193.0697576004924785677593629357892      
   14352.7141827927303610683330630203757      
   6846.50901509240344348402456450505460      
   3197.42137943519963638783488103075126      
   1343.38809241096761151858875519908015      
   588.772189772968148533918589375726057      
   373.864217334264943728185568140301615      
   202.833337527719037914825330434378591      
   114.218193397367161483927743456334585      
   98.3062094292839113999300200395013895      
   43.3180192048444859943802157009822466      
   20.7845933995486762151976435548637658      
   20.3337376269467015085965794761551445      
   2.81352791984284739208604185687632370      
   0.00000000000000000000000000000000000      
