   594887.680019584692184749155669235617      
   501028.253186262753997978628352571849      
   322556.920737144914743942578188820075      
   174725.994375127221139794664361576556      
   96881.3004866793760464669280788864045      
   58481.4742679926072359946590827644732      
   31491.0066904656000502867711427365706      
   13772.9337358373636798520897772192202      
   6615.81045526696284083554111051732694      
   3614.53428413510893080170255171654897      
   1346.46882622997524715918257836292568      
   477.069486260954242946302545870358237      
   504.041824338433947406773599235751356      
   288.789443953610300507545095820013356      
   73.5034409806787980707357141828904063      
   160.330203005150232129354795865814305      
   130.259969775688740003386111762391440      
   23.5199581576918398390603368755087565      
   33.7262829623465292481401372348952734      
   117.769480962598566890978188983561786      
   0.00000000000000000000000000000000000      
