   529596.863925509489223652998487279255      
   452292.250292656512089331540870823383      
   298108.021807271731147346648103011116      
   173335.618995671110621817090218954145      
   100350.595852240164146193073973957242      
   57081.8735878062819552155716724030767      
   30021.5979672748728622048628791084683      
   14924.2294077922291453289850823371877      
   7358.26807339471870426868140510063727      
   3569.97503545784804269861024845984089      
   1777.56787650126737573570531013096852      
   985.667029766519642911002424457609521      
   587.621072521060455084969592499941371      
   365.384785970117314097869711131604635      
   230.296189356218067627007586246276172      
   133.850086938300465937749886598020127      
   70.9308469022779766529974924522389810      
   34.3400275516411979047066646448579994      
   12.4238666323218204502838452976457436      
   2.19368107556030483737702687418417385      
   0.00000000000000000000000000000000000      
