   1.66350808827022809343771893081350439E-0002
   1.02626358601364547519152141710856790      
   1.04010767253112647933241909975770765      
   1.05413655132147097205346371598347874      
   1.06835278297255171913437434306374318      
   1.08275896077474477310672863131178624      
   1.09735771119965310716123172852903578      
   1.11215169438413841622066763749115962      
   1.12714360461975490514113422569757855      
   1.14233617084767915872889785156439197      
   1.15773215715923046746600626252400487      
   1.17333436330207626848908434760233482      
   1.18914562519221765506276306945759526      
   1.20516881543185021080848521428632807      
   1.22140684383319573827978504875349162      
   1.23786265794840077584950854484588846      
   1.25453924360559813279822874874832950      
   1.27143962545122802026888197705429013      
   1.28856686749871571550322659855660856      
   1.30592407368360306846124961197418860      
   1.32351438842523154336336068164923652      
   1.34134099719507488257441168852260018      
   1.35940712709181988614125391815937734      
   1.37771604742329421666912411254931526      
   1.39627107029534056545017479708649576      
   1.41507555120773695112789223400297118      
   1.43413288965726336590255906144121278      
   1.45344652974801543549199441127678535      
   1.47301996080906621682956727909682346      
   1.49285671801957772081322204449518250      
   1.51296038304146421526609200872474335      
   1.53333458465970983452082547527319668      
   1.55398299943044349553764658912049152      
   1.57490935233687459499434038438499937      
   1.59611741745319343608320141487146132      
   1.61761101861654080649869239485375069      
   1.63939403010715159893754281308087955      
   1.66147037733677783094429119853611928      
   1.68384403754549688065472919763033212      
   1.70651904050701120740036689710493860      
   1.72949946924254626966830520764316936      
   1.75278946074345378593836388185322575      
   1.77639320670262790476237929343209048      
   1.80031495425484225736979495625900790      
   1.82455900672611625727952112760086393      
   1.84912972439221938500767124869213963      
   1.87403152524642255005549899928619439      
   1.89926888577660595494395397318322587      
   1.92484634175183319506113714197250137      
   1.95076848901850161136140904333817261      
   1.97703998430617916827560901738547591      
   2.00366554604323835425375373618851859      
   2.03064995518239779477050551814067508      
   2.05799805603628242489444530684663608      
   2.08571475712311318807397591267515582      
   2.11380503202263730694455437552168507      
   2.14227392024241020792794083468099414      
   2.17112652809454017083887425331157499      
   2.20036802958300671724386713471460325      
   2.23000366730166363859309963697803591      
   2.26003875334303739396833283174368297      
   2.29047867021803481238092320955686920      
   2.32132887178664968320570069325617806      
   2.35259488419982993874020166741042140      
   2.38428230685254544134825897795705995      
   2.41639681334821760475861138563303259      
   2.44894415247459822489983256298374390      
   2.48193014919121173179946720682797365      
   2.51536070562845007393180337730129985      
   2.54924180209846073916946090112273598      
   2.58357949811793289723650701871252945      
   2.61837993344278425227626415469990559      
   2.65364932911502527504402385175019702      
   2.68939398852176704137110032783032956      
   2.72562029846652921274525887022209500      
   2.76233473025290888110474204015117053      
   2.79954384078079074941622301081124716      
   2.83725427365507046818244452096826416      
   2.87547276030709791819558585766196081      
   2.91420612112886482871131780030082332      
   2.95346126662004780553774371195114181      
   2.99324519854800224987214580230854596      
   3.03356501112077130152240992330803168      
   3.07442789217320838498141384605356889      
   3.11584112436627986646581307284255479      
   3.15781208639963477409226241772934288      
   3.20034825423750470692090038896900276      
   3.24345720234800704937531458428897975      
   3.28714660495591472076339246596248613      
   3.33142423730895546733385953073910620      
   3.37629797695769265328124192250036000      
   3.42177580504904577194470292272600681      
   3.46786580763349292370247499248240262      
   3.51457617698599941662683011816039613      
   3.56191521294070838649810723243555072      
   3.60989132423942636475818512629168361      
   3.65851302989392407402539035129126933      
   3.70778896056207634985764421795669126      
   3.75772785993784916569417197256475258      
   3.80833858615513970693295971545772472      
   3.85963011320546609263124810595352057      
   3.91161153236949481502234329658037893      
   3.96429205366238782948617993380474922      
   4.01768100729294725561145179678148735      
   4.07178784513649847116231057803396530      
   4.12662214222149462767213036014054871      
   4.18219359822976233182386549788429512      
   4.23851203901032890605076196976370805      
   4.29558741810675002881609651889593922      
   4.35342981829784895250242793787006148      
   4.41204945315173713339831012005558827      
   4.47145666859308158834753164886541472      
   4.53166194448332765768751735386182986      
   4.59267589621395004601940921530976791      
   4.65450927631234112918582839109592746      
   4.71717297606032733865658876990327899      
   4.78067802712506224496381298734185989      
   4.84503560320206464049805252345064762      
   4.91025702167018086807104032418713996      
   4.97635374525825329837447749497950717      
   5.04333738372318981114350165455055153      
   5.11121969553914940045449881589402276      
   5.18001258959754619365089918610463990      
   5.24972812691750643607080721529546744      
   5.32037852236645064055562603591932020      
   5.39197614639038186297125544666678337      
   5.46453352675349510290488775707503289      
   5.53806335028664362384292247496478530      
   5.61257846464419596163262822493284149      
   5.68809188006879270724550877060501248      
   5.76461677116346231819122570574232037      
   5.84216647867052364123223848983855688      
   5.92075451125668275434913100792978848      
   6.00039454730368114441466648644962740      
   6.08110043670382068443103840616956797      
   6.16288620265964562820437168790038147      
   6.24576604348703216010936887885568444      
   6.32975433442088293736718963860289805      
   6.41486562942256422728132169041927511      
   6.50111466298822266660101131675286750      
   6.58851635195701578804086484048826751      
   6.67708579731828641388705707644586721      
   6.76683828601658680907152883359821874      
   6.85778929275352868823810809330774899      
   6.94995448178522233240005220559362123      
   7.04334970871413044781636246490788345      
   7.13799102227403574599228196606805197      
   7.23389466610678821945437745793688453      
   7.33107708052938863228104097607455013      
   7.42955490428995769959815999636260537      
   7.52934497631099256363878203643570930      
   7.63046433741829088152847003027440309      
   7.73293023205383011064814133956563833      
   7.83676010997077736211428846009761039      
   7.94197162790875442259317116473736416      
   8.04858265124737407956195802331922114      
   8.15661125563597584921041772396113014      
   8.26607572859737928482525358135841874      
   8.37699457110338701565351463664835101      
   8.48938649911965188554269846835469938      
   8.60327044511741221593706954210923984      
   8.71866555954949622022598976930707959      
   8.83559121228784426601027781425061555      
   8.95406699401971988899788984823503452      
   9.07411271759959987145030763101714584      
   9.19574841935364238572684185293607896      
   9.31899436033344841424567675136097396      
   9.44387102751571298610495626064663873      
   9.57039913494419448667841080426993849      
   9.69859962481029043170354465177796463      
   9.82849366846829773275892902946702069      
   9.96010266738131259472731850874551630      
   10.0934482539934978231629005341380434      
   10.2285522925243050548045455247572529      
   10.3654368796799919701518700770364164      
   10.5041243452776111432340807372139991      
   10.6446372527764188491287552840291044      
   10.7869983997114405917328331345538694      
   10.9312308180236967125363300411964170      
   11.0773577742813711892761943661500091      
   11.2254027697859465271958885194749507      
   11.3753895405571219848518214361038609      
   11.5273420571900278128419468115742865      
   11.6812845245780344148663438063539363      
   11.8372413814941744710036394470694316      
   11.9952373000239444165079710614245392      
   12.1552971848419546426139617936552139      
   12.3174461723246965906894225797904862      
   12.4817096294913400723051570747756372      
   12.6481131527643051446242797557639722      
   12.8166825665410253635295513587633551      
   12.9874439215681063754597086764840204      
   13.1604234931088428073553621388602670      
   13.3356477788948239993008571286420270      
   13.5131434968521473269047825365029625      
   13.6929375825925883677326410933459045      
   13.8750571866598693718012292810562545      
   14.0595296715210778794245528198367379      
   14.2463826082931099677292075586290339      
   14.4356437731939815808475023110912201      
   14.6273411437087399386172578379994550      
   14.8215028944597394838181450208395349      
   15.0181573927709984604295008319625426      
   15.2173331939164335069969533339813335      
   15.4190590360418169290568511659750330      
   15.6233638347504020779636034289243337      
   15.8302766773422724332126682198205230      
   16.0398268166976116942877381435086058      
   16.2520436647942022566340239266508735      
   16.4669567858495997211251195268623148      
   16.6845958890785294765740157687756237      
   16.9049908210561027206613773035040243      
   17.1281715576774528279208065435288100      
   17.3541681957043121124636298054934619      
   17.5830109438888474561530272835770750      
   17.8147301136647400420353444357741489      
   18.0493561093950219214022718550330405      
   18.2869194181654076163276132767402025      
   18.5274505991110293999424519758128832      
   18.7709802722631873341486475140877348      
   19.0175391069012807308644555889276900      
   19.2671578093932331172632076820174738      
   19.5198671105055326926410409051131244      
   19.7756977521614742930286766875742100      
   20.0346804736231512277673318469860165      
   20.2968459970694709955506793774799796      
   20.5622250125386282628095552301033687      
   20.8308481621993437620507650768571465      
   21.1027460239106660413014771150348978      
   21.3779490940252945507207844408742204      
   21.6564877693863024642586681417601527      
   21.9383923284618972774782702434473156      
   22.2236929115574825183466920052643839      
   22.5124195000390114809154002472919188      
   22.8046018944964996834165169024454914      
   23.1002696917717385177559201488888068      
   23.3994522607699552243614829842612644      
   23.7021787169715735104440965803642666      
   24.0084778955574581200450398919061321      
   24.3183783230594011225744935940821117      
   24.6319081874472614971863571925337392      
   24.9490953065653430924606133229561154      
   25.2699670948334740190182593999551005      
   25.5945505281330388515371802887652321      
   25.9228721068050993483121794192887177      
   26.2549578166967839718381339107577971      
   26.5908330882035409958158591083492812      
   26.9305227532686125705425077706309988      
   27.2740510003171978752205414444682625      
   27.6214413271212511265084551891476407      
   27.9727164916114450197554439024667485      
   28.3278984606754372519777784700639377      
   28.6870083570058165308728399273534786      
   29.0500664040866425333574799257248289      
   29.4170918694338389810126282518302747      
   29.7881030062312896827277916250927641      
   30.1631169935306872196083735780191670      
   30.5421498752082591574957978848928166      
   30.9252164978946895942258226715236248      
   31.3123304481150063545018401790123871      
   31.7035039888921355122472833443020710      
   32.0987479960803313296622387960939830      
   32.4980718947020603048217757982740253      
   32.9014835955633904005862223831413895      
   33.3089894324179638101273828318982094      
   33.7205940999377648074901125518350259      
   34.1363005927299191697763761785001427      
   34.5561101456126674288694577970588946      
   34.9800221753307194930005217570669324      
   35.4080342238509374839892576068945255      
   35.8401419033345547181446928196795013      
   36.2763388428330003086437170654889550      
   36.7166166367022401026152057960039440      
   37.1609647946769334999697807304328416      
   37.6093706934924049938538260267277720      
   38.0618195298913241262310447064393702      
   38.5182942748049674490388744194024349      
   38.9787756284579292848962925286805556      
   39.4432419761118918089739584411342855      
   39.9116693441402109791393202722739127      
   40.3840313561119410433016492307085446      
   40.8602991885626185403471230180597609      
   41.3404415261403529432031333235745777      
   41.8244245158399594803023335395781142      
   42.3122117200750203980828109208446248      
   42.8037640683876135738190851775817123      
   43.2990398076573839606951582314714883      
   43.7979944507448308611583449357946370      
   44.3005807235870705455628201858896824      
   44.8067485108567355040107154954590078      
   45.3164448003947924709615804020400622      
   45.8296136267345998967684859125592156      
   46.3461960141461572590807452688727457      
   46.8661299197449588294128205035027016      
   47.3893501773279223284433317133904734      
   47.9157884427183368796547777707111722      
   48.4453731415214989110283407853574261      
   48.9780294203115072155786574878977224      
   49.5136791023862723334445487096437758      
   50.0522406493407365282287745787671824      
