   5.40640128687824130367258652514388957E-0002
   3.33535665454434779437244460560284579      
   3.38034993572616105783036207421254972      
   3.42594379179478065917375707694630604      
   3.47214654466079308718671661495716552      
   3.51896662251792051259686805176330519      
   3.56641256139887259827400311771936670      
   3.61449300674844985271716982184626863      
   3.66321671501420344170868623351712985      
   3.71259255525495726586891801758427387      
   3.76262951076749901926452035320301603      
   3.81333668073174787258952412970758791      
   3.86472328187470737895397997573718408      
   3.91679865015351318512757694643056624      
   3.96957224245788614940930140844884763      
   4.02305363833230252151090277074913784      
   4.07725254171819393159424343343207060      
   4.13217878271649106587386642542644335      
   4.18784231937082607538548644530897793      
   4.24425323947170997249906123891611257      
   4.30142176238200251593092221536001868      
   4.35935824088399336836683798769845071      
   4.41807316304841462995907523401797675      
   4.47757715412570620417465336578527484      
   4.53788097845985683771306809053111101      
   4.59899554142514509116564976050965620      
   4.66093189138610593918331694968394081      
   4.72370122168105016534898183664955240      
   4.78731487262946520469609365706467607      
   4.85178433356362759264297164460934352      
   4.91712124488475869961479902835541598      
   4.98333740014405696219268279463788988      
   5.05044474814894136049735141464159695      
   5.11845539509484243373160624925124798      
   5.18738160672287866727040459833224995      
   5.25723581050375762112075028327468999      
   5.32803059784824269654701414251285830      
   5.39977872634452795056894639524238770      
   5.47249312202286486212786989229857928      
   5.54618688164778642405119241559105034      
   5.62087327503827537642199192484030018      
   5.69656574741622480429968261602298408      
   5.77327792178354069047773270365429387      
   5.85102360132823733645183360784177559      
   5.92981677185987783615844366470280777      
   6.00967160427471300127493155824945376      
   6.09060245705087328768037174768013148      
   6.17262387877396935356785041284548366      
   6.25575061069345788394869571141062878      
   6.33999758931013023692457939084906061      
   6.42537994899508229689572930650279675      
   6.51191302464052465132469964261268533      
   6.59961235434279283300414293395719460      
   6.68849368211791788090694724725156688      
   6.77857296065011786124042171619425585      
   6.86986635407357124756980172044547695      
   6.96239024078783317576580771271323181      
   7.05616121630725555522634132326261959      
   7.15119609614477183104256818782246066      
   7.24751191873040682542757382017861681      
   7.34512594836487153039708170316696984      
   7.44405567820861314023800043105982471      
   7.54431883330661147041852725308257870      
   7.64593337364944730090565541908386964      
   7.74891749727077268438184167836044493      
   7.85328964338170721546548700330735678      
   7.95906849554244423092445582969716836      
   8.06627298487143812834826842219091379      
   8.17492229329246274027836097622922538      
   8.28503585681999740230074792864889309      
   8.39663336888328191601864781081572091      
   8.50973478368904881989785850277469268      
   8.62436031962383214389307751818814167      
   8.74053046269574288445607606544857069      
   8.85826597001621994142209132822180913      
   8.97758787332195386359041163049130421      
   9.09851748253756993560272478513655280      
   9.22107638937897902159294469314685852      
   9.34528647099806823413565403740137294      
   9.47116989366881069331178285097767665      
   9.59874911651515536799766706384121213      
   9.72804689528100731208447385750277514      
   9.85908628614250672994783225075110362      
   9.99189064956292725118959499967409745      
   10.1264836541904095660138924867383035      
   10.2628892807988130157998528576203631      
   10.4011318262718902974929262641492592      
   10.5412359076310229104697723989391838      
   10.6832264661067228424810255143780789      
   10.8271287712541052688350434749020947      
   10.9729684251125011231640362481261696      
   11.1207713664093987588202844988595222      
   11.2705638748088520020330437255678085      
   11.4223725752044981040371978840212882      
   11.5762244420573022561188485054155390      
   11.7321468037781356854641016604479715      
   11.8901673471552532405825186416966249      
   12.0503141218267481370373437083592473      
   12.2126155447980097885060589108354466      
   12.3771004050042040475321190752376061      
   12.5437978679177648010515563443489400      
   12.7127374802008581488226157138862312      
   12.8839491744027604458300847848654347      
   13.0574632737020785807372183395398339      
   13.2333104966936200312775093786103878      
   13.4115219622198575399344236704567849      
   13.5921291942467275784275628681239590      
   13.7751641267835689446649764017320488      
   13.9606591088469375936523136864118019      
   14.1486469094680090956328907980776998      
   14.3391607227431456835445078901806632      
   14.5322341729275151621294778588125994      
   14.7279013195708148874844314000509455      
   14.9261966626953376495630799497567476      
   15.1271551480151086698539422710617660      
   15.3308121721960638506339135021856556      
   15.5372035881564522961323922088610445      
   15.7463657104067100816186707012146051      
   15.9583353204280878212308810536082039      
   16.1731496720893232197170518586833983      
   16.3908464971003668862163803772892936      
   16.6114640105022355514771211516555722      
   16.8350409161920251293654223548400797      
   17.0616164124818959172301234497102699      
   17.2912301976909645818057846167377891      
   17.5239224757687410546565802016670452      
   17.7597339619488590844408852104938550      
   17.9987058884315917774894980436355532      
   18.2408800100936368753060417310317314      
   18.4862986102235762985479035044662902      
   18.7350045062812525341214835436625431      
   18.9870410556792018340047750919753085      
   19.2424521615842189516346757757718147      
   19.5012822787369637193476660809612889      
   19.7635764192874172244008748200510967      
   20.0293801586438482916642079856762400      
   20.2987396413328545203554488562809754      
   20.5717015868678695464433663254594196      
   20.8483132956233337386642954938626458      
   21.1286226547117236664532867794468196      
   21.4126781438603013111328107315868711      
   21.7005288412844308451329354984490694      
   21.9922244295539071294824687091942120      
   22.2878152014489682367738513032501869      
   22.5873520658019725803001696681792676      
   22.8908865533209239554031780109506225      
   23.1984708223906161744749163897211670      
   23.5101576648470617132267267382948711      
   23.8260005117205130549133831722422902      
   24.1460534389423625236940199881784700      
   24.4703711730107258318260416184160575      
   24.7990090966094453649675275983918096      
   25.1320232541749478596064593535883281      
   25.4694703574050264268714374953172303      
   25.8114077907034518734278062853964381      
   26.1578936165539657585763635757874695      
   26.5089865808169215099338576028736745      
   26.8647461179414826756820741394148574      
   27.2252323560860078008739225691071416      
   27.5905061221388686280137700221527753      
   27.9606289466315897017954760118550295      
   28.3356630685358627157344667502480083      
   28.7156714399354938645334028963144971      
   29.1007177305640896392431420067638595      
   29.4908663321986995822134998008057228      
   29.8861823628993377536122360220422585      
   30.2867316710837073462984494419231665      
   30.6925808394260672048411078471015716      
   31.1037971885686320817048351138772974      
   31.5204487806334439030365201182783835      
   31.9426044225219676314665193457678153      
   32.3703336689892659328637851534229299      
   32.8037068254788679252794267359486431      
   33.2427949507039914281147729554610750      
   33.6876698589599739029935777503683576      
   34.1384041221522362155107623959455007      
   34.5950710715233612596684546730945868      
   35.0577447990621819231317076873000790      
   35.5265001585770143157430726338883563      
   36.0014127664144563651476316899875334      
   36.4825590018043262133866376882935883      
   36.9700160068106464507684196673375495      
   37.4638616858675903917363271376164285      
   37.9641747048786118483156173706502991      
   38.4710344898560670307618282029756489      
   38.9845212250778193536509059496297532      
   39.5047158507363525884953758293794467      
   40.0317000600552639197406233843190832      
   40.5655562958468552349917604930208154      
   41.1063677464839917200289092062329074      
   41.6542183412583324314710419159809080      
   42.2091927450963457202440531985730656      
   42.7713763526037391239049269512958644      
   43.3408552814081779977277856680865888      
   43.9177163647694788124405432436346289      
   44.5020471434259121951310835533741865      
   45.0939358566445754583539951634328292      
   45.6934714324435031081297966644693937      
   46.3007434769526073951199245655443580      
   46.9158422628804401377543825110464673      
   47.5388587170534048005060879734982306      
   48.1698844069941533224089713177284887      
   48.8090115265057449963958777038782647      
   49.4563328802284088977400983354393309      
   50.1119418671359050194347662894188645      
   50.7759324629388067533817111440040821      
   51.4483992013623854079411717144167004      
   52.1294371542672380064351489664029682      
   52.8191419105811573340605777616153336      
   53.5176095540111990936566384623025262      
   54.2249366395052207988655512485207710      
   54.9412201684323338421494762363880736      
   55.6665575624517216907426212664686317      
   56.4010466360390143655067968678537582      
   57.1447855676387542324973386716254937      
   57.8978728694104051366148694162659894      
   58.6604073555338212445573835288573733      
   59.4324881090375747530647431494056667      
   60.2142144471108455498129689213918697      
   61.0056858848553588359831044207851313      
   61.8070020974291623753094806640149864      
   62.6182628805280076311054249665567923      
   63.4395681091429812510833829416176574      
   64.2710176945247914523431992346161831      
   65.1127115392752414902438285027045605      
   65.9647494904757807355397079768099398      
   66.8272312907505418541310544978359559      
   67.7002565271478672266649864997857314      
   68.5839245777096646342298006238634163      
   69.4783345555822072898425494328412087      
   70.3835852505054830088406714607205070      
   71.2997750675011661518043782912037710      
   72.2270019625618181846267490171092447      
   73.1653633751267873129750508036987290      
   74.1149561571136239711036799329478361      
   75.0758764982581501827067404838886266      
   76.0482198475023544791748196988491023      
   77.0320808301576139089433138861838573      
   78.0275531605617388901463796486949315      
   79.0347295499430536483671041807668670      
   80.0537016092035998658556608757346502      
   81.0845597463373650504969932996073712      
   82.1273930582087905618093430498540829      
   83.1822892164323762674958359384870081      
   84.2493343471165728820145831126883388      
   85.3286129042645479084739352099628327      
   86.4202075366615082364015421021351609      
   87.5241989481229908542631502545507469      
   88.6406657510308930944667596945218540      
   89.7696843131440661611524793647298337      
   90.9113285977371963142051926830169412      
   92.0656699971951710689277800277077946      
   93.2327771602689037253367297638987986      
   94.4127158132815882334118097586056861      
   95.6055485756599766882910418184483880      
   96.8113347702516914688653227815514787      
   98.0301302289747334637272141285622920      
   99.2619870944268422618613431259016725      
   100.506953618157741181233923682451781      
   101.765073956373770652130980581790254      
   103.036387963899440414803670868981728      
   104.320930987261076821402276087305426      
   105.618733657781695990670771344390573      
   106.929821685581018801905222745209505      
   108.254215655358382382913994203669165      
   109.591930824797735624342865793463837      
   110.942976926372237301773222580125459      
   112.307357973241169143825737840441384      
   113.685072069824838352251695710467518      
   115.076111227515546822965087222407202      
   116.480461185837302833970251663958389      
   117.898101239207251003092080462839099      
   119.329004069282280333499418837012810      
   120.773135582700033874901787373906746      
   122.230454753850316230024934586865242      
   123.700913472146803410250895295927956      
   125.184456393116144209376341863057918      
   126.681020792488270175912950718211818      
   128.190536422363648379165364933686434      
   129.712925368455685682202790884890221      
   131.248101907363808390730359999802752      
   132.795972362828510256128149808694214      
   134.356434959956147065410183301617396      
   135.929379676479868310982584003628876      
   137.514688090243816293769135492745014      
   139.112233222259744114912026827140557      
   140.721879374886497872259264252282320      
   142.343481964920700298764621041332561      
   143.976887351657979273079165604141457      
   145.621932660284390388034825360241763      
   147.278445601283075530625136306630218      
   148.946244286887449664497579215817458      
   150.625137045975011092012422123836422      
   152.314922239171116195591666636383788      
   154.015388076315747567440828068519049      
   155.726312438834594858878027754811305      
   157.447462709944871460842107552411627      
   159.178595616012398450630636835667593      
   160.919457082755385083694783306342276      
   162.669782110357393716743517380993337      
