 0.77533206782632E-03
 0.98712133894638E-04
 0.98052991936436E-04
 0.97398341966778E-04
 0.96748147316008E-04
 0.96102371932366E-04
 0.95460980359444E-04
 0.94823937714666E-04
 0.94191209668726E-04
 0.93562762425970E-04
 0.92938562705643E-04
 0.92318577723995E-04
 0.91702775177175E-04
 0.91091123224900E-04
 0.90483590474856E-04
 0.89880145967786E-04
 0.89280759163254E-04
 0.88685399926032E-04
 0.88094038513103E-04
 0.87506645561232E-04
 0.86923192075093E-04
 0.86343649415916E-04
 0.85767989290643E-04
 0.85196183741550E-04
 0.84628205136341E-04
 0.84064026158662E-04
 0.83503619799041E-04
 0.82946959346218E-04
 0.82394018378857E-04
 0.81844770757617E-04
 0.81299190617568E-04
 0.80757252360936E-04
 0.80218930650161E-04
 0.79684200401252E-04
 0.79153036777435E-04
 0.78625415183062E-04
 0.78101311257793E-04
 0.77580700871015E-04
 0.77063560116505E-04
 0.76549865307314E-04
 0.76039592970871E-04
 0.75532719844291E-04
 0.75029222869876E-04
 0.74529079190810E-04
 0.74032266147027E-04
 0.73538761271252E-04
 0.73048542285204E-04
 0.72561587095954E-04
 0.72077873792434E-04
 0.71597380642080E-04
 0.71120086087621E-04
 0.70645968743985E-04
 0.70175007395336E-04
 0.69707180992223E-04
 0.69242468648844E-04
 0.68780849640413E-04
 0.68322303400635E-04
 0.67866809519269E-04
 0.67414347739790E-04
 0.66964897957138E-04
 0.66518440215548E-04
 0.66074954706464E-04
 0.65634421766529E-04
 0.65196821875645E-04
 0.64762135655105E-04
 0.64330343865793E-04
 0.63901427406442E-04
 0.63475367311958E-04
 0.63052144751798E-04
 0.62631741028406E-04
 0.62214137575699E-04
 0.61799315957600E-04
 0.61387257866629E-04
 0.60977945122529E-04
 0.60571359670936E-04
 0.60167483582102E-04
 0.59766299049642E-04
 0.59367788389327E-04
 0.58971934037914E-04
 0.58578718552008E-04
 0.58188124606955E-04
 0.57800134995768E-04
 0.57414732628086E-04
 0.57031900529156E-04
 0.56651621838843E-04
 0.56273879810673E-04
 0.55898657810890E-04
 0.55525939317548E-04
 0.55155707919612E-04
 0.54787947316098E-04
 0.54422641315215E-04
 0.54059773833546E-04
 0.53699328895228E-04
 0.53341290631167E-04
 0.52985643278262E-04
 0.52632371178647E-04
 0.52281458778948E-04
 0.51932890629559E-04
 0.51586651383927E-04
 0.51242725797857E-04
 0.50901098728825E-04
 0.50561755135310E-04
 0.50224680076130E-04
 0.49889858709800E-04
 0.49557276293893E-04
 0.49226918184417E-04
 0.48898769835202E-04
 0.48572816797292E-04
 0.48249044718359E-04
 0.47927439342112E-04
 0.47607986507724E-04
 0.47290672149268E-04
 0.46975482295160E-04
 0.46662403067605E-04
 0.46351420682063E-04
 0.46042521446713E-04
 0.45735691761925E-04
 0.45430918119749E-04
 0.45128187103399E-04
 0.44827485386750E-04
 0.44528799733845E-04
 0.44232116998402E-04
 0.43937424123331E-04
 0.43644708140259E-04
 0.43353956169058E-04
 0.43065155417381E-04
 0.42778293180204E-04
 0.42493356839374E-04
 0.42210333863163E-04
 0.41929211805825E-04
 0.41649978307165E-04
 0.41372621092105E-04
 0.41097127970266E-04
 0.40823486835545E-04
 0.40551685665704E-04
 0.40281712521962E-04
 0.40013555548597E-04
 0.39747202972542E-04
 0.39482643103001E-04
 0.39219864331057E-04
 0.38958855129295E-04
 0.38699604051425E-04
 0.38442099731911E-04
 0.38186330885607E-04
 0.37932286307394E-04
 0.37679954871829E-04
 0.37429325532793E-04
 0.37180387323144E-04
 0.36933129354383E-04
 0.36687540816315E-04
 0.36443610976721E-04
 0.36201329181034E-04
 0.35960684852020E-04
 0.35721667489466E-04
 0.35484266669869E-04
 0.35248472046133E-04
 0.35014273347273E-04
 0.34781660378121E-04
 0.34550623019039E-04
 0.34321151225635E-04
 0.34093235028490E-04
 0.33866864532882E-04
 0.33642029918524E-04
 0.33418721439303E-04
 0.33196929423023E-04
 0.32976644271158E-04
 0.32757856458605E-04
 0.32540556533452E-04
 0.32324735116739E-04
 0.32110382902236E-04
 0.31897490656220E-04
 0.31686049217264E-04
 0.31476049496024E-04
 0.31267482475039E-04
 0.31060339208535E-04
 0.30854610822236E-04
 0.30650288513178E-04
 0.30447363549535E-04
 0.30245827270449E-04
 0.30045671085863E-04
 0.29846886476370E-04
 0.29649464993057E-04
 0.29453398257371E-04
 0.29258677960975E-04
 0.29065295865624E-04
 0.28873243803044E-04
 0.28682513674819E-04
 0.28493097452279E-04
 0.28304987176408E-04
 0.28118174957745E-04
 0.27932652976302E-04
 0.27748413481480E-04
 0.27565448792004E-04
 0.27383751295846E-04
 0.27203313450171E-04
 0.27024127781276E-04
 0.26846186884537E-04
 0.26669483424363E-04
 0.26494010134145E-04
 0.26319759816213E-04
 0.26146725341791E-04
 0.25974899650949E-04
 0.25804275752559E-04
 0.25634846724236E-04
 0.25466605712290E-04
 0.25299545931652E-04
 0.25133660665808E-04
 0.24968943266714E-04
 0.24805387154695E-04
 0.24642985818343E-04
 0.24481732814381E-04
 0.24321621767529E-04
 0.24162646370333E-04
 0.24004800382986E-04
 0.23848077633120E-04
 0.23692472015583E-04
 0.23537977492188E-04
 0.23384588091442E-04
 0.23232297908253E-04
 0.23081101103620E-04
 0.22930991904304E-04
 0.22781964602485E-04
 0.22634013555406E-04
 0.22487133185014E-04
 0.22341317977603E-04
 0.22196562483458E-04
 0.22052861316517E-04
 0.21910209154052E-04
 0.21768600736384E-04
 0.21628030866641E-04
 0.21488494410562E-04
 0.21349986296372E-04
 0.21212501514721E-04
 0.21076035118720E-04
 0.20940582224064E-04
 0.20806138009269E-04
 0.20672697716023E-04
 0.20540256649662E-04
 0.20408810179784E-04
 0.20278353740998E-04
 0.20148882833816E-04
 0.20020393025690E-04
 0.19892879952186E-04
 0.19766339318303E-04
 0.19640766899906E-04
 0.19516158545289E-04
 0.19392510176825E-04
 0.19269817792707E-04
 0.19148077468731E-04
 0.19027285360123E-04
 0.18907437703352E-04
 0.18788530817906E-04
 0.18670561108000E-04
 0.18553525064164E-04
 0.18437419264674E-04
 0.18322240376787E-04
 0.18207985157729E-04
 0.18094650455406E-04
 0.17982233208784E-04
 0.17870730447909E-04
 0.17760139293528E-04
 0.17650456956295E-04
 0.17541680735516E-04
 0.17433808017439E-04
 0.17326836273081E-04
 0.17220763055569E-04
 0.17115585997043E-04
 0.17011302805107E-04
 0.16907911258882E-04
 0.16805409204691E-04
 0.16703794551423E-04
 0.16603065265645E-04
 0.16503219366510E-04
 0.16404254920550E-04
 0.16306170036412E-04
 0.16208962859632E-04
 0.16112631567506E-04
 0.16017174364156E-04
 0.15922589475847E-04
 0.15828875146623E-04
 0.15736029634343E-04
 0.15644051207137E-04
 0.15552938140348E-04
 0.15462688713970E-04
 0.15373301210606E-04
 0.15284773913953E-04
 0.15197105107782E-04
 0.15110293075411E-04
 0.15024336099615E-04
 0.14939232462931E-04
 0.14854980448291E-04
 0.14771578339910E-04
 0.14689024424347E-04
 0.14607316991649E-04
 0.14526454336479E-04
 0.14446434759126E-04
 0.14367256566292E-04
 0.14288918071548E-04
 0.14211417595346E-04
 0.14134753464480E-04
