   594856.893472850328380034961675724934      
   504768.255179597392067671105324292120      
   319195.770194577419892167357024632901      
   173524.364052411164883117537351509265      
   99056.0817244126922971880095131261160      
   58296.0764230298167147144351848531433      
   30382.7493189515654427844456647029952      
   14241.3727847901974595873677206673628      
   6822.73600207873196405736800131520137      
   3247.00988251995432126658764118674273      
   1318.89443954054845181308098332812366      
   583.833624092746944254993953151610070      
   381.201518032371650760931211531359745      
   192.906046038690414731644228769379950      
   115.832598639923653162056635847348162      
   96.5342531162790323372092293599432153      
   37.9959278301533317704942266777014140      
   21.8085217985027899333393428196566832      
   17.2960779705792879486976614761221336      
 -0.899865672093188328285923931525737412      
   0.00000000000000000000000000000000000      
