   647.603394818933093982407959001944020      
   572.037924245666100631119652588434676      
   423.372940670061403465307109900533465      
   291.508679117152761704246283368330326      
   191.066434117611889669243995501681676      
   113.769162287082852862765033897849103      
   62.2310975659593416838080038354476699      
   33.4216468435443642012781181865892029      
   17.4716676958868825741440789317673039      
   8.87408968053840062708228048810966722      
   4.91460911548325861604570689024688046      
   2.98825531145530106467944636098189539      
   1.82940731773534935397449187635076902      
   1.16693083369956990321728735546147938      
  0.699725200932440500076402096878674896      
  0.367972893821370175835949850302512259      
  0.173173556963242127502984842398248796      
   6.56216402584649780287870405726542858E-0002
   2.60798966903096799181785779693011792E-0003
   0.00000000000000000000000000000000000      
   0.00000000000000000000000000000000000      
