   1.42487406526255526570142152910813789      
   1.45280348899967407185905764072928098      
   1.48129398803066808070296727502477598      
   1.51035495871418151112301904826372683      
   1.53999617782258832152622687740414060      
   1.57022779025485798390137219108975412      
   1.60106029779824677296633410875204323      
   1.63250454900738574905971479312104945      
   1.66457173023914655095509181816938075      
   1.69727335786906919929723287047557117      
   1.73062127166650678940596630873321653      
   1.76462762930816523416745672752161210      
   1.79930490199273514818927528742380273      
   1.83466587108748638041204008901018801      
   1.87072362576193744187683724194431543      
   1.90749156153363871568523629020353394      
   1.94498337967274373776843827946873108      
   1.98321308738113498064956276817922644      
   2.02219499870408279055608202236159224      
   2.06194373609908014365418340942738707      
   2.10247423260600134017106826924015993      
   2.14380173457500576868750453737888885      
   2.18594180488680127885770249683331050      
   2.22891032664403383624215694477798089      
   2.27272350726396290241455078071872982      
   2.31739788296813970553244898518836730      
   2.36295032361504622871815895260914098      
   2.40939803785194203741049299256099459      
   2.45675857857393142916849261206741305      
   2.50504984865060591506980846262984823      
   2.55429010691743939834578082683012358      
   2.60449797440679856133733613556016712      
   2.65569244080911176144578450751454904      
   2.70789287115343679963697729773221598      
   2.76111901269641865509522008065916743      
   2.81539100201336754054944778900540352      
   2.87072937228277305987753272776427408      
   2.92715506076643453244224305500814482      
   2.98468941646970229414397275585103639      
   3.04335420799078693597813054601318667      
   3.10317163155050728416858024459058268      
   3.16416431920391067622500933108429632      
   3.22635534722882744288888266740296193      
   3.28976824469996784409932645851930293      
   3.35442700224163530714517018117977085      
   3.42035608096166702741716550218681325      
   3.48758042157003239677465570935094615      
   3.55612545368232785240944300211884266      
   3.62601710530973703861552324969042314      
   3.69728181253899833652444412900449808      
   3.76994652940249822735668369682662973      
   3.84403873794663540647360334942214358      
   3.91958645849080967378756479864350472      
   3.99661826009358416799543135775308490      
   4.07516327121744013291631258531698253      
   4.15525119060226618950483555417713342      
   4.23691229834772420810086942370330585      
   4.32017746720983989758739035939412025      
   4.40507817411510531155538992207365882      
   4.49164651189276814050825082679651128      
   4.57991520123646625675703900271715921      
   4.66991760288847959799799898825532526      
   4.76168773006152718875626176565394303      
   4.85526026109418152756609338841917530      
   4.95067055234731771544217032886004298      
   5.04795465134618781788142292245349128      
   5.14714931017086539307647553573689672      
   5.24829199909910492065993722721498275      
   5.35142092050930812410286128267140191      
   5.45657502304385519436126134565676054      
   5.56379401603947709109449572477775237      
   5.67311838422912390253468907828442360      
   5.78458940272068199372796110847765135      
   5.89824915225381675859438421458609214      
   6.01414053474611099866108367708757078      
   6.13230728912522318972839530260019728      
   6.25279400745950313806324711054378876      
   6.37564615138680467108510792315155475      
   6.50091006884942751453653412099544542      
   6.62863301113784337173744609520239450      
   6.75886315025061530493988033426297552      
   6.89164959657432420300934947357375241      
   7.02704241688862499276951358050877083      
   7.16509265270136649164522639156960826      
   7.30585233892109903765378397842963937      
   7.44937452286885173047134245402472608      
   7.59571328363777595667316883713446037      
   7.74492375180281539163255178970702292      
   7.89706212948920971359859623481989119      
   8.05218571080187258631259434564230822      
   8.21035290262326785789622914813116080      
   8.37162324578437787136985025194585126      
   8.53605743661324585754585796088261132      
   8.70371734886892107892220492427517672      
   8.87466605606294359599574419394724745      
   9.04896785417665863897692106734804465      
   9.22668828477733750495425415258450092      
   9.40789415854014182724545712513636201      
   9.59265357917992349933941125618228629      
   9.78103596779886764935363740435761155      
   9.97311208765444352325056785803323523      
   10.1689540693532398735795902766640568      
   10.3686354364750450057054058937179373      
   10.5722311316328707202685890206878691      
   10.7798175429725916196340844451996820      
   10.9914725311177826328958935343735282      
   11.2072754565633365341685276419998380      
   11.4273072075231055924094214524457186      
   11.6516502282345890459119227318140276      
   11.8803885477257416679527945779488308      
   12.1136078090466014067220603753063815      
   12.3513952989695786321826730245680635      
   12.5938399781620897676868734015612564      
   12.8410325118334107425161762634182588      
   13.0930653008592732631343849542908289      
   13.3500325133855319939079025686926950      
   13.6120301169140328261502696199907086      
   13.8791559108703123053578347326964530      
   14.1515095596560102297876189205778939      
   14.4291926261851122382494919189900614      
   14.7123086059045432733088758805556888      
   15.0009629612986145952954694746634827      
   15.2952631568756952659685324904959860      
   15.5953186946356946952254566593721385      
   15.9012411500152397611474420067577539      
   16.2131442083077826672444279422106052      
   16.5311437015537941053414577827846098      
   16.8553576458963923223447001665664074      
   17.1859062793960744735763542172300833      
   17.5229121002974963172278140904054373      
   17.8664999057402033686863873064751540      
   18.2167968309037115120279613032357248      
   18.5739323885760680063122688811082539      
   18.9380385091343487744792797544951241      
   19.3092495809229599133817335841497464      
   19.6877024910148451537398986095567403      
   20.0735366663386106391684353589023723      
   20.4668941151533137692652066956054099      
   20.8679194688495709326856358372243718      
   21.2767600240552143107321328279480298      
   21.6935657850198155581551128983576529      
   22.1184895062514043073404271572912707      
   22.5516867353753389308713890862177163      
   22.9933158561828476502673278965000429      
   23.4435381318342803439981247560945219      
   23.9025177481780468629334433098389954      
   24.3704218571443897418211761235802474      
   24.8474206201683354093988921672668628      
   25.3336872515931146152441073850382542      
   25.8293980620018023224892392751455990      
   26.3347325014197482223554891688226783      
   26.8498732023269369816549657624442403      
   27.3750060224142298262071820706715422      
   27.9103200870126033192229009889257207      
   28.4560078311191262182829422854509452      
   29.0122650409382717153193649413304661      
   29.5792908948506856783265256277703519      
   30.1572880037158131929167636982726447      
   30.7464624504081629155607710775427078      
   31.3470238284798015382742215555225899      
   31.9591852798349971111302582970419599      
   32.5831635312948457905421137499659747      
   33.2191789299219112382018294535744624      
   33.8674554769668018658376515549651092      
   34.5282208602896211696908868523487369      
   35.2017064851003375857907084408539116      
   35.8881475028527247416096383667230790      
   36.5877828381168453685308386363325680      
   37.3008552132447560348220379831701625      
   38.0276111706343108557986914985991712      
   38.7683010923847789127515463629336835      
   39.5231792171278274299414155159621986      
   40.2925036538061398038668826414465771      
   41.0765363921614203162628076455938078      
   41.8755433096823422529656910682682186      
   42.6897941747531254924149277613471332      
   43.5195626457321638000391777808056571      
   44.3651262656816242043287814566959683      
   45.2267664524591526513770097445690242      
   46.1047684838756016434284047715454599      
   46.9994214776161323711582583711365408      
   47.9110183656173572141789226540374690      
   48.8398558625893570576809311006686623      
   49.7862344283850742240779607615794523      
   50.7504582238772945054623036132387701      
   51.7328350601037355369899249498629587      
   52.7336763403388682063350758775933241      
   53.7532969948624005515188340506654662      
   54.7920154081747202008905413081498414      
   55.8501533384578103341695762096454571      
   56.9280358291237187860882659623923221      
   58.0259911123492987214389760017283876      
   59.1443505045666497357142648128775345      
   60.2834482939651209811913102088200766      
   61.4436216201654028140510847219014848      
   62.6252103463526358234209540039595028      
   63.8285569243041147740858900513910435      
   65.0540062529255400774518837955646283      
   66.3019055311166409870799366943739928      
   67.5726041060303511846150784797597995      
   68.8664533180708213207043525397261331      
   70.1838063443004195417831678812970758      
   71.5250180422987582588789907541905307      
   72.8904447969430155726933155433900781      
   74.2804443730629574754899294095853798      
   75.6953757774720618737343837983535203      
   77.1355991344943473876324117396851348      
   78.6014755797996664036293665166861096      
   80.0933671781345895969812431315303597      
   81.6116368713977280635637434405162301      
   83.1566484644664149443113646940811832      
   84.7287666572330517245421108702821775      
   86.3283571324743237517556750896922932      
   87.9557867104446303236195559597310677      
   89.6114235824732121414029750052723027      
   91.2956376373495310895244824497023720      
   93.0088008959072151100128876816270412      
   94.7512880709635593028087046092352356      
   96.5234772716358115859244009703432240      
   98.3257508730288616065086072883859584      
   100.158496574360634458638527729643194      
   102.022108670741122339118521374038600      
   103.916989566020806854727873538755011      
   105.843551556338000884175608896125937      
   107.802218916170395962337204489906532      
   109.793430320772450718749274680221459      
   111.817641640776002532716629742127683      
   113.875329146351561886748560220948903      
   115.966993159556859341359607412301616      
   118.093162194205045572977725988921225      
   120.254397622617184451684270058826851      
   122.451298907816885287262451228348711      
   124.684509437901761338352326722476635      
   126.954722996303590947236210615947580      
   129.262690897244520720734285000621420      
   131.609229809740401602594311942959217      
   133.995230285848339741031232883917247      
   136.421665999398055334889575102790467      
   138.889603690137955842942601815464727      
   141.400213795097626195328168514588476      
   143.954781734150004312237699237341403      
   146.554719800502017607606703640358629      
   149.201579589546780808304187889303463      
   151.897064881724374291093165727198646      
   154.643044877472559151931461596880434      
   157.441567665867544423532517715330066      
   160.294873794146055473080689670740118      
   163.205409794035679493992749827688101      
   166.175841513779100267893188091182140      
   169.209067102931649796694904091006234      
   172.308229501275062322035138110384908      
   175.476728294090143745919455161122444      
   178.718230813770008813658811919970512      
   182.036682392110935215906081735615990      
   185.436315697915510068176304199185680      
   188.921659129675970472088411666514192      
   192.497544271612854193848851110502002      
   196.169112461522099049580636199191359      
   199.941820558948136078175461961960083      
   203.821446040455916175699813198472464      
   207.814091583785495814667127259272224      
   211.926189333412222761171922135103320      
   216.164505065996017940947837416046960      
   220.536142495462782171364262848605225      
   225.048547974708431362012211585936213      
   229.709515865442560011782118435179516      
   234.527194861385806321573263042339617      
   239.510095565379382264288565675787925      
   244.667099641097570462592788832552272      
   250.007470888861015945740676052576397      
   255.540866922475293750656391827640123      
   261.277362036870488544175352309937620      
   267.227456836177572169492983072487561      
   273.402108115087569098025589983026869      
   279.812755553034179596532008886752475      
   286.471355869126323951095117207493007      
   293.390424229688427213444359418245441      
   300.583084655291273963578018319286497      
   308.063131637831579845058977067900105      
   315.845105719059803129255263435113342      
   323.944386373298710932409494267502137      
   332.377306121154585478499628868672005      
   341.161290274415413249296528946560751      
   350.315026910176184726772245884624005      
   359.858671354769787297836345258287957      
   369.814088307812435034428039794282688      
   380.205132379134996296749876928574689      
   391.057963877587912515918086423728904      
   402.401390939577736238459073680536781      
   414.267221593579434649038241693930553      
   426.690600754086017562424362031835399      
   439.710298808893956545269556613301679      
   453.368912575902745762353508785710834      
   467.712938591233000981986995352743504      
   482.792685254059119629578737371912516      
   498.662005107027701619524585224211216      
   515.377849679983046980094276531958589      
   532.999672117155312100801626246335396      
   551.588720589954385115548691403495027      
   571.207272201341910418697265007193778      
