 0.42716772659978E-02
 0.44413909451206E-02
 0.46178261142213E-02
 0.48012515260078E-02
 0.49919464191292E-02
 0.51902009473973E-02
 0.53963166261023E-02
 0.56106067959036E-02
 0.58333971048239E-02
 0.60650260088966E-02
 0.63058452921371E-02
 0.65562206065099E-02
 0.68165320326215E-02
 0.70871746619833E-02
 0.73685592016525E-02
 0.76611126021803E-02
 0.79652787097759E-02
 0.82815189437367E-02
 0.86103130001172E-02
 0.89521595827617E-02
 0.93075771628303E-02
 0.96771047679570E-02
 0.10061302802320E-01
 0.10460753898809E-01
 0.10876063804717E-01
 0.11307862302208E-01
 0.11756804165058E-01
 0.12223570153139E-01
 0.12708868046111E-01
 0.13213433717999E-01
 0.13738032254228E-01
 0.14283459112873E-01
 0.14850541331882E-01
 0.15440138784118E-01
 0.16053145482145E-01
 0.16690490934737E-01
 0.17353141557201E-01
 0.18042102137619E-01
 0.18758417361306E-01
 0.19503173395749E-01
 0.20277499538470E-01
 0.21082569930303E-01
 0.21919605336723E-01
 0.22789874999893E-01
 0.23694698564270E-01
 0.24635448078706E-01
 0.25613550078068E-01
 0.26630487747557E-01
 0.27687803173008E-01
 0.28787099680591E-01
 0.29930044269491E-01
 0.31118370141213E-01
 0.32353879329446E-01
 0.33638445434377E-01
 0.34974016465703E-01
 0.36362617798611E-01
 0.37806355247246E-01
 0.39307418260331E-01
 0.40868083243788E-01
 0.42490717015460E-01
 0.44177780397106E-01
 0.45931831949237E-01
 0.47755531854378E-01
 0.49651645954728E-01
 0.51623049950347E-01
 0.53672733764239E-01
 0.55803806080997E-01
 0.58019499065929E-01
 0.60323173271804E-01
 0.62718322740739E-01
 0.65208580308976E-01
 0.67797723122623E-01
 0.70489678372766E-01
 0.73288529258711E-01
 0.76198521188387E-01
 0.79224068225438E-01
 0.82369759792762E-01
 0.85640367642755E-01
 0.89040853104873E-01
 0.92576374621582E-01
 0.96252295584175E-01
 0.10007419248041E+00
 0.10404786336643E+00
 0.10817933667586E+00
 0.11247488037957E+00
 0.11694101151000E+00
 0.12158450606482E+00
 0.12641240930469E+00
 0.13143204646125E+00
 0.13665103387147E+00
 0.14207729055535E+00
 0.14771905025494E+00
 0.15358487395281E+00
 0.15968366288926E+00
 0.16602467209825E+00
 0.17261752448265E+00
 0.17947222545049E+00
 0.18659917813453E+00
 0.19400919921863E+00
 0.20171353539500E+00
 0.20972388047775E+00
 0.21805239319896E+00
 0.22671171571445E+00
 0.23571499284797E+00
 0.24507589210310E+00
 0.25480862447378E+00
 0.26492796608544E+00
 0.27544928070010E+00
 0.28638854311999E+00
 0.29776236352577E+00
 0.30958801278702E+00
 0.32188344878382E+00
 0.33466734378016E+00
 0.34795911289151E+00
 0.36177894369037E+00
 0.37614782699585E+00
 0.39108758889455E+00
 0.40662092404277E+00
 0.42277143030129E+00
 0.43956364475665E+00
 0.45702308118475E+00
 0.47517626901506E+00
 0.49405079385592E+00
 0.51367533964408E+00
 0.53407973248413E+00
 0.55529498624612E+00
 0.57735334999267E+00
 0.60028835730951E+00
 0.62413487761679E+00
 0.64892916954141E+00
 0.67470893643402E+00
 0.70151338411800E+00
 0.72938328096103E+00
 0.75836102036386E+00
 0.78849068576477E+00
 0.81981811826235E+00
 0.85239098696338E+00
 0.88625886216731E+00
 0.92147329150326E+00
 0.95808787914056E+00
 0.99615836819881E+00
 0.10357427264887E+01
 0.10769012357208E+01
 0.11196965843245E+01
 0.11641939640265E+01
 0.12104611703439E+01
 0.12585687071525E+01
 0.13085898955012E+01
 0.13606009868464E+01
 0.14146812808911E+01
 0.14709132482196E+01
 0.15293826579279E+01
 0.15901787104586E+01
 0.16533941758567E+01
 0.17191255376746E+01
 0.17874731427632E+01
 0.18585413571956E+01
 0.19324387285830E+01
 0.20092781550528E+01
 0.20891770611695E+01
 0.21722575810941E+01
 0.22586467492901E+01
 0.23484766990967E+01
 0.24418848695052E+01
 0.25390142204922E+01
 0.26400134572736E+01
 0.27450372638671E+01
 0.28542465463626E+01
 0.29678086863214E+01
 0.30858978047455E+01
 0.32086950370748E+01
 0.33363888196954E+01
 0.34691751884634E+01
 0.36072580897702E+01
 0.37508497047039E+01
 0.39001707868839E+01
 0.40554510145756E+01
 0.42169293577194E+01
 0.43848544605381E+01
 0.45594850404207E+01
 0.47410903038099E+01
 0.49299503798589E+01
 0.51263567726565E+01
 0.53306128328608E+01
 0.55430342496132E+01
 0.57639495636621E+01
 0.59937007026472E+01
 0.62326435395576E+01
 0.64811484754145E+01
 0.67396010472787E+01
 0.70084025627329E+01
 0.72879707620405E+01
 0.75787405092299E+01
 0.78811645134132E+01
 0.81957140816929E+01
 0.85228799050708E+01
 0.88631728788211E+01
 0.92171249588444E+01
 0.95852900555692E+01
 0.99682449670136E+01
 0.10366590352666E+02
 0.10780951749886E+02
 0.11211980634545E+02
 0.11660355527682E+02
 0.12126783149928E+02
 0.12611999625490E+02
 0.13116771737449E+02
 0.13641898236126E+02
 0.14188211202188E+02
 0.14756577466136E+02
 0.15347900085676E+02
 0.15963119882370E+02
 0.16603217038784E+02
 0.17269212757124E+02
 0.17962170980116E+02
 0.18683200174530E+02
 0.19433455177371E+02
 0.20214139104332E+02
 0.21026505319502E+02
 0.21871859464740E+02
 0.22751561546370E+02
 0.23667028076010E+02
 0.24619734261391E+02
 0.25611216241925E+02
 0.26643073362579E+02
 0.27716970478241E+02
 0.28834640279277E+02
 0.29997885627372E+02
 0.31208581888980E+02
 0.32468679251897E+02
 0.33780205008515E+02
 0.35145265787387E+02
 0.36566049712751E+02
 0.38044828469789E+02
 0.39583959251653E+02
 0.41185886562753E+02
 0.42853143851652E+02
 0.44588354946129E+02
 0.46394235262832E+02
 0.48273592764450E+02
 0.50229328638661E+02
 0.52264437675410E+02
 0.54382008322375E+02
 0.56585222402865E+02
 0.58877354485942E+02
 0.61261770905131E+02
 0.63741928429647E+02
 0.66321372600416E+02
 0.69003735752026E+02
 0.71792734750812E+02
 0.74692168488102E+02
 0.77705915175917E+02
 0.80837929499533E+02
 0.84092239687011E+02
 0.87472944559650E+02
 0.90984210629059E+02
 0.94630269306051E+02
 0.98415414283751E+02
 0.10234399915233E+03
 0.10642043529566E+03
 0.11064919011148E+03
 0.11503478558594E+03
 0.11958179724227E+03
 0.12429485346984E+03
 0.12917863522686E+03
 0.13423787609459E+03
 0.13947736264526E+03
 0.14490193506805E+03
 0.15051648797727E+03
 0.15632597130341E+03
 0.16233538911095E+03
 0.16854980815708E+03
 0.17497434649704E+03
 0.18161418058770E+03
 0.18847454193529E+03
 0.19556071411976E+03
 0.20287802777240E+03
 0.21043185277678E+03
 0.21822758677062E+03
 0.22627063880258E+03
 0.23456640675484E+03
 0.24312024690540E+03
 0.25193743381906E+03
 0.26102310869616E+03
 0.27038221448156E+03
 0.28001941658581E+03
 0.28993900916499E+03
 0.30014480871452E+03
 0.31064003936330E+03
 0.32142721767557E+03
 0.33250804868599E+03
 0.34388334866872E+03
 0.35555301275764E+03
 0.36751604575050E+03
 0.37977067113531E+03
 0.39231452614262E+03
 0.40514494023708E+03
 0.41825928309325E+03
 0.43165535886077E+03
 0.44533181929964E+03
