   24349407288.4318733712479938642596230      
   3147742754.03102374790471114480826837      
   1056238154.81655513348231441760974983      
   203651399.341095828855083708737160248      
   158709487.828491321043343569918945063      
   99372581.5804219086699415838782787064      
   41005141.8256591758223521219761925241      
   26397938.6599431380968958397789043681      
   10566753.3004041934860262721634642758      
   4719289.09121458527609003381645885863      
   2161667.90896947803846768594938186595      
   175293.020071498082611131260695326698      
   257415.196669766243006456059989989798      
  -119684.342253055497127263349413940773      
   913.178865223192711238348389137557435      
   30856.0890249206659219578854362161103      
  -4643.22703970771726060186848602844338      
   53862.2329886831286336167575334032806      
  -1592.40965322732501745873214327779304      
   14797.3334190663435146098326188857788      
   15030.5711122076451846476902978046731      
