   597980.131995767380394149401060715873      
   413706.033958338985263219043555598222      
   178281.098475794886190967963740116267      
   132042.525355636867209548199122113723      
   96820.5395984937342413762869943820030      
   47397.4642348401475362453480519636988      
   30572.1527817367500533594644526358830      
   14593.3500286047908584086280911888024      
   5934.07720244392425975805355775311982      
   3322.14628752056616154664397350994942      
   270.930240715920307800379575979289599      
   439.922676926289544391546483631286399      
   13.8334211379287572635204031793095607      
   28.0587620962559057196208369556999360      
   221.285980556916603739874527368561089      
   26.3542801999991013950504215119403359      
   159.573900769549206213946148296192528      
   36.2595434758088792586180584535689177      
   37.4865531743247197566486484227981159      
   40.0810161827730138082857257645842695      
   0.00000000000000000000000000000000000      
