   158.113450278716119003894979718393901      
   131.193484961813122215763918488140652      
   102.952645750937587635465773910980802      
   83.6518587016011525648391281574429748      
   50.1356356086828407516464942621353111      
   32.0142375824044943027717750937725620      
   18.5373261187894090608162622274928403      
   7.55651535701509426008420353166385073      
   4.91686609209160425963487600904995647      
   1.22683300774157504967561307006052166      
  0.930290547066924865778903240838017147      
  0.865592686787014639275106968754802336      
  0.285070620908366867337968398178796938      
  0.843459212966328627653474323667907006      
  0.236435433274856630757292280788917051      
  0.430392049260084300672375205913259593      
  0.183726872874858427967191437765036372      
   8.99677276183793274159567562147154820E-0002
  0.101538574329691634980990505270280160      
   0.00000000000000000000000000000000000      
   0.00000000000000000000000000000000000      
