   24447865395.2670725402302570421428274      
   3257678255.19762762329104239472471600      
   1196330589.21262793805211810780966535      
   371411021.243146174045656856289696182      
   333872768.845229738704275551486096254      
   263945730.122107217665596084226316399      
   180690237.726053877403596374826648253      
   137132789.043244389003619823447309107      
   94198144.7754158237441467366351746117      
   64459330.9367164107443353789998747118      
   43211981.1352995152535908117224274988      
   26937871.8511280572372465889677000967      
   16916945.8318367857190698637585444854      
   9918088.58506538920547608505946514303      
   5751647.27830144154016588944838794151      
   3342760.91302192217702280530978686646      
   1888540.27894547328634962218036043921      
   1185540.20546411841435140676525060191      
   738799.063550777324903378212035580611      
   497258.229093175482176048839437349810      
   328528.841024488877035288257232278914      
   192340.164427337717234957064765813196      
   99092.1321363054376152719593227458630      
   22021.7378606389445745705893605320820      
  -20258.7189446464722783796398937173247      
  -41936.4860505524287869537312207317593      
  -43598.7569280530728704965886078318337      
  -33097.6855242441884035709460236973038      
  -18675.1467156697532164571754074795612      
  -3577.17238627492975585990172302056848      
   6538.22420533880821623021956907388050      
   12461.0872154595624465387985500327539      
   13043.5800308752446052717953767794388      
   10674.2363507645564415700786617191103      
   6667.85010520798515062872630240310379      
   2426.76211633511862431196184127754058      
  -531.253023653882682726450384295318703      
  -2422.90373837464698612586880259862315      
  -2634.07710967778715011538428123525313      
  -2009.56356446562012986572627818784770      
  -806.398579995598931148157448037915410      
   529.066292519071339878294052811628635      
   1461.12818833823489448209311092608096      
   2115.44007966370594423363643584072789      
   2203.66409780674148929847344469639215      
   2000.17612025123766802887654172522482      
   1601.22716355753145888081916933179775      
   1070.98211511018353537422612834084167      
   671.632927382577317497779587839916260      
   332.754373217206212610120181687716872      
   82.5149997722245615095919348845382004      
