   24447777678.9238261314493103822739674      
   3257753871.33915150207991904378571505      
   1196282261.05891512251296526825371587      
   371432458.573545152615005456452531619      
   333868793.063801568034491188624841032      
   263942276.431011939096591278203926581      
   180694650.844751707853292052765400259      
   137130059.653596317106804571910524114      
   94198957.0259638600462134722905198764      
   64459708.9566019644382089940903277741      
   43211207.1532819769350749272066591090      
   26938539.1566886043797491476498881319      
   16916572.0537519816729883431993133905      
   9918190.60162736417962122293480243370      
   5751709.52458130258397624034451969843      
   3342643.34788933756889515746202671930      
   1888641.05407644843565308786483772958      
   1185485.70889799970126540695802234177      
   738808.172563973636990721007987394022      
   497278.690923668330594874615033720622      
   328496.821960350312110425309964060625      
   192370.468490950605888859146807645391      
   99070.2150568572489677404509490364576      
   22034.2039018847099778294645913459469      
  -20263.8101278524746753535204421984796      
  -41935.6421439752124366252074853863214      
  -43598.0521261031407488718471468858478      
  -33098.2577174266146125513152137289861      
  -18675.4170176355863123447911006235057      
  -3576.04786018115500405049490150789414      
   6536.52522938627316636860256862849743      
   12463.0239450204869507650386510345880      
   13041.6513295117835318135442026274760      
   10676.0245083261658400603673128216794      
   6666.26416401791167445332528542533947      
   2428.12796333839761914976781031267027      
  -532.382242903124297768099495235812572      
  -2422.01919208820801232010126247919765      
  -2634.71859837655649019827059499455625      
  -2009.14139799226317553812682693296864      
  -806.652712605162485980013040971675140      
   529.220144763063439190631819717290553      
   1461.00013917342245381741654111731247      
   2115.60147892095733448956695457894580      
   2203.43691422812083023288844281190391      
   2000.46595220888456455835461490651379      
   1600.91262642276640120555464999702239      
   1071.26183044885446647709450856656526      
   671.459433719043343870158500883949160      
   332.762570555613937389150663170539581      
   82.7095982773437601954177582838803288      
