   24446773437.1349758231648478436039447      
   3258619049.96383425899819027745111226      
   1195729921.05829849926569269741232025      
   371677530.360975230539341099010459197      
   333822522.185780889657601157863745041      
   263904271.967836427187525082372867807      
   180743508.905762940120528453989301332      
   137100125.903543242905602379257232400      
   94207447.5350412351318940215668668348      
   64464426.8253355051096586762691720430      
   43202200.6467747047816906498067502085      
   26946232.4736794009699975847134238524      
   16912244.2775778583169324691452781266      
   9919428.05265119012940945329224290183      
   5752342.23465674310416042920334989837      
   3341366.00970975306325067850214008415      
   1889754.01670860123377815777171809927      
   1184869.18378362831953018594813094016      
   738933.938292740045787474134289466226      
   497472.484143826440559006159953193758      
   328178.969394880694217963593936151644      
   192668.844811737173663490190411362993      
   98862.8336374873452409868592371557671      
   22140.0714042737832700500365824406198      
  -20291.3788176055790463776142956009029      
  -41952.0762338869313809082529548321734      
  -43566.9217827071442604576162779865174      
  -33125.9819420719300606450884507980800      
  -18658.6521052100071781794968235869949      
  -3581.85271519079072961829433288462149      
   6534.44666211028429729436664755932002      
   12469.3069883140521510445608903004327      
   13033.8563766056944280079133856044283      
   10683.8300790458201252625479219387309      
   6659.23398492461101294686546130607417      
   2434.04320371839158058970984231828552      
  -536.832327975763781096235391253930370      
  -2419.28053043627523654517973418785380      
  -2635.62320485171010073299154586500326      
  -2009.92289632312913862195073263776194      
  -804.663601824372506963314435554021338      
   526.701950366336993599300385307546415      
   1463.27673489361187316964733726171609      
   2114.17740180983177392686012298742086      
   2203.68238225267164859778740845797832      
   2001.33945624175997871810151099629198      
   1599.35851734024896490688774487043054      
   1072.82462671398716368243375840745970      
   670.691420417458897831436923157047439      
   332.066667768785827344020518639831553      
   85.3089977487058915907506248117020854      
