   24446608941.6966276929590246442541627      
   3258760655.46400652447156794742546865      
   1195639673.12881118699888661711237028      
   371717514.732794131249343790404093528      
   333814928.012174376296304396347027639      
   263898195.863169216034775866637137017      
   180751329.882505993072063325601694218      
   137095359.431996081074963540394787128      
   94208772.7067611531557242252848861725      
   64465207.4445610650491093590958722654      
   43200747.5762900492514239800595286783      
   26947464.6101406870419449997494292554      
   16911555.9848664195258638726436849618      
   9919620.76791606839752784275031708076      
   5752448.09448370903681461931759943204      
   3341157.65704732866404636620508249636      
   1889936.06372464630083629940132769108      
   1184766.04368978323812479076681651199      
   738959.107281946042479483680108455417      
   497498.240955317578647695671033071638      
   328133.057228178968204667556876668112      
   192712.374285190647091465296420555939      
   98832.9222578541964875536904715348998      
   22154.6726068332815458369207860614311      
  -20294.2040275552413275177030297239353      
  -41955.7803028404675883070863692887037      
  -43561.1478839049255262421027627844605      
  -33131.0957188643975421215234161997787      
  -18655.3188378145744856567307129528050      
  -3583.43301196972633493865041431550160      
   6534.75146000887410793985423192645282      
   12469.7163956639729279561622569249351      
   13033.1375754316558578689617819290325      
   10684.6327752687082432306266630803880      
   6658.47143974013411066927059633790291      
   2434.70478384078985504185046264505267      
  -537.324518443409374007356161267088753      
  -2419.00975675649935495995361175799909      
  -2635.64102726548693196829197406643376      
  -2010.14413697944632675625037239376903      
  -804.272258158154918689015578341409952      
   526.242808994430186652206520195428447      
   1463.68478140891028122604065948163265      
   2113.91495861374592951179961309493071      
   2203.74844190485687534277808537257621      
   2001.46052939620665435671664296666668      
   1599.11858187114441164215419385227271      
   1073.07899521299627986964574727948559      
   670.547939006624734941179339425644335      
   331.994849801352161683822248381539530      
   85.6657825074974848134328604118394099      
