   24446200657.7848156368103313829882759      
   3259111980.98441404607050812663592477      
   1195415977.95849884723374640492166966      
   371816516.594899883329419548760664826      
   333796120.078389273733665229218522729      
   263883235.278642250493225948551078554      
   180770574.485423075649526338612349433      
   137083652.330568166122834466022910249      
   94212012.8627645903310728381368738102      
   64467134.0698627520708971597026231417      
   43197180.6412844708606200154389869750      
   26950481.4164165779576474081698106331      
   16909876.4847261968843157957783350558      
   9920085.46159965566986859808110116045      
   5752713.41127029264136465513318415437      
   3340642.91779528709975934548565086790      
   1890385.39026168758852903782329571167      
   1184510.20279178899520696075508599063      
   739024.091097800372078579683060766191      
   497557.931157469861149587238113744440      
   328023.751449912380531710758484645918      
   192816.407158644117394912062397132804      
   98761.5211971875397443834819342992689      
   22189.2864583071579446718142336281502      
  -20300.5228186766227895224574045161273      
  -41965.1200900312969836802225392041538      
  -43546.8693852158151183582759992841566      
  -33143.7664401268615690039736317535210      
  -18646.9377543356154655920044296901664      
  -3587.59669175036716756440930642597412      
   6535.83139521127075949811709766459009      
   12470.3891841894072537384836916030116      
   13031.6652367695479571381358976954116      
   10686.3748014172748755933792919882589      
   6656.75825180190610017117252304753487      
   2436.23466073423475815624421605601593      
  -538.489933957170666618529517225440587      
  -2418.35047305756999583116066681801378      
  -2635.70333719720684616593191968074200      
  -2010.65566072903076404412425119222319      
  -803.347914725045924965329036820876303      
   525.150286054165188113602295706323527      
   1464.65767484479018931054383378189781      
   2113.29125625961776432030323301137360      
   2203.89834704407079328953325717869813      
   2001.76376230030646479168562481406563      
   1598.52583459787962156261179887013623      
   1073.71028925418880856257228452941055      
   670.180203270389440432874752012829988      
   331.847535844717911385970971717700601      
   86.4967289696437116284714159739110267      
