   24438424836.9548571477360914800515390      
   3265761680.63053384140971082396064251      
   1191243549.79716697782912003086322036      
   373626931.393334557866327426523428851      
   333463246.520964264056201640348090497      
   263614536.184793807049720535664169571      
   181106866.702530173646147160066243919      
   136883132.205432001685687794573039228      
   94266450.0428616139733517481406068117      
   64499082.7503093363452566251348731422      
   43139169.7958043560480037431318089168      
   26998611.5385657895564769199276729513      
   16883774.5526190664816361255727843707      
   9926771.08419975043992774796602939625      
   5757384.30844962873225005261560595123      
   3332269.76123259631953824970755757202      
   1897602.28660661922078538849068679811      
   1180324.55876293849988846811564391450      
   740284.177186636331543591205821877920      
   498187.477711537077478141259781055113      
   326628.098908037158464599202366251967      
   194177.556363061155998580986917817635      
   97827.7994973146611924869372372337605      
   22639.1006200499317812567852929597656      
  -20379.2507786820543538127511616330157      
  -42089.0298688710120295645579241932959      
  -43358.0229702930453884067658088714094      
  -33316.0159090792188053207235593204382      
  -18524.4912422612847018673830532303044      
  -3661.66560515608535352614996250806979      
   6572.69624185082602829843024087045674      
   12457.1148525451618477054295527785772      
   13029.8100143204873782113009815175379      
   10698.7723669264267680183891891859906      
   6637.62778331211193073397638674250264      
   2459.00630295455425547184144981340577      
  -560.032612386085667635301292223624959      
  -2402.12210155698190804176760296282823      
  -2643.43510678643046602024127316835224      
  -2012.28013331922437244849062131834176      
  -794.172257509622315169282838778439223      
   511.767836737647987691337841668701887      
   1477.82489935391127769541330200146857      
   2103.94181685062735292058212791636726      
   2207.17706979645952139180865922066585      
   2004.70821191111688759134026706656933      
   1591.25909429243966469993276139111763      
   1082.18124821084054034714606798707614      
   664.475515430085426524692060899549600      
   331.537795813732142837334698978948329      
   95.1501792363187681943719092172642116      
