   24435056706.4983948023241190891962834      
   3268617661.98733498546673486306027969      
   1189487282.25788488367373970017092374      
   374367222.115095519765850025107837216      
   333335807.524699045557795298778979327      
   263503760.939687571819468198664552654      
   181239133.960889914108927537184410744      
   136806313.107791149834827928289129413      
   94286998.2733928977507365299035715060      
   64510516.1336833649640853740664067333      
   43118629.5913490943409761819049622647      
   27015343.1362672791976923384194061314      
   16874894.5443407942540080283026793490      
   9928965.78274129089996248717545668223      
   5758985.70656862209792457131460277614      
   3329480.92563704895859250246544472954      
   1899985.11250497341414250853402136327      
   1178921.23534585408295310926698992004      
   740760.630213191395928001770684015195      
   498300.193371975952133430211465615495      
   326271.458653866592448525433303896300      
   194540.108028133595147220678220405631      
   97574.2307979379789383080070649386442      
   22768.8966585344932939929848235102777      
  -20413.2381896090666142473029079599200      
  -42107.1703442716654447627460253853280      
  -43320.7560733289344173447533761029718      
  -33353.6645788504546755990528337363852      
  -18494.4513370608530486869030682024507      
  -3684.40871479870566415988695620296091      
   6588.65672193417928033476524716128945      
   12446.4025905977942522086804551913369      
   13035.3051154207036312244809106237639      
   10698.4900446572577242053315194151343      
   6633.58671843529153229022339525144520      
   2466.23316321925395975580761423424972      
  -568.107633337813257133567287835975602      
  -2395.07199600677475519310649609727150      
  -2647.85095845395838545251931126822128      
  -2011.11502057768238811661894422321932      
  -792.511776146053404633475145053692943      
   508.231186759387892789546830839345480      
   1481.77280814610213876628070168331302      
   2100.73983986173819113299674682655879      
   2208.79358353331138907056393481363861      
   2004.86069429723867929046065154580234      
   1589.75589325702693988904307865840974      
   1084.28029652495503533240200294049530      
   662.840473050802941828281604498893250      
   331.894404810722604294309117697068386      
   96.7302234685298551864019751871391694      
