   24427286462.9127674646732339818187484      
   3275152112.57099832920632152394671596      
   1185545009.61186756623669427328086569      
   375983685.405436560374764690003320516      
   333076653.194829492153260149614891721      
   263257458.715560887677812757927950088      
   181520281.337116399610582040093645805      
   136646875.260272812962070921573006818      
   94329009.0418246864237002090565012879      
   64533038.3418598661827713965515791108      
   43078593.8181313255145076317696370687      
   27047533.4061035610955695828132030513      
   16858011.2091352209446017284837487453      
   9933166.73793734697795694570107763872      
   5761845.47419045281834604783142330751      
   3324451.14988815518393168309052573116      
   1904278.16357593550558028663955867752      
   1176353.87115881021625386686836986497      
   741702.767596765722794017578187322462      
   498380.595049093046140459909778252298      
   325753.791336707932495638400411679101      
   195097.538201029220532088892190442285      
   97170.0364878833392131346237368532603      
   22996.0303530280001360671246727915224      
  -20496.9721050937417373100106747703137      
  -42102.8776566564613769118471656570619      
  -43288.8249304885302434685945845091393      
  -33396.7414299202073531862362089028926      
  -18452.8318301067113655198476343777105      
  -3724.23311561540426453859884019658812      
   6622.26995024885255726733065067075093      
   12419.4930009184608744927536823229018      
   13052.0480547323829820488583027458759      
   10693.2576961305648544816061040573028      
   6628.85202702564210686691470675124017      
   2478.76290623764552970542114105670415      
  -583.141636194976441369040805287528964      
  -2381.19893504594394124067612036488944      
  -2657.07836154797351950913183971594567      
  -2007.80536581489118798382240712042881      
  -790.613752691965386261599907163792565      
   502.633756302982088741847416722272879      
   1488.36874519150078762111554029474459      
   2095.04388797490108517443993742893883      
   2212.00308639380618177025553362188199      
   2004.49937099188835686248275291523317      
   1587.85283009375317618825833874798349      
   1087.35387158145459209933164296483352      
   660.278208200788620402634498917403681      
   332.792185568069788136970257170905178      
   98.5618838678049559124310059301176710      
