   157.016924983292307715744954075741377      
   131.960100227222278495436505952764361      
   102.162902284398856869530954650625285      
   83.9335316275943026879384829320222179      
   49.8068689390454638876534084893213525      
   32.0545077230643597444503685778332327      
   18.2065307801132689874822445170921623      
   7.76954067380700515340724036017714109      
   4.42593466825824053169035693885010063      
   1.50361036635243871100221585501487671      
  0.546243615243448964525106096443929999      
  0.948503443803509699031878651348206570      
  0.154096474818527967292991677697438627      
  0.739847382304840994729935039162412078      
  0.241475969781232050239000500471128730      
  0.310605253967839498812028826270081695      
  0.175636826572593387421615426616349866      
   4.90040387830632204526463520444091477E-0002
   6.29961923413397856234159689958024170E-0002
   0.00000000000000000000000000000000000      
   0.00000000000000000000000000000000000      
