   1324310.65238577515854401833062423613      
   1227224.11364215592118964591494658889      
   1051817.00532074595536797192655884024      
   935262.477149262535515563529226337766      
   862423.911120718207835566890864585219      
   792659.180616480493621892434885690246      
   726111.751519769203818807597089307942      
   666111.814600580628819889602875552768      
   611070.488992865966480686791414363393      
   560511.310123093251204521452030548851      
   514459.076175207387353150016662188774      
   472583.685683343004193883749560819747      
   434539.710482223196708296464722636131      
   400008.863339359732850766303230408838      
   368645.345867659744378498396252846040      
   340115.641719512436160557337542398878      
   314111.747246329417706247991259693079      
   290352.450450524105646944588787980016      
   268587.551144187046653625741736548538      
   248599.230567830348799208623538276572      
   230199.470466857826364747297359569120      
   213227.543487311438205259221189202826      
   197546.423236938995881244740907861334      
   183039.133321225964084971854931353134      
   169605.146246749491755068317537729907      
   157157.262262311940252926476882254189      
   145618.853110768957464664784276763515      
   134921.672710762364118513135457464378      
   125004.110218738478380877770081485023      
   115809.895475177320729670885606673307      
   107287.147520120097871574005481076855      
   99387.7173511281629028216440087030041      
   92066.7363259030879913651850880673187      
   85282.3170354889248544023534525387198      
   78995.3494533706406598321016409630004      
   73169.3545535975075389932657375486772      
   67770.3659996258148673601515486044984      
   62766.8206292750915915173437706733705      
   58129.4473283839127575084949332469127      
   53831.1485031727972176257280445137773      
   49846.8738675379140713128485471460301      
   46153.4878480586594562001017436613973      
   42729.6337950674054046448646114204278      
   39555.5985936767650293784595529609561      
   36613.1805648317194768638293114625131      
   33885.5639318073138125783000651251520      
   31357.2010241121167414289722275239877      
   29013.7043032646872693922238120409079      
   26841.7476714129505562813664126159767      
   24828.9780633499905028582751197150145      
   22963.9356803957456181150706324458998      
   21235.9832358994328739423536209743813      
   19635.2421383797864517642818324254854      
   18152.5357767771775586452525366133488      
   16779.3378819189908530581461312152378      
   15507.7261787062102766599667431867686      
   14330.3395937947026683636281978408852      
   13240.3393698384407286874328922365108      
   12231.3727004967900242156188095387806      
   11297.5393528379344371735451894083661      
   10433.3601970128744445017968337951716      
   9633.74816241497033423460659301906245      
   8893.98076693964278655494352716470059      
   8209.67473082731858390320354518776426      
   7576.76197433073478479272414648508703      
   6991.46746530651118504510328108317366      
   6450.28831491050466299345532420556379      
   5949.97452915894383637439048147060165      
   5487.51088050750957110356620417738930      
   5060.10025370223068282411741196659466      
   4665.14797757508983733554865189449948      
   4300.24745731546247131818104711392627      
   3963.16665560205251656661134210921240      
   3651.83571321012976564900142852624927      
   3364.33528616348417045003551503661039      
   3098.88588003647191905289851546204118      
   2853.83777950679993739375584869004223      
   2627.66185440500650349673371114373440      
   2418.94085350603475326194773497991415      
   2226.36147554145067286104417143058100      
   2048.70683400408423655035351545393353      
   1884.84961881440128789301293662463535      
   1733.74556951245727710990675684072040      
   1594.42758060999745207809857238758554      
   1466.00004557151386998367345993028013      
   1347.63378082850301762949347533936753      
   1238.56112287092016513803209790492331      
   1138.07156336767973360851966780218438      
   1045.50749767100066437167672201650443      
   960.260477703412832439297904099605927      
   881.767523399377024262579037980391614      
   809.507912014752290306217601498370316      
   742.999975359101539615706644714992247      
   681.798354629810362435650471573092392      
   625.491216233925091855483924863044659      
   573.697910498528740233521634147892148      
   526.066547688867113154167713636708271      
   482.272007152899192835233408078004910      
   442.013822919365629610186612890088263      
   405.014497066023139025063617727182832      
   371.017651089165856973514736706981255      
   339.786603597599483934794229893318806      
   311.102749551720598575638432206731556      
   284.764367851936600164716056531019086      
   260.585195638319170699617568480679165      
   238.393436055221205273406029083566197      
   218.030499182872955741939777549462572      
   199.350184319910779696953074682409526      
   182.217562888359414692194990278575288      
   166.508313079322299453413215796377694      
   152.107723325830892256916892314524312      
   138.910160188959292907167614460648432      
   126.818173808113278859496190145717335      
   115.742082535744426581966362927013614      
   105.599164216202578554346176820348940      
   96.3133433639468988347599325092125992      
   87.8144542419726763230546599106097015      
   80.0380183670615155782598267015930938      
   72.9245671993921409210924675117560609      
   66.4194994871674908516774382309970809      
   60.4724529759201244078953188685621630      
   55.0372326064438537347427741100828353      
   50.0712220362439762055213287108029726      
   45.5353750076285243176315324313446641      
   41.3936586717680501495577446803848750      
   37.6131015733268384239554356223997897      
   34.1632618036298761820614416094025820      
   31.0163260267250020483874576177604967      
   28.1465963833764259048178029992345381      
   25.5306358306909340693881799190237423      
   23.1467684916848582724773668756502359      
   20.9752673138785487852367753145299838      
   18.9978632262979044339212452870084697      
   17.1979717568012673410794140322734252      
   15.5602069337652104666978451108138103      
   14.0706440504126344547787227939707342      
   12.7163347444489865636552362328546948      
   11.4856035715980085553479110000407689      
   10.3675611238730722821405595983420769      
   9.35243248363739431474307844521561958      
   8.43106560944502396828297847945510103      
   7.59529009460415980878779104541676452      
   6.83741836689541333185763901634193385      
   6.15063347900086089057840739224577936      
   5.52848094223949068603597066403174857      
   4.96528453641430460264479073001104464      
   4.45562683453756822512860391426542869      
   3.99479224173516149850705641419543388      
   3.57823447366153954035446739778018850      
   3.20204622226169869874521292261361925      
   2.86241203058356668391209946678149556      
   2.55610414076393598585217629901996628      
   2.27991936724232338744279802048381125      
   2.03120081185851511747966868580718047      
   1.80725748080034520056189346917753484      
   1.60591165502162812134338197437373023      
   1.42490012817331980839320906030993539      
   1.26244709890360594503255626388327374      
   1.11664603189948956533530756495591165      
  0.986057992775140646637581232222958293      
  0.869073256240243498913969646154256917      
  0.764535034732152876790862593709958196      
  0.671080080013494916185332527929363805      
  0.587787764138883144237548013384666678      
  0.513499045440502084704131551225584339      
  0.447490846581622631182153568869343915      
  0.388772882197124531024552208525279673      
  0.336787247824662489072390550673099772      
  0.290682729250595299327432633730236082      
  0.250039477734167426289720073431780694      
  0.214120525794640633006941759050838026      
  0.182621400304134150177889264497267322      
  0.154898628638712530392040114841989176      
  0.130744167672797296818321198549383527      
  0.109590649932639260490931439320907292      
   9.13106699644145187933107109731599338E-0002
   7.53982667837256945601352648526382663E-0002
   6.17935615243791724184069318924748423E-0002
   5.00393996138558308946154921691229929E-0002
   4.01326947595718719541837521352301585E-0002
   3.16538787239259138386369695067656672E-0002
   2.46485516991630257761848064365892348E-0002
   1.87242844930771753677479023834898021E-0002
   1.39697216516587056753274206726725193E-0002
   1.00100509078442746599692431336364697E-0002
   6.97643708273241440931821461198801198E-0003
   4.49728906356532775659812665957180962E-0003
   2.75618941905569457358322966294824883E-0003
   1.37506480317312235790380445726134562E-0003
   5.92224933228301626146557065163451615E-0004
   0.00000000000000000000000000000000000      
