   1355435.76774355923426644443666764499      
   1230098.15789140159788837484190321441      
   1044531.01811559235108298992078043438      
   934791.511897308488304297237758331340      
   861068.320028376572327216152396764423      
   790271.130977250474809300918145058507      
   724408.395648871986301499691196902870      
   664601.001184527760986338776273080280      
   609694.364677784028190926847840634992      
   559410.937823459506389960756791754310      
   513568.752524399996335917214303831590      
   471856.380795374141152326259773274844      
   433950.492855114870844803477719345930      
   399516.599089854413177621231217510911      
   368215.864988459194613899226417288867      
   339723.227194358445420031891082908061      
   313736.016213759619225225428095503583      
   289979.472485626624173811980921735549      
   268209.517201309236226493578937621332      
   248212.736138850123417796948602729547      
   229804.622866095835157576168259508468      
   212826.755347774569101144500912305804      
   197143.421881929847662549138296605751      
   182638.123175662887879078332166787103      
   169210.245290036546868103174889502475      
   156772.080647728184620083032962264224      
   145246.289705525429857031551008435168      
   134563.827803962250033332012827217913      
   124662.315198046313533396484692436098      
   115484.799886378755669107564054721484      
   106978.848401408754321753183489984518      
   99095.8960817640547553257268583777540      
   91790.7919153203200967069927022863931      
   85021.4811698255326342545227524748743      
   78748.7792028200457312093236695656787      
   72936.2006245023932974205179025378986      
   67549.8179515542973679152845628044733      
   62558.1326484877012935513975199854359      
   57931.9483579752553440653837594024689      
   53644.2414817423768999880940980926653      
   49670.0278248163698723936081757254376      
   45986.2264246311736680786410103495324      
   42571.5227655249277712421192539023217      
   39406.2341241903611654909018857818686      
   36472.1795104336239864571689759085199      
   33752.5563775612538165469615772298779      
   31231.8255041234396197384678637922359      
   28895.6050126621662007265777995423316      
   26730.5737254905563396956992472522040      
   24724.3838097197805111347141193584612      
   22865.5820928474382162932689742627738      
   21143.5394535203248164244668214996311      
   19548.3873147141708325773373914014296      
   18070.9605143446225182530398680287309      
   16702.7455647742974050549020697418140      
   15435.8337009400332442200536644502870      
   14262.8778800678266005909931539690418      
   13177.0533539427525113893011461793648      
   12172.0211625600144483435998786031716      
   11241.8943852014238531639023366391847      
   10381.2066455426197228978238013789871      
   9584.88287087325845180576017698997611      
   8848.21188947327427081776780619872724      
   8166.82097439482685815790552587423312      
   7536.65195184570566125343265505397335      
   6953.93904918552767952878371814982489      
   6415.18809940471095597041149417192037      
   5917.15732095636643425110153458855791      
   5456.83927002106041859624172136493037      
   5031.44421963431196994182767186543749      
   4638.38453595702279557487232676266858      
   4275.26034187971369571808463054125236      
   3939.84601002699496582063448878272963      
   3630.07781469468971644614314024359643      
   3344.04225661989538907157063864589430      
   3079.96543333500792826631484967945995      
   2836.20294025416286536794581649951380      
   2611.23072138714124617719969470821401      
   2403.63632427963573371300610408078533      
   2212.11102610028438981409443740151669      
   2035.44225213956638469366498249261252      
   1872.50680290559209152637527200590702      
   1722.26427444633388789417604116984545      
   1583.75123840372853200031332597573980      
   1456.07552637396268028362704745452205      
   1338.41123658777307459760466337974328      
   1229.99376411726297782536626229548698      
   1130.11552559161994259987192343587737      
   1038.12163312272152560482449583554417      
   953.406243135843731701622631541857927      
   875.408785311133338422444300956359108      
   803.610854021670004977832038411492440      
   737.532915074939341985898574274468083      
   676.731668982413556518662783802701776      
   620.797168290038215112443659826298153      
   569.350591302800092057230955975247787      
   522.041711576589304151358450590634816      
   478.547028981633904286995665059156447      
   438.567540636147557152874222585440292      
   401.827183429769619854885026494515444      
   368.070862410720871914862193531702358      
   337.063165195472598491028429437694729      
   308.586609665266201812340528224576742      
   282.440596152584579103344536015007677      
   258.439841354278193525772441249185484      
   236.413538906047785547534414183894245      
   216.203950776356148025800928013643487      
   197.665750914900190826839915510090070      
   180.664749149606512778977753480112150      
   165.077396115831672164210318667343380      
   150.789617924914402296656619429012014      
   137.696463628674760457288288283631663      
   125.701031737093770660676539368318272      
   114.714244116165665987268713356955956      
   104.653847866787025018527573600553987      
   95.4443018499391267283501583234988926      
   87.0158395503830159736872119417702907      
   79.3044564184602591561453726479638518      
   72.2510211735754492883069929570440247      
   65.8013538859141587796231570191200920      
   59.9053747621722203554947687963216297      
   54.5172643967335609483363252711085671      
   49.5946404568540869128193141120785905      
   45.0987928404081600671573597875439981      
   40.9938798669646255681754325102111351      
   37.2472322135960703637079464947428635      
   33.8285612459082973364567523796612309      
   30.7103265870429568465890786855952672      
   27.8669501097756733109154426131596564      
   25.2752428464446506500815277090776378      
   22.9136189281770779224332829224195696      
   20.7625782823142537023013040020476275      
   18.8039154638037210848039854480110329      
   17.0212552268425686831159739321638911      
   15.3992517605568060566315729739868952      
   13.9241747761776345247140341250671948      
   12.5830951465637737856716387513530139      
   11.3645196306767127050813132189445930      
   10.2575593349288750415910254361876281      
   9.25261161295455764846281087149358372      
   8.34050812543557286437136325534850201      
   7.51324281379597717203591005924230828      
   6.76309664210319224327679480056101524      
   6.08341085583674240660477615437774601      
   5.46768575166712465214521799705005713      
   4.91039870336590431026032532309187220      
   4.40607452878653962216824687596727406      
   3.95014799994009771345951121978092997      
   3.53800356659949063990937159565497351      
   3.16588227145883405735127960456371121      
   2.82988875101697604628473748936806449      
   2.52694265382017244624557133232880467      
   2.25375097561605229866175778672115297      
   2.00780423264755087785615012292013219      
   1.78631230295954098999292212978835160      
   1.58724574079772626497749235032405548      
   1.40823339242137048443094223033546924      
   1.24764935469660546560380099453359852      
   1.10347071447199221566213572609401428      
  0.974410756919957670154725348577101819      
  0.858735244774533552226404845412163182      
  0.755442572000226259743109025393957358      
  0.663037054923404420633588015088474674      
  0.580756806149835731065842503504217268      
  0.507302555387510661250099881724411937      
  0.442114088512402852305486099705334194      
  0.384053152765840401111396265483558525      
  0.332729367333988179324989089346675129      
  0.287135796243704881994355573629564234      
  0.247025290239671897569397257557641540      
  0.211497331465975802129399366608343832      
  0.180425812197698919796833491138512752      
  0.152995768882719889530017069678812911      
  0.129183642300210691507891273020323851      
  0.108242526484690224927926561684701603      
   9.02359896503719273436035263184796711E-0002
   7.44704691220639301443873725205018404E-0002
   6.10837679142201301606087197084291139E-0002
   4.94232380307558596255733876794157372E-0002
   3.96901079972195838289794638202845694E-0002
   3.12621153851239109019723905113013245E-0002
   2.43949100156359039566934699166703465E-0002
   1.84877771146604903466057598352888506E-0002
   1.38434717807133779182367244432389447E-0002
   9.87584284514489071323493268657684940E-0003
   6.92949413640464586141983090629916068E-0003
   4.42751275137271669832309906981576966E-0003
   2.75382185769752394602989032314864215E-0003
   1.34240031329148850425412740121836178E-0003
   6.05971853971626219729839434646707363E-0004
   0.00000000000000000000000000000000000      
