   1323895.27161109580395636786004802185      
   1227145.96165636589839277245801559856      
   1051950.60615327323622494619928829986      
   935263.440325645674768231556528573487      
   862434.732424597920517196694990140950      
   792692.237119423763961287986569930546      
   726131.649003974458912326179551509728      
   666126.761533056340621607210347768868      
   611085.722908972864081072315739466785      
   560522.165702680609696366061723403676      
   514467.416204220348369864972302436035      
   472590.361715374797200161067020486758      
   434545.013459781723566454728641191306      
   400013.208701355020414555700746901589      
   368649.319613361620173705667259506108      
   340119.416138934393970187767029028711      
   314115.579464414695085049227863227560      
   290356.432581862352055492824866864071      
   268591.745530893341468621178193512454      
   248603.614482519165592802378148122369      
   230204.014491626431418021062292403699      
   213232.179065248460790735446074124940      
   197551.086944416119971093088266829013      
   183043.757477870384489881052264498012      
   169609.674867315191633009176577069439      
   157161.649360370534328634385905362727      
   145623.065626556079069112385597024120      
   134925.690278504689162723908439842450      
   125007.921934548942020542448456006137      
   115813.500408292920125723373462950295      
   107290.549468134085712885640080661230      
   99390.9259077315285718309860320154212      
   92069.7619068542000604096392739562598      
   85285.1724573276319749067736415459738      
   78998.0460505689555809835779689986921      
   73171.9041072204726265904103716615743      
   67772.7779971589228751118928946426314      
   62769.1042815872351151206379960958275      
   58131.6097034642357322932595721790234      
   53833.1963939986976184070204702613933      
   49848.8124797450020917953999135953892      
   46155.3223752517203469474273690448686      
   42731.3684158766183375517425514454427      
   39557.2377146878844044464244636795673      
   36614.7279840809941965054518270424231      
   33887.0237850508563589422108189002568      
   31358.5770507982792151611222751066681      
   29015.0005675513570082482405291794867      
   26842.9679106539851759893464129330557      
   24830.1262581923429566228558626810470      
   22965.0154815986333560185770148421930      
   21236.9984422969917243598287312687458      
   19636.1961980359858316324180401702518      
   18153.4322107285067135760518229173496      
   16780.1798509506652845751701358407254      
   15508.5168728674402425507452183221996      
   14331.0818525511773566925425422056864      
   13241.0360455818052035010399634777834      
   12232.0263194125328195314557001804899      
   11298.1524547267374197969894504563311      
   10433.9350263438197345525970414540138      
   9634.28698487870632603136407420736692      
   8894.48558339828987902247956881013039      
   8210.14757111287829373938091130169109      
   7577.20462989043381577708011197715004      
   6991.88176139357793974955024900505162      
   6450.67585996964657825749511307031250      
   5950.33696699263290759360225807504302      
   5487.84965571551761689262247166303369      
   5060.41684545449285570797871773799623      
   4665.44368091395988211610298414449074      
   4300.52359992746541518033630003885836      
   3963.42439482592230701001472930357398      
   3652.07623685633918529340827406204317      
   3364.55962492045698938615339997968453      
   3099.09509308166075970996125716535742      
   2854.03278184188885540874128562395667      
   2627.84358780185040567649744811761758      
   2419.11012820413542485846112614765263      
   2226.51912697820180791299279018915118      
   2048.85357828224107337251473417203797      
   1884.98619564639880929247268948937750      
   1733.87261088898093506576165002766396      
   1594.54574040326788597974500894157972      
   1466.10988088054940144082182810646879      
   1347.73586870590645626681781955838213      
   1238.65595386627522207339096776969819      
   1138.15964585033146743933487893037678      
   1045.58926313136260469694465975467753      
   960.336373136232682822214967739582766      
   881.837927952748714001694381056808097      
   809.573217877180552364204624079335259      
   743.060515370790167849557975755593108      
   681.854472087728237645678771662675441      
   625.543203103089079734486037590956433      
   573.746066517013007500179619886315621      
   526.111128840720083681659488115820298      
   482.313274422755134356910430239948972      
   442.052000714156289885036138377423616      
   405.049811938016737138618554835793902      
   371.050299820408114697242817236378356      
   339.816782181177314761987023320096767      
   311.130630679998835158083581195232672      
   284.790120418468267579661534887820262      
   260.608971397500137002264598949755877      
   238.415379881306793785443727170924105      
   218.050744693958194477731254799123643      
   199.368855105838728058636604149468917      
   182.234776915560110877351491476926010      
   166.524175076030362878139614936088394      
   152.122337806139145450780758689659670      
   138.923615161812270552954654163707333      
   126.830562278955586118487210567256470      
   115.753477685356202960558334182925611      
   105.609649256608333611990956267489856      
   96.3229783144178244246188971490846737      
   87.8233140324690591983578606964285656      
   80.0461513217120934521782397744559472      
   72.9320412957070039456982250673265180      
   66.4263526420468758820792795374970431      
   60.4787473822003432462181050348523294      
   55.0429969029978567791918356149616134      
   50.0765136550909786571752446888368265      
   45.5402142979763918421570129660687485      
   41.3980992008890698266451448108709344      
   37.6171562644820574327969192389494106      
   34.1669811421318856361947132438626032      
   31.0197162636264734240829210110541367      
   28.1497056045277461904345171084148244      
   25.5334642719511984329613620162370462      
   23.1493624332320574273520751038810977      
   20.9776215486309759120230391042306432      
   19.0000227441053416555844769677619827      
   17.1999264059122873498270510654893000      
   15.5620008596306090195729509028514241      
   14.0722625906165873629482199535005882      
   12.7178215844429712409812719415611419      
   11.4869399168132386787251627736028888      
   10.3687905294528310548883880605510578      
   9.35353235382743699164951848810141293      
   8.43207964989129957999525474144896493      
   7.59619219904128925556241765103996170      
   6.83825262829709847219224399667559799      
   6.15137053764647908709070458549086593      
   5.52916547527382079195868787301158737      
   4.96588416032267738095804101254219150      
   4.45618697063613936464418839342593266      
   3.99527769088363532581730880287500958      
   3.57869152678286100237835681029316071      
   3.20243705698218266856253933434070453      
   2.86278389970239722230680736002863963      
   2.55641678096878406097195126701352980      
   2.28022105278682100030683083398360793      
   2.03144901649206771927997469222782968      
   1.80750152659400865720796353350972242      
   1.60610693260164163841025695404660154      
   1.42509699894672968103524576166990312      
   1.26259905862345970883353317687377046      
   1.11680443510933753522518966017554786      
  0.986174644403213505414451046391071297      
  0.869200415761323631983808739914153840      
  0.764623044462823182408947313525358229      
  0.671181968254255345960057915973478201      
  0.587852672623039551267069518649062671      
  0.513580579583675514427535689354189380      
  0.447537254593131119771495104149200018      
  0.388838089595898975970985967449690907      
  0.336818974393539422377354256573074790      
  0.290734886491002306224041772006475935      
  0.250059695062386016065187217550742682      
  0.214162275549039067912052579877345234      
  0.182632749191363555200227588588945648      
  0.154932078115657737973142797562147430      
  0.130748856559943277752461216297393703      
  0.109617454041252972706236665582484038      
   9.13105596965292077808954237776027971E-0002
   7.54196992096776188198997081459180656E-0002
   6.17902353544562648081643320093462888E-0002
   5.00564139632106515858026151402500142E-0002
   4.01275145789338375765429215840813895E-0002
   3.16671589989301070419139373191490252E-0002
   2.46426928646863396376730118187162919E-0002
   1.87343021056619967285420914902977005E-0002
   1.39641744391599816397582071323550709E-0002
   1.00171085481750027298303349297098747E-0002
   6.97201626183781680286916602719749000E-0003
   4.50159282796990252618063623345512865E-0003
   2.75337809331358505555029627894062536E-0003
   1.37698126809053587425468189758632678E-0003
   5.91105255531174624847332918314926374E-0004
   0.00000000000000000000000000000000000      
