   1394225.19200543714799578450148205162      
   1230224.14238457224364012598393299004      
   1039000.44820847420553549712114700681      
   933614.617510040225748823386339649037      
   858544.483824679756635582632603567681      
   787197.802971397322760743926475442624      
   721610.128597425217309982137465515685      
   661940.784811311307419732238480066493      
   607275.691658000103838913910624908550      
   557309.406133300719598824347591783169      
   511771.883900243391265414734919285985      
   470339.539978052372360317221188870635      
   432675.890654491231182794638917176993      
   398437.667619411093064127768823666732      
   367286.935579778524937632367889543668      
   338902.762175250218586800553783421269      
   312988.874568203497641305382654007969      
   289278.124649076706609020943978188108      
   267534.029340716661551148368352190472      
   247550.076921414536734215023717616345      
   229147.561289816599945342124395107538      
   212172.562642691770802264205494524396      
   196492.570189587321451309799613573326      
   181993.108492252189144741755872987546      
   168574.605967719608134417638653461554      
   156149.643123699803186450371684168823      
   144640.639613481769308413330156937589      
   133977.982966683837182387226014725266      
   124098.564933240991489804402344414270      
   114944.670394845964765847718497381335      
   106463.154965442314012880776526399999      
   98604.8473700095791580645554040499304      
   91324.1182082592196890891698288198122      
   84578.5654825266089976178653092427341      
   78328.7771503096929804859464408836948      
   72538.1408597170628676879583001846956      
   67172.6797908098036392820337998846013      
   62200.9010110158375425914749431848225      
   57593.6484456928502332227397880610074      
   53323.9568961554196482449187193958135      
   49366.9062656396754838818609723627857      
   45699.4769821179537784588685170868432      
   42300.4083034725945716852086295778706      
   39150.0615486399230214982205307508415      
   36230.2899534555567335827762501204713      
   33524.3166124892421988063370647784098      
   31016.6212905961093978273969865346058      
   28692.8365963285470410861761972131378      
   26539.6533729097080669475296904593833      
   24544.7350550759222938330786718273284      
   22696.6402651738709429617145149954494      
   20984.7530406869086316601839913411886      
   19399.2197515088350150554416286470184      
   17930.8920611795480548719655040312332      
   16571.2750224627976602084750426538071      
   15312.4798022651596018094595772128638      
   14147.1802682370288687517128482905646      
   13068.5731304211905783555965011373456      
   12070.3410238777723782462389187937087      
   11146.6184086089088548188303199336609      
   10291.9597887588128433037936713572021      
   9501.31026660272296365627797385434858      
   8769.97799978850053387686960038616680      
   8093.60867290848483204818494110606913      
   7468.16157675840317412155593220539671      
   6889.88747085754232816537890190950415      
   6355.30782008871475349555728274197130      
   5861.19562860898215159830940986086227      
   5404.55744460243317251684444868438892      
   4982.61680030742478570281889815272717      
   4592.79863698734764101645938153536632      
   4232.71502030452626051791451212805508      
   3900.15166918600502166004173473458040      
   3593.05564685416040969156438367504035      
   3309.52370894880483777422121341899287      
   3047.79170317668215776457611663402865      
   2806.22448538017035998474224068897947      
   2583.30679432258638513589318921810551      
   2377.63451750885158635824456008113615      
   2187.90683978440188264013064697991607      
   2012.91867138820986659171509615386380      
   1851.55389795657893278945753627071736      
   1702.77881018408632412359668804831436      
   1565.63630768856166484862178869904339      
   1439.24019245837441228785672641318472      
   1322.77019993619905103539025169939828      
   1215.46703751661543247583296173562590      
   1116.62813370463758572620085101379460      
   1025.60331895152092593220045433631376      
   941.791198518268590496502769443370085      
   864.635386550390258617386971286223737      
   793.621420916723431034019250551246341      
   728.273473138928639941668191764523029      
   668.151734414540672149813851924323350      
   612.849534190677910973835069899897749      
   561.991136107364593194177040898598981      
   515.229206873114280194776232956625220      
   472.242969174244020388835108401702921      
   432.735970236200598200126019506268391      
   396.434545979402607056104400709791121      
   363.085845363385444030629926204170012      
   332.456566350225055212841203636210882      
   304.331197944252902721917110537831544      
   278.510993962477880903195979252341503      
   254.812399710215143541533397643513160      
   233.066234260764725923371718516084027      
   213.116273050076722840627798187451591      
   194.818613434448653763414940108151724      
   178.040388239704320727602250621818089      
   162.659292884862404635668389622904669      
   148.562408166518060732901861385559901      
   135.645870285678088315782493839898593      
   123.813783957578546461888191287021791      
   112.978019323951608031752576966172844      
   103.057198912773611644124034026655422      
   93.9766077145106079301593883564004590      
   85.6672396260873553909259043188019529      
   78.0658089638446048953174264365564292      
   71.1138438543424683000842346908710314      
   64.7577891885386819838088114389367652      
   58.9481360056228755305038959125154696      
   53.6396073963805266527082127618395155      
   48.7903142968070591968351072938187303      
   44.3620171533096486892525374229570645      
   40.3192997279560637994032824102929239      
   36.6299004698601077950735366410412487      
   33.2638969576782508247153242533739253      
   30.1941019027630820763396016879568493      
   27.3952517380117901272198776307159179      
   24.8444630288694561789349015989617065      
   22.5204194792878150762967685105447391      
   20.4038852636411815507623126377975065      
   18.4768853764634187001298964043307497      
   16.7232730368318015129938231339589329      
   15.1278988727448490656420125663627963      
   13.6772301026282859954620033055800769      
   12.3585045299152795176700097950166093      
   11.1603996854332285264818016722743523      
   10.0721680235839506987741432799624631      
   9.08435462439688128841224618454499949      
   8.18791033892694925102117418509659914      
   7.37495700933036604353672825614185529      
   6.63787561573916322019753670304996170      
   5.97011828432062540774197436100201300      
   5.36526874792969793104550294896798229      
   4.81790068225511730907970116630641012      
   4.32260801405122570608668365201304702      
   3.87490935979381057442914486988149171      
   3.47024590350371690412717068008335100      
   3.10493191572379932122926098736443514      
   2.77511808242180453748606075005759579      
   2.47778825879769051105302905167088631      
   2.20968626544398295997842610775365722      
   1.96835918518391683151133374223782674      
   1.75104575601115980258853423958725490      
   1.55576665305413860340398322747150366      
   1.38017270281501516654191402244381193      
   1.22268270926228278441789244292535948      
   1.08128979316902746698505245248533885      
  0.954747423711528803701370715999531282      
  0.841332252560882090457973648385905974      
  0.740079102336980857932300710855922427      
  0.649498719493675212265612846071532004      
  0.568862550325578557120120434887239439      
  0.496873881195453880825285825608571277      
  0.433003302902378229478971078739892462      
  0.376111742602229847737648796175401206      
  0.325837579171156245750854894431227337      
  0.281170099005869242889374518326649547      
  0.241889279113949027871846140936251111      
  0.207088219283504170471100200176461545      
  0.176666656403527842755125388641580596      
  0.149800938765485553058542570925052850      
  0.126492375341171159191274889788875812      
  0.105983325486963032001347352722710653      
   8.83615225595589398921132993768178391E-0002
   7.29208569217824442661832187392997836E-0002
   5.98228484209383494930377292695736442E-0002
   4.84007076159231951131460449044106730E-0002
   3.88791723924931442036353802527838982E-0002
   3.06204498739223913600615848514614793E-0002
   2.39036877693767525426505477931951607E-0002
   1.81114358587120030141523626948375521E-0002
   1.35700973675236005701598031819275961E-0002
   9.67563495798913762016707057216792763E-0003
   6.79647107901711712680467788759598579E-0003
   4.33691546860192806578595336822664226E-0003
   2.70505587567598676767945789426241811E-0003
   1.31217854814024118501160001778303007E-0003
   6.01502713316333322064635238562824505E-0004
   0.00000000000000000000000000000000000      
