   1323895.88976061394305941532225809937      
   1227146.07975929067606608337082205506      
   1051950.40563242836036599686675651921      
   935263.439447887522786834244994623195      
   862434.716152981578644446609975842861      
   792692.188161614322869798768283240754      
   726131.619123509483512630473004770576      
   666126.739658304557582357697532322381      
   611085.700064109005538876137784888203      
   560522.149800176517358372778193796250      
   514467.403700560765668159267056490125      
   472590.351974470460151105228899705881      
   434545.005491684993928823111885591740      
   400013.202381136820200408132913714982      
   368649.313636563506118740526594773492      
   340119.410626750798669171341708488794      
   314115.573708041892218110373520385152      
   290356.426732381778088867763689517013      
   268591.739244858733711273999868491215      
   248603.608016874527760184906989575571      
   230204.007695415620430615410328994615      
   213232.172213757536567819031870812017      
   197551.079979892585448893146996096436      
   183043.750636224979555880287424532755      
   169609.668112246680926005283916518671      
   157161.642866394758603909051096410150      
   145623.059348413054213973213256185862      
   134925.684330166421007385238349671758      
   125007.916257421489821310972097098879      
   115813.495070061532432326255201169932      
   107290.544403742609842883409292402265      
   99390.9211556456116193597502921273375      
   92069.7574043269988503647720744936100      
   85285.1682273503779675330495220992867      
   78998.0420386537127914520981233316127      
   73171.9003294184564591311883814906428      
   67772.7744093829608129392026806162825      
   62769.1008969282109086435045402512493      
   58131.6064875473143104300519840957449      
   53833.1933580522492008313022681092832      
   49848.8095970733487247934000453787227      
   46155.3196550482317347684630849465961      
   42731.3658369371007092110224751463268      
   39557.2352837940497800778105615840627      
   36614.7256838127022074330270238312575      
   33887.0216196762766371073328172110590      
   31358.5750056090033072478307176442527      
   29014.9986445411950411842592210495916      
   26842.9660972660232336791782018744782      
   24830.1245545960454405725410855299747      
   22965.0138771287477192216332589178154      
   21236.9969357952595380076581622425170      
   19636.1947805870317430419193632390827      
   18153.4308802745652774802244456506199      
   16780.1786001939604115506530585388025      
   15508.5156991636880709848422910721254      
   14331.0807500580057071786562074298424      
   13241.0350112711279131717963201728516      
   12232.0253487092312458441278319286858      
   11298.1515443415073083952703769334751      
   10433.9341727754715669838914816192816      
   9634.28618465273112437145278334376039      
   8894.48483390872276675568410792436806      
   8210.14686875463717635373581507977170      
   7577.20397279986062891993942272276024      
   6991.88114588213175913421498513647383      
   6450.67528479105023093809494521299214      
   5950.33642841928856888111005371694046      
   5487.84915301796887648054056785613512      
   5060.41637490749386936441043242230786      
   4665.44324222284686703464020088174722      
   4300.52318940583954669635947982699734      
   3963.42401254494922697610824670798117      
   3652.07587919853510122733143100500093      
   3364.55929226299408131237962379907535      
   3099.09478189922416744700037118441638      
   2854.03249276469358886145320112252574      
   2627.84331741380179030059785181493283      
   2419.10987734129977908049876247319778      
   2226.51889234570078516642152735233256      
   2048.85336088011652011999722934951021      
   1884.98599230916529973952786939835067      
   1733.87242274383646386368479332191286      
   1594.54556441952187906746269054974883      
   1466.10971828049835111518187061077160      
   1347.73571659703870775915123882710990      
   1238.65581353829388775076522979493743      
   1138.15951455076450406756701055783256      
   1045.58914219352505912183473403273637      
   960.336259948340305369991906195445903      
   881.837823871348317708558889761835436      
   809.573120430818649197218783289404256      
   743.060425921831926702979978559772903      
   681.854388303848871488755100887030856      
   625.543126337637825580511061081898689      
   573.745994574888676752837118310934060      
   526.111063053676824227379965246516889      
   482.313212730439586845507491600638365      
   442.051944416133809936461427420839001      
   405.049759105756344521335061853299766      
   371.050251712449397575838012346073725      
   339.816736997541838068933501123420254      
   311.130589630920672563759798187310437      
   284.790081828994304511097398519480172      
   260.608936423658276156659033988610841      
   238.415346969453495136923685614966639      
   218.050714941232658736924645535945856      
   199.368827076055782908640972235972840      
   182.234751643360284732261814056524658      
   166.524151238740667680359401421632619      
   152.122316373233174792734436977156751      
   138.923594920119100714153312165184605      
   126.830544130938655941374505992592323      
   115.753460523296675569541828363879364      
   105.609633914838060451429670787203308      
   96.3229637865990539445289423355046102      
   87.8233010843114840001943279422524198      
   80.0461390441816985017743579750560802      
   72.9320303859517643937056371925856161      
   66.4263422842640227732648709118122307      
   60.4787382055175590077434891853124602      
   55.0429881807842008878167832049605826      
   50.0765059494148879106530545203956485      
   45.5402069673380309826200415609832122      
   41.3980927416246137303553399775348392      
   37.6171501162041485834821494972407746      
   34.1669757370905065832254522563646851      
   31.0197111185517485632109003572650548      
   28.1497010895078879104894518385176633      
   25.5334599768624486034931192059671655      
   23.1493586681683865603351492778528353      
   20.9776179726657645190521810932762437      
   19.0000196097186214172859074907089949      
   17.1999234374457415942068577264543117      
   15.5619982545174615997898491961697355      
   14.0722601345551021767339761764112530      
   12.7178194225514629074329193272367795      
   11.4869378922483067548759917233680506      
   10.3687887378959036712754730792857372      
   9.35353069200459930918883963884245811      
   8.43207816705557044593102051278106536      
   7.59619084160440667100044441520447260      
   6.83825140220948792853658822388469750      
   6.15136943512219354666790390037321755      
   5.52916446219288447681599629290072926      
   4.96588327081410441637095574056585867      
   4.45618613383892392702675471677001237      
   3.99527697894605293553995561802210400      
   3.57869083552161311463566331894570039      
   3.20243649265679978097640014461202156      
   2.86278332830857879926226974241310494      
   2.55641633895362706720261418966428814      
   2.28022057990265941395410500028723175      
   2.03144867543165661494514185507410493      
   1.80750113451427756125513661015414835      
   1.60610667447947580992286612415028199      
   1.42509667305564749911468796009638766      
   1.26259886824342945703678837137423655      
   1.11680416339941232097046109599065996      
  0.986174508947919705789688199250627876      
  0.869200188422677373711628127025861055      
  0.764622953118433736014252081071390994      
  0.671181777324426152638635605311845334      
  0.587852616261732961708388104482765576      
  0.513580418649109102150695446737139320      
  0.447537225505373937134238530985113340      
  0.388837953537284693137427423341585170      
  0.336818966063426115922873700598630485      
  0.290734771265328176566002364460644765      
  0.250059701980082036521002522480427420      
  0.214162178001765783573651052556316673      
  0.182632766697605279263956425289925046      
  0.154931995816855708797869245070891903      
  0.130748880718467976162028369059119529      
  0.109617385140598929076792876633152452      
   9.13105871917463960206854922951137291E-0002
   7.54196423051502393685082044750157711E-0002
   6.17902634154077888309091796921948692E-0002
   5.00563679801375881218467800449231956E-0002
   4.01275409279039672080282282778578876E-0002
   3.16671230809589970144925333644572098E-0002
   2.46427157012902146938300709252367364E-0002
   1.87342754927342322621984281582901042E-0002
   1.39641924761243229510475805990283938E-0002
   1.00170904745729304313958851289739430E-0002
   6.97202874529127294351487833730841626E-0003
   4.50158238335875191570687112461766806E-0003
   2.75338506369389968843004985828623992E-0003
   1.37697699529725531576181056349099534E-0003
   5.91107652908924584426948437244435817E-0004
   0.00000000000000000000000000000000000      
