 0.13074065528685E-02
 0.98710961869408E-04
 0.98047937248203E-04
 0.97389510180201E-04
 0.96735641013504E-04
 0.96086290782803E-04
 0.95441421185295E-04
 0.94800994557659E-04
 0.94164973854049E-04
 0.93533322625051E-04
 0.92906004997556E-04
 0.92282985655518E-04
 0.91664229821537E-04
 0.91049703239249E-04
 0.90439372156471E-04
 0.89833203309067E-04
 0.89231163905515E-04
 0.88633221612127E-04
 0.88039344538898E-04
 0.87449501225959E-04
 0.86863660630601E-04
 0.86281792114848E-04
 0.85703865433550E-04
 0.85129850722975E-04
 0.84559718489883E-04
 0.83993439601044E-04
 0.83430985273201E-04
 0.82872327063441E-04
 0.82317436859966E-04
 0.81766286873239E-04
 0.81218849627499E-04
 0.80675097952611E-04
 0.80135004976254E-04
 0.79598544116423E-04
 0.79065689074233E-04
 0.78536413827011E-04
 0.78010692621660E-04
 0.77488499968292E-04
 0.76969810634112E-04
 0.76454599637539E-04
 0.75942842242561E-04
 0.75434513953311E-04
 0.74929590508847E-04
 0.74428047878141E-04
 0.73929862255260E-04
 0.73435010054722E-04
 0.72943467907044E-04
 0.72455212654441E-04
 0.71970221346703E-04
 0.71488471237210E-04
 0.71009939779112E-04
 0.70534604621634E-04
 0.70062443606527E-04
 0.69593434764643E-04
 0.69127556312639E-04
 0.68664786649793E-04
 0.68205104354937E-04
 0.67748488183500E-04
 0.67294917064650E-04
 0.66844370098546E-04
 0.66396826553667E-04
 0.65952265864256E-04
 0.65510667627828E-04
 0.65072011602781E-04
 0.64636277706074E-04
 0.64203446010988E-04
 0.63773496744960E-04
 0.63346410287488E-04
 0.62922167168100E-04
 0.62500748064393E-04
 0.62082133800131E-04
 0.61666305343401E-04
 0.61253243804834E-04
 0.60842930435870E-04
 0.60435346627081E-04
 0.60030473906547E-04
 0.59628293938279E-04
 0.59228788520681E-04
 0.58831939585069E-04
 0.58437729194223E-04
 0.58046139540985E-04
 0.57657152946895E-04
 0.57270751860866E-04
 0.56886918857894E-04
 0.56505636637805E-04
 0.56126888024032E-04
 0.55750655962429E-04
 0.55376923520118E-04
 0.55005673884354E-04
 0.54636890361435E-04
 0.54270556375631E-04
 0.53906655468139E-04
 0.53545171296068E-04
 0.53186087631446E-04
 0.52829388360256E-04
 0.52475057481490E-04
 0.52123079106226E-04
 0.51773437456730E-04
 0.51426116865578E-04
 0.51081101774798E-04
 0.50738376735030E-04
 0.50397926404707E-04
 0.50059735549259E-04
 0.49723789040323E-04
 0.49390071854984E-04
 0.49058569075025E-04
 0.48729265886196E-04
 0.48402147577497E-04
 0.48077199540482E-04
 0.47754407268571E-04
 0.47433756356383E-04
 0.47115232499081E-04
 0.46798821491731E-04
 0.46484509228674E-04
 0.46172281702917E-04
 0.45862125005530E-04
 0.45554025325060E-04
 0.45247968946959E-04
 0.44943942253022E-04
 0.44641931720840E-04
 0.44341923923260E-04
 0.44043905527868E-04
 0.43747863296469E-04
 0.43453784084593E-04
 0.43161654841001E-04
 0.42871462607215E-04
 0.42583194517045E-04
 0.42296837796138E-04
 0.42012379761538E-04
 0.41729807821248E-04
 0.41449109473816E-04
 0.41170272307919E-04
 0.40893284001971E-04
 0.40618132323730E-04
 0.40344805129925E-04
 0.40073290365891E-04
 0.39803576065212E-04
 0.39535650349381E-04
 0.39269501427463E-04
 0.39005117595782E-04
 0.38742487237601E-04
 0.38481598822833E-04
 0.38222440907745E-04
 0.37965002134690E-04
 0.37709271231833E-04
 0.37455237012908E-04
 0.37202888376968E-04
 0.36952214308158E-04
 0.36703203875498E-04
 0.36455846232676E-04
 0.36210130617850E-04
 0.35966046353473E-04
 0.35723582846116E-04
 0.35482729586315E-04
 0.35243476148423E-04
 0.35005812190483E-04
 0.34769727454102E-04
 0.34535211764350E-04
 0.34302255029665E-04
 0.34070847241774E-04
 0.33840978475628E-04
 0.33612638889349E-04
 0.33385818724194E-04
 0.33160508304529E-04
 0.32936698037824E-04
 0.32714378414655E-04
 0.32493540008728E-04
 0.32274173476915E-04
 0.32056269559302E-04
 0.31839819079264E-04
 0.31624812943541E-04
 0.31411242142345E-04
 0.31199097749471E-04
 0.30988370922437E-04
 0.30779052902631E-04
 0.30571135015478E-04
 0.30364608670636E-04
 0.30159465362191E-04
 0.29955696668887E-04
 0.29753294254367E-04
 0.29552249867434E-04
 0.29352555342339E-04
 0.29154202599074E-04
 0.28957183643703E-04
 0.28761490568701E-04
 0.28567115553323E-04
 0.28374050863984E-04
 0.28182288854674E-04
 0.27991821967389E-04
 0.27802642732578E-04
 0.27614743769630E-04
 0.27428117787368E-04
 0.27242757584574E-04
 0.27058656050542E-04
 0.26875806165647E-04
 0.26694201001945E-04
 0.26513833723797E-04
 0.26334697588515E-04
 0.26156785947038E-04
 0.25980092244631E-04
 0.25804610021605E-04
 0.25630332914074E-04
 0.25457254654722E-04
 0.25285369073608E-04
 0.25114670098986E-04
 0.24945151758155E-04
 0.24776808178325E-04
 0.24609633587512E-04
 0.24443622315447E-04
 0.24278768794511E-04
 0.24115067560678E-04
 0.23952513254481E-04
 0.23791100621987E-04
 0.23630824515780E-04
 0.23471679895953E-04
 0.23313661831099E-04
 0.23156765499301E-04
 0.23000986189113E-04
 0.22846319300530E-04
 0.22692760345928E-04
 0.22540304950990E-04
 0.22388948855581E-04
 0.22238687914584E-04
 0.22089518098674E-04
 0.21941435495028E-04
 0.21794436307944E-04
 0.21648516859367E-04
 0.21503673589296E-04
 0.21359903056067E-04
 0.21217201936474E-04
 0.21075567025718E-04
 0.20934995237167E-04
 0.20795483601882E-04
 0.20657029267906E-04
 0.20519629499264E-04
 0.20383281674664E-04
 0.20247983285851E-04
 0.20113731935591E-04
 0.19980525335244E-04
 0.19848361301894E-04
 0.19717237754993E-04
 0.19587152712494E-04
 0.19458104286421E-04
 0.19330090677859E-04
 0.19203110171314E-04
 0.19077161128424E-04
 0.18952241980989E-04
 0.18828351223296E-04
 0.18705487403736E-04
 0.18583649115686E-04
 0.18462834987677E-04
 0.18343043672836E-04
 0.18224273837660E-04
 0.18106524150119E-04
 0.17989793267185E-04
 0.17874079821819E-04
 0.17759382409544E-04
 0.17645699574694E-04
 0.17533029796490E-04
 0.17421371475111E-04
 0.17310722917947E-04
 0.17201082326281E-04
 0.17092447782646E-04
 0.16984817239190E-04
 0.16878188507383E-04
 0.16772559249494E-04
 0.16667926972290E-04
 0.16564289023510E-04
 0.16461642591728E-04
 0.16359984710300E-04
 0.16259312266222E-04
 0.16159622014797E-04
 0.16060910601169E-04
 0.15963174589849E-04
 0.15866410503534E-04
 0.15770614872541E-04
 0.15675784296263E-04
 0.15581915517976E-04
 0.15489005514161E-04
 0.15397051599101E-04
 0.15306051544866E-04
 0.15216003715793E-04
 0.15126907215081E-04
 0.15038762039186E-04
 0.14951569233248E-04
 0.14865331037947E-04
 0.14780051015212E-04
 0.14695734137525E-04
 0.14612386823808E-04
 0.14530016904762E-04
 0.14448633502802E-04
 0.14368246816865E-04
 0.14288867810402E-04
 0.14210507811032E-04
 0.14133178041380E-04
 0.14056889110422E-04
 0.13981650501471E-04
 0.13907470094977E-04
 0.13834353761314E-04
 0.13762305050987E-04
