   647.424510145573527733538635972845326      
   573.952053848973441275436147941132490      
   423.142981597792744198251119797360455      
   290.542628212695188722826716035508742      
   191.411379265682348542569177511389083      
   114.463626933769746004951443043723087      
   62.0738431079387883308919534947594260      
   33.2265386532656512023836785698410885      
   17.9233456715500221919819162473344978      
   8.88218678332654975199424958571349627      
   4.89865319426492399005429784347007231      
   3.17434714691534714652104913510992718      
   1.85878086587839340235005675912985756      
   1.23898748735694160681707657373481046      
  0.768337910629036799314528331082862767      
  0.405728462372810025706046318089507993      
  0.238138563689094327283837892526657461      
   7.41905113423410262552041978183345699E-0002
   5.20364135880072511649623177105787388E-0002
   0.00000000000000000000000000000000000      
   0.00000000000000000000000000000000000      
