  0.115188011712895218171954578918069215      
   1.53251202246635768828691935229368014      
   1.54900833465560978156530228152258128      
   1.56567837475836698417695910193034998      
   1.58252411830178336227981782137973155      
   1.59954756006575877468981500135346436      
   1.61675071431026592683769172902176361      
   1.63413561500533295294046303563638202      
   1.65170431606365124184897757649980396      
   1.66945889157578234225115665876619990      
   1.68740143604794161349428114103163152      
   1.70553406464233984866267080321745456      
   1.72385891342006740435246410042411941      
   1.74237813958650844347372080908433261      
   1.76109392173927574965618849055832741      
   1.78000846011865921862300098846544139      
   1.79912397686058358784065643609799583      
   1.81844271625207324313184587897079461      
   1.83796694498922405261431125028292753      
   1.85769895243768413500112557110511363      
   1.87764105089564728212071488303405320      
   1.89779557585936443392376606740097301      
   1.91816488629118015766150565266329038      
   1.93875136489010251987218191719048680      
   1.95955741836491606805167336693607437      
   1.98058547770984886604334293402392288      
   2.00183799848280565991058636325092526      
   2.02331746108618029567777207514755572      
   2.04502637105026147286102540706464509      
   2.06696725931924680342183250376687425      
   2.08914268253988095972337658313732912      
   2.11155522335273444192700543440855253      
   2.13420749068542594525296557337042378      
   2.15710212005210427432371436218190058      
   2.18024177384843100828560742526755100      
   2.20362914165649527111086348816707318      
   2.22726694054883838482608564744609617      
   2.25115791539595786392062712915173948      
   2.27530483917658383009060321763759083      
   2.29971051329074838215338210164562750      
   2.32437776787566875444979372550483702      
   2.34930946212446535825494054711707527      
   2.37450848460773602639238147419758033      
   2.39997775359800797294565653937279737      
   2.42572021739708913908736447182977529      
   2.45173885466634072384882517928863682      
   2.47803667475989279624054679510568057      
   2.50461671806082495347992823503944425      
   2.53148205632033403003732160739855622      
   2.55863579299991087450633807236387358      
   2.58608106361654819655956013539004135      
   2.61382103609100144498215276551615039      
   2.64185891109912461039955002383712457      
   2.67019792242630275315373943206422150      
   2.69884133732500293806876489067935619      
   2.72779245687546511372816778852773108      
   2.75705461634955430443257024754178297      
   2.78663118557779528820461750738624458      
   2.81652556931961071397722019177842130      
   2.84674120763678336528465485046197869      
   2.87728157627016300615203907240476472      
   2.90815018701963794715395011118096051      
   2.93935058812739114544599854973326648      
   2.97088636466446030153057354083598178      
   3.00276113892062103714246405174806973      
   3.03497857079761183238807498739330631      
   3.06754235820571896555400935313465368      
   3.10045623746373923516425118123472812      
   3.13372398370233775022289758032707287      
   3.16734941127081755034020289144221188      
   3.20133637414729993147829535752852063      
   3.23568876635243667454668049623477602      
   3.27041052236640122050376546273691573      
   3.30550561754953576529378632638829031      
   3.34097806856639191783513123446654844      
   3.37683193381328986917722691177117073      
   3.41307131384938929199614221450134365      
   3.44970035183128332980327231150093319      
   3.48672323395112618746408679466741743      
   3.52414418987830395391252991208695893      
   3.56196749320465737914298619119833268      
   3.60019746189326431636664015166680770      
   3.63883845873078856411610752751134846      
   3.67789489178339884744256726868539506      
   3.71737121485646506696562882038442727      
   3.75727192795686000973858265618348775      
   3.79760157776077293028698580664065202      
   3.83836475808318622469670324815238541      
   3.87956611035189176084235531559331028      
   3.92121032408489710494373080287272251      
   3.96330213737140937504644455372516075      
   4.00584633735639064310271440624248783      
   4.04884776072868451438146611874092656      
   4.09231129421269530737910240036199498      
   4.13624187506361895463948490190316540      
   4.18064449156621193675255046759188232      
   4.22552418353708408579934509075986685      
   4.27088604283050057515257585394434816      
   4.31673521384767593604683928018865424      
   4.36307689404954086428079724115026401      
   4.40991633447296041971373680887028958      
   4.45725884025037997401660714964050376      
   4.50510977113287292543204627757937139      
   4.55347454201656177004927702355005218      
   4.60235862347238159411217109127063559      
   4.65176754227915242791227150459622676      
   4.70170688195992417547660562787698458      
   4.75218228332155500208873071741834795      
   4.80319944499748112007783978648755364      
   4.85476412399363285859142428181567810      
   4.90688213623744783079046868974195989      
   4.95955935712993595644057515119086546      
   5.01280172210072316717050633331975204      
   5.06661522716604261046657411102308545      
   5.12100592948958826235477728709257255      
   5.17597994794621172494502483331896257      
   5.23154346368817823596285291761061207      
   5.28770272071441556588935583410443020      
   5.34446402644203289171162513582878241      
   5.40183375228048385499039305145519283      
   5.45981833420811967885615491842469653      
   5.51842427335105053293406643173394718      
   5.57765813656424037177861827160634293      
   5.63752655701471924302937194053374108      
   5.69803623476680897935354971988905237      
   5.75919393736924941402165191261696380      
   5.82100650044410659636093799905799347      
   5.88348082827733861796542309401448796      
   5.94662389441074043196490349433619185      
   6.01044274223617801911703518354777883      
   6.07494448558865289759906933603711803      
   6.14013630934425578474541328497703174      
   6.20602547001527639695694099437061419      
   6.27261929634847183099623968357795278      
   6.33992518992310394752610611742142837      
   6.40795062574948871308939238407857588      
   6.47670315286789568233108536415299450      
   6.54619039494706885448508412083169356      
   6.61642005088341530660234789611181683      
   6.68739989539898791476883087465977142      
   6.75913777963928691000589869646884198      
   6.83164163177014911089151315066094863      
   6.90491945757356140041401314473285464      
   6.97897934104218137935592576939925270      
   7.05382944497221435842168867896189374      
   7.12947801155449905766819027396446747      
   7.20593336296340958082622538701660751      
   7.28320390194337354119491963201577046      
   7.36129811239251694831304674329990912      
   7.44022455994347077407546772892615038      
   7.51999189254057654508842027662876718      
   7.60060884101343201967295225268833265      
   7.68208421964638395297380123447761969      
   7.76442692674344673662172481163224286      
   7.84764594518835643431153054220800419      
   7.93175034299981745410918213712569489      
   8.01674927388008256369752447813370078      
   8.10265197775841929396537466662242977      
   8.18946778132751600526347813879521743      
   8.27720609857295534756272764627629807      
   8.36587643129518243498387618908775619      
   8.45548836962350234250961042518889724      
   8.54605159252125554881312730042638005      
   8.63757586828250124742078716551258729      
   8.73007105501846664480313188939079167      
   8.82354710113406860176200480197738413      
   8.91801404579355536649495531717239233      
   9.01348201937469682206330553257725800      
   9.10996124391086925014159716944260261      
   9.20746203352035238192546673767976174      
   9.30599479482220907732781584926556472      
   9.40557002733790803081874435708331025      
   9.50619832387807490541378620745220426      
   9.60789037091340157019971818251554659      
   9.71065694892942092320516781221541454      
   9.81450893276328037978193117971697919      
   9.91945729192274975356578098189189934      
   10.0255130908862641233466468231144776      
   10.1326874893825451225619807914624206      
   10.2409917426494462423294146482350807      
   10.3504372016708613953136454355083421      
   10.4610353133904637809598736989692590      
   10.5727976209015587685367663438710220      
   10.6857357636118880285500965783107660      
   10.7998614773816700124918199481971858      
   10.9151865946345708767087011509747367      
   11.0317230444400836829810209529807370      
   11.1494828525656647158477414802296268      
   11.2684781414977630547729802638242561      
   11.3887211304303903136314145733271875      
   11.5102241352195780369249933432031257      
   11.6329995683027507205832647458654174      
   11.7570599385807844214437319038760413      
   11.8824178512622427712317632252223806      
   12.0090860076672898619215323750662687      
   12.1370772049904967276524358566832075      
   12.2664043360201560998988656975497538      
   12.3970803888129070609028992294761208      
   12.5291184463218073460404456677983719      
   12.6625316859759588750162840529176055      
   12.7973333792100368799533961694852558      
   12.9335368909419236538610750976636037      
   13.0711556789958945064671410773285488      
   13.2102032934705736719325866944586015      
   13.3506933760486277238733782805865270      
   13.4926396592467182050237067158938289      
   13.6360559656035234576526302338759338      
   13.7809562068038307616561315385499647      
   13.9273543827365759867046742308843779      
   14.0752645804844484967554846223502701      
   14.2247009732436229909479162786364291      
   14.3756778191706993151010512227077347      
   14.5282094601551084379278685442897408      
   14.6823103205147212647136749846509770      
   14.8379949056127122126973521834515308      
   14.9952778003928235657190875636365370      
   15.1541736678320043300590368719670102      
   15.3146972473071000136430575894473125      
   15.4768633528745284611536032924141710      
   15.6406868714596765433327564290176286      
   15.8061827609551784940465540681660527      
   15.9733660482250000514589091076601014      
   16.1422518270127713136952213880914336      
   16.3128552557521759764900172200812969      
   16.4851915552773853982623434868764665      
   16.6592760064316776577641997872373313      
   16.8351239475717094573282947944709014      
   17.0127507719661984720575615109747485      
   17.1921719250863323353279688822423595      
   17.3734029017860853763280458772128621      
   17.5564592433702858612196537097852972      
   17.7413565345482227790216088801493016      
   17.9281104002704852643774322920379424      
   18.1167365024466757618673791311703185      
   18.3072505365411892653215224594039260      
   18.4996682280446806802952344963321796      
   18.6940053288178386877298015801908583      
   18.8902776133043977861127921834082255      
   19.0885008746097521656605810722309650      
   19.2886909204412778849141773603859644      
   19.4908635689058203043584986100681220      
   19.6950346441597634604203845641573692      
   19.9012199719061507517258820182510748      
   20.1094353747330111880720139559613351      
   20.3196966672863143304000570322313865      
   20.5320196512702189174407261026268390      
   20.7464201102669205692301839172344268      
   20.9629138043669882378043122638931687      
   21.1815164646009044882234244252879770      
   21.4022437871612314128018467544318400      
   21.6251114274041103366120044785165357      
   21.8501349936179107950243026784416960      
   22.0773300405459119974875036607662760      
   22.3067120626488852649445421432331644      
   22.5382964870927518200276460781829423      
   22.7720986664455989859352126781282657      
   23.0081338710673553988569000758874046      
   23.2464172811749624753697181932250198      
   23.4869639785650840515342890722105781      
   23.7297889379760611909118455496931831      
   23.9749070180701845577607302558141249      
   24.2223329520173506452147780976255773      
   24.4720813376612441358392853623356823      
   24.7241666272489171357803909595905288      
   24.9786031167056683758538842179108474      
   25.2354049344372066288243627276743386      
   25.4945860296424342176291983501858474      
   25.7561601601212265788777609863259366      
   26.0201408795629982493128824546922644      
   26.2865415243039681712761235573438708      
   26.5553751995430401110113179652580633      
   26.8266547650085047957640430135665336      
   27.1003928200710372099396447859930968      
   27.3766016883012117888321204538258896      
   27.6552934014733236979348270310791100      
   27.9364796830211139041425159037291136      
   28.2201719309547640013565272344281624      
   28.5063812002530198201830607137507248      
   28.7951181847484548828996929650093519      
   29.0863931985284760038975314004461879      
   29.3802161568793107569522280666425850      
   29.6765965568048443776445114721669582      
   29.9755434571564497624997688514705079      
   30.2770654584148219076383293551337706      
   30.5811706821684825406652082988431271      
   30.8878667503377791478447461744100421      
   31.1971607641965531371769132707534043      
   31.5090592832465750701413508021227161      
   31.8235683040021150791082539243338444      
   32.1406932387438019392838278435808057      
   32.4604388943016975890088586025325979      
   32.7828094509276442812376704860005633      
   33.1078084413160291539679477211189218      
   33.4354387298304062667610877909168537      
   33.7657024919906109458126095843255429      
   34.0986011942712681944514614852477051      
   34.4341355742579655618418417139087380      
   34.7723056212016178118011390296243047      
   35.1131105570052132729682893699768726      
   35.4565488176697157957254157161507325      
