 0.29464316297850E-02
 0.80778922326797E-03
 0.80347639582600E-03
 0.79918757539232E-03
 0.79492257606534E-03
 0.79068121545477E-03
 0.78646331456844E-03
 0.78226869770289E-03
 0.77809719233761E-03
 0.77394862903287E-03
 0.76982284133104E-03
 0.76571966566125E-03
 0.76163894124727E-03
 0.75758051001859E-03
 0.75354421652454E-03
 0.74952990785140E-03
 0.74553743354230E-03
 0.74156664552001E-03
 0.73761739801229E-03
 0.73368954747996E-03
 0.72978295254741E-03
 0.72589747393554E-03
 0.72203297439711E-03
 0.71818931865429E-03
 0.71436637333851E-03
 0.71056400693230E-03
 0.70678208971331E-03
 0.70302049370027E-03
 0.69927909260080E-03
 0.69555776176121E-03
 0.69185637811797E-03
 0.68817482015096E-03
 0.68451296783846E-03
 0.68087070261339E-03
 0.67724790732182E-03
 0.67364446618225E-03
 0.67006026474674E-03
 0.66649518986335E-03
 0.66294912963987E-03
 0.65942197340900E-03
 0.65591361169459E-03
 0.65242393617930E-03
 0.64895283967328E-03
 0.64550021608405E-03
 0.64206596038743E-03
 0.63864996859961E-03
 0.63525213775008E-03
 0.63187236585571E-03
 0.62851055189565E-03
 0.62516659578719E-03
 0.62184039836250E-03
 0.61853186134618E-03
 0.61524088733371E-03
 0.61196737977056E-03
 0.60871124293216E-03
 0.60547238190458E-03
 0.60225070256588E-03
 0.59904611156815E-03
 0.59585851632027E-03
 0.59268782497117E-03
 0.58953394639385E-03
 0.58639679016984E-03
 0.58327626657434E-03
 0.58017228656185E-03
 0.57708476175229E-03
 0.57401360441774E-03
 0.57095872746950E-03
 0.56792004444579E-03
 0.56489746949978E-03
 0.56189091738807E-03
 0.55890030345966E-03
 0.55592554364526E-03
 0.55296655444697E-03
 0.55002325292841E-03
 0.54709555670511E-03
 0.54418338393536E-03
 0.54128665331130E-03
 0.53840528405034E-03
 0.53553919588696E-03
 0.53268830906473E-03
 0.52985254432864E-03
 0.52703182291772E-03
 0.52422606655791E-03
 0.52143519745519E-03
 0.51865913828893E-03
 0.51589781220556E-03
 0.51315114281231E-03
 0.51041905417135E-03
 0.50770147079400E-03
 0.50499831763521E-03
 0.50230952008822E-03
 0.49963500397941E-03
 0.49697469556331E-03
 0.49432852151779E-03
 0.49169640893946E-03
 0.48907828533914E-03
 0.48647407863758E-03
 0.48388371716126E-03
 0.48130712963835E-03
 0.47874424519483E-03
 0.47619499335071E-03
 0.47365930401637E-03
 0.47113710748907E-03
 0.46862833444955E-03
 0.46613291595868E-03
 0.46365078345434E-03
 0.46118186874831E-03
 0.45872610402328E-03
 0.45628342182997E-03
 0.45385375508434E-03
 0.45143703706488E-03
 0.44903320140998E-03
 0.44664218211540E-03
 0.44426391353182E-03
 0.44189833036239E-03
 0.43954536766052E-03
 0.43720496082753E-03
 0.43487704561055E-03
 0.43256155810036E-03
 0.43025843472937E-03
 0.42796761226961E-03
 0.42568902783079E-03
 0.42342261885845E-03
 0.42116832313209E-03
 0.41892607876347E-03
 0.41669582419478E-03
 0.41447749819706E-03
 0.41227103986850E-03
 0.41007638863292E-03
 0.40789348423813E-03
 0.40572226675452E-03
 0.40356267657355E-03
 0.40141465440630E-03
 0.39927814128214E-03
 0.39715307854733E-03
 0.39503940786370E-03
 0.39293707120738E-03
 0.39084601086755E-03
 0.38876616944518E-03
 0.38669748985188E-03
 0.38463991530870E-03
 0.38259338934500E-03
 0.38055785579734E-03
 0.37853325880840E-03
 0.37651954282593E-03
 0.37451665260168E-03
 0.37252453319042E-03
 0.37054312994896E-03
 0.36857238853515E-03
 0.36661225490696E-03
 0.36466267532156E-03
 0.36272359633442E-03
 0.36079496479843E-03
 0.35887672786301E-03
 0.35696883297333E-03
 0.35507122786943E-03
 0.35318386058546E-03
 0.35130667944886E-03
 0.34943963307964E-03
 0.34758267038956E-03
 0.34573574058149E-03
 0.34389879314861E-03
 0.34207177787378E-03
 0.34025464482879E-03
 0.33844734437376E-03
 0.33664982715646E-03
 0.33486204411169E-03
 0.33308394646062E-03
 0.33131548571026E-03
 0.32955661365283E-03
 0.32780728236516E-03
 0.32606744420822E-03
 0.32433705182649E-03
 0.32261605814750E-03
 0.32090441638128E-03
 0.31920208001989E-03
 0.31750900283693E-03
 0.31582513888706E-03
 0.31415044250561E-03
 0.31248486830806E-03
 0.31082837118970E-03
 0.30918090632519E-03
 0.30754242916818E-03
 0.30591289545092E-03
 0.30429226118397E-03
 0.30268048265578E-03
 0.30107751643242E-03
 0.29948331935726E-03
 0.29789784855068E-03
 0.29632106140980E-03
 0.29475291560823E-03
 0.29319336909582E-03
 0.29164238009843E-03
 0.29009990711776E-03
 0.28856590893112E-03
 0.28704034459129E-03
 0.28552317342634E-03
 0.28401435503954E-03
 0.28251384930916E-03
 0.28102161638844E-03
 0.27953761670545E-03
 0.27806181096303E-03
 0.27659416013874E-03
 0.27513462548481E-03
 0.27368316852808E-03
 0.27223975107001E-03
 0.27080433518662E-03
 0.26937688322856E-03
 0.26795735782104E-03
 0.26654572186386E-03
 0.26514193853145E-03
 0.26374597127283E-03
 0.26235778381168E-03
 0.26097734014630E-03
 0.25960460454963E-03
 0.25823954156924E-03
 0.25688211602732E-03
 0.25553229302062E-03
 0.25419003792043E-03
 0.25285531637245E-03
 0.25152809429673E-03
 0.25020833788751E-03
 0.24889601361308E-03
 0.24759108821552E-03
 0.24629352871051E-03
 0.24500330238699E-03
 0.24372037680685E-03
 0.24244471980454E-03
 0.24117629948660E-03
 0.23991508423116E-03
 0.23866104268743E-03
 0.23741414377501E-03
 0.23617435668330E-03
 0.23494165087069E-03
 0.23371599606383E-03
 0.23249736225677E-03
 0.23128571971006E-03
 0.23008103894984E-03
 0.22888329076684E-03
 0.22769244621541E-03
 0.22650847661247E-03
 0.22533135353650E-03
 0.22416104882649E-03
 0.22299753458092E-03
 0.22184078315680E-03
 0.22069076716871E-03
 0.21954745948793E-03
 0.21841083324167E-03
 0.21728086181237E-03
 0.21615751883715E-03
 0.21504077820742E-03
 0.21393061406864E-03
 0.21282700082031E-03
 0.21172991311614E-03
 0.21063932586451E-03
 0.20955521422913E-03
 0.20847755363012E-03
 0.20740631974524E-03
 0.20634148851156E-03
 0.20528303612748E-03
 0.20423093905500E-03
 0.20318517402250E-03
 0.20214571802781E-03
 0.20111254834170E-03
 0.20008564251170E-03
 0.19906497836634E-03
 0.19805053401974E-03
 0.19704228787650E-03
 0.19604021863697E-03
 0.19504430530271E-03
 0.19405452718228E-03
 0.19307086389721E-03
 0.19209329538806E-03
 0.19112180192067E-03
 0.19015636409233E-03
 0.18919696283802E-03
 0.18824357943640E-03
 0.18729619551577E-03
 0.18635479305956E-03
 0.18541935441158E-03
 0.18448986228079E-03
 0.18356629974547E-03
 0.18264865025675E-03
 0.18173689764149E-03
 0.18083102610418E-03
 0.17993102022810E-03
 0.17903686497535E-03
 0.17814854568591E-03
 0.17726604807549E-03
 0.17638935823232E-03
 0.17551846261256E-03
 0.17465334803458E-03
 0.17379400167191E-03
 0.17294041104492E-03
 0.17209256401127E-03
 0.17125044875506E-03
 0.17041405377486E-03
 0.16958336787061E-03
 0.16875838012944E-03
 0.16793907991060E-03
