   647.573529055489341850302977730461508      
   572.480636572060640767111300615015529      
   422.911788682168077188070308984163504      
   291.687474019787676193345275742230270      
   190.984004733183666508859438985718061      
   113.924054541516602841097406797328031      
   62.1088402736004213227797648714732353      
   33.4730158233717273788210540889173089      
   17.4851355687721447268934402806125095      
   8.86584666420495445684194676682508429      
   4.93544623590415708299360269276373586      
   2.96557699658864638429750884812030577      
   1.87162258403117646475906200265185791      
   1.13539727315393433016718279010917368      
  0.731571266374993234964533771173101190      
  0.349682620894820546122281938817422506      
  0.193940617926188183437862956031735236      
   5.51156256443290917864557243501821029E-0002
   1.10542515420141897834363626948746903E-0002
   0.00000000000000000000000000000000000      
   0.00000000000000000000000000000000000      
