   19568436007.8158043672645569944890616      
   571057784.556772336716595519430338295      
   326857248.995519501621880423274595526      
   143795436.608849185289530128783755032      
   63669131.4218565357053352538186738620      
   32263661.7974114234780643440033254318      
   15685006.5998921446028271071865573111      
   7177232.33773892461825350834320104649      
   3271845.77625896171862166030119714676      
   1405655.89585288930464680479411584082      
   583021.647205681546033146789837315693      
   246686.774979041538200455469926029440      
   112453.465195175846785486119356002229      
   58567.2115656075782664564062880293202      
   34546.8502458122692032109205430399518      
   21944.5631738151847947822502098172485      
   12984.1758378564785860861256812347403      
   7418.70149730848349160908573010034504      
   3717.06619198366594465139963565419157      
   1384.26995014460413725376619304572653      
   326.346306369907910158609460635272290      
