   546937.878758510920259455184887276526      
   460720.236352225718690348465606638537      
   293134.440715936695392488654330073152      
   170180.421888966365848745164272298427      
   101407.236049944761748547490984798478      
   56990.8133461435916765156227380724842      
   29710.2422916577133578273644004060992      
   15164.1086277059687612617336631222162      
   7381.08396126728035259116606226461991      
   3530.87896927666551092006104757670388      
   1758.45562396432953884182484324972096      
   939.677925785225904269882435183906071      
   552.426043825542984224212438043120038      
   339.929325932189199256754471181298098      
   214.036738714628012610010714842412135      
   124.970469561258896792253430352251561      
   67.7411127884170003916707652323726267      
   32.6370889425626468689317371475784367      
   11.6896652885256545122293019809193458      
   2.90026492576247159985525604559623868      
   0.00000000000000000000000000000000000      
