   1776.35414027471763928382844229268481      
   1688.92151696256182295933181034320111      
   1501.00739936509620297249174273043417      
   1280.30797206634107695025146727436059      
   1038.56712594610524194223547755812023      
   809.955669595417384573872867230809129      
   610.631343198838748401750484991003030      
   444.483056149399869151264224564042300      
   314.086420473502588893415962937964293      
   215.554850685286313528029193428703200      
   143.406973526455269872387623072334113      
   92.1478918871715405989147955376079951      
   56.3656909147538353695959618649529117      
   31.7853016781144507208578996896392147      
   15.1611335377922594231736710349078119      
   4.11450202570784625328060757160378597      
  -2.97385220825854009847580240861972153      
  -7.24825262386912255766487943589377351      
  -9.51783281709233840064927256005885960      
  -10.3830131960179565480398662388470554      
  -10.3043535743626525637760644196812427      
  -9.64136572992797996124854296955637374      
  -8.66407868182179795895667971159702859      
  -7.56982988482296364794516937974384008      
  -6.48582533642425758661572867537243542      
  -5.48701803382208507037478681320457949      
  -4.60447732254247837214125548902429690      
  -3.84398114293911912476184060531633819      
  -3.19408416713875643334807576834234016      
  -2.63940332235475415191362168055832474      
  -2.16307427377414417583873991658582502      
  -1.75302769900824149504037917446469117      
  -1.39966231409593171869700318709041996      
  -1.09784025166741260918035044280953175      
 -0.843149766696822239654851326877115022      
 -0.632847189789255265914993490919901376      
 -0.463017985466310767744963157082627328      
 -0.329901174240535435464296750484133577      
 -0.228366969028512739052604338931247104      
 -0.153511459087743859751420474181086235      
  -9.98934853796923571475586715171363622E-0002
  -6.28654805757799016276113314614949077E-0002
  -3.80235186504920628096316641326836472E-0002
  -2.20141112107585394222968829726469621E-0002
  -1.20157922441982414847921067031191169E-0002
  -6.08497159331702371157887345904679160E-0003
  -2.73742061641666528519393441960137378E-0003
  -1.02034646497255243309838436701562269E-0003
  -2.43475439327529442446407431093547662E-0004
   0.00000000000000000000000000000000000      
   0.00000000000000000000000000000000000      
