   788937.911127232682432420231135862088      
   688436.058316212841886359212677374080      
   510345.317139650335708425671105228397      
   385562.609097479522696136141946411314      
   293909.355019561981636170264142345934      
   213948.310815429476510620998351367509      
   152319.585144551590661895411638951668      
   105917.573122020671008805728002253940      
   71567.4335025703473056422552077616608      
   47438.3924806347765087268818054773034      
   30871.4936959602785405943996862864723      
   19801.5964024569518861239481856980977      
   12589.8926165528950255599554543991278      
   7935.21375986609346334480683305124765      
   4950.72356634715052076219878692476100      
   3030.28281325811187062580589412390080      
   1782.57086543814714562438357909867857      
   969.005364310998136552103251906338278      
   441.678118974587659303759066671574182      
   109.436877668954219615590117372959490      
  -87.2035773792377311407407130937253693      
  -190.313154010173368744762241313124023      
  -231.026207898803130768888703957093975      
  -233.009183647817836665310791895280991      
  -213.778137443657716879372519648929092      
  -185.485543548178928914690166553158268      
  -155.789044026540474618133955511530410      
  -128.785216796933559042582949580385285      
  -106.061113823268503692493486296910664      
  -87.6559469080771487527325520767569525      
  -72.8565657130180303027805939809601976      
  -60.7433938088484748335550070988606259      
  -50.5178724447894081076469963946016020      
  -41.6259900537548681597634647013374606      
  -33.7672492008790311507005208940576995      
  -26.8251083411495291014289048644648775      
  -20.7871288861429336371721431686412058      
  -15.6685652842050218145332936600929539      
  -11.4667427653318842918213630923597025      
  -8.13728188633032449484649083817085742      
  -5.59496055756507869815973963713299973      
  -3.72454061427502306915798553099441554      
  -2.39820189401475605210926359903593331      
  -1.49056192763498742423351439581313353      
 -0.890664489687160703975293313296033315      
 -0.507129705869684029411900640180907217      
 -0.270148237249837459213895623827880111      
 -0.130340898153296576186010225172272790      
  -5.20519237933498719985826984680794122E-0002
  -1.24125572174955757947327676807703502E-0002
   0.00000000000000000000000000000000000      
