   819976.906120716749572302538966969806      
   686470.362829047550063446065245674610      
   506294.986447386668137432376959729145      
   387516.750002221749771863110592285784      
   293007.197036379192260855824688867307      
   213845.352714127681072722935395289767      
   152668.683437834416773601508664046356      
   106170.498636151390355687416302704070      
   72069.9361758704745571771818731521660      
   47936.2094837123782036375134486833312      
   31329.0222172681218187047146656862779      
   20212.8316209584584368803202207899054      
   12922.6201677282228397561691398858230      
   8206.03302787404299543581458530674020      
   5171.22474045262630122950711766381753      
   3213.69067373609196807904024016159786      
   1942.78251357728335831138569119211314      
   1113.74423170506501844533870881914516      
   575.632874135375432341872418847467227      
   234.155814776907157059480832777882742      
   27.8034257206000179205201798278882405      
  -86.0419321627040137464600869224554547      
  -138.463622699775451391191477507491189      
  -152.558326049462405914293295397101704      
  -145.149208027291720467409927396544341      
  -127.826394604806391802885439522158627      
  -107.873142319977324481253090479562892      
  -89.2447031710068570639874246927400610      
  -73.5601448285292167501420584411305870      
  -61.0051316398901036884732519363595301      
  -51.0556245724384016400124807680074593      
  -42.9826976700920712186857045995514362      
  -36.1443967351326895697469134181112114      
  -30.1076572526325220044473179529718364      
  -24.6540577655674602312705359766476226      
  -19.7258477710050028700844446102253273      
  -15.3522692762230166843436682359455960      
  -11.5860812220949674995663500636729453      
  -8.45985246390281405452938018359308866      
  -5.96720625092905588971797066259851758      
  -4.06064835111228702549351408179690495      
  -2.66288118915864587449616458510409438      
  -1.68027688976727754709174272006314962      
  -1.01819019229411706043971168431582106      
 -0.590027103930383716281690327574609842      
 -0.324712527940208868425518356827088026      
 -0.166890266862651036796901550282526253      
  -7.77953886485083301045901307321092886E-0002
  -3.03331677314081334268123530425417680E-0002
  -7.82699040971600919752822486813097938E-0003
   0.00000000000000000000000000000000000      
