   787381.878714875467628717306391732579      
   688366.919789021910217702823706391364      
   510766.602962748699104601511299840299      
   385367.047873529351797494344096258107      
   293970.141080475495924594964899442489      
   213967.877793545298516382305100855833      
   152280.284176471563234892533625233029      
   105908.908613491127497599286741663745      
   71540.0830064840571664010191322234817      
   47410.9789296093832948308138523547820      
   30851.7531652182705485842123042021036      
   19782.1245811660107685537900692439666      
   12575.5495923455325667468893302418086      
   7923.96186580389396645737774789049987      
   4941.22084912817545013670496465453747      
   3022.50352052296482196888729247468031      
   1775.43542957331424442418351206767706      
   962.355106959578805740245900303890380      
   435.387903158104617337005481111392445      
   103.494018374810687032104507499893509      
  -92.7019686675971586974456010860271551      
  -195.267143691034693629892653035140352      
  -235.398632976562590171979977992455538      
  -236.763899844440138598941506562368423      
  -216.957256437197855093438626386359785      
  -188.132862895702085057618482636747003      
  -157.982712910133433001244963193192895      
  -130.590647151445264775764382899319234      
  -107.550493117724097968502237034609950      
  -88.8792833222189619058667473259179524      
  -73.8638838389811689253143145621890838      
  -61.5648980435361978295902637744737491      
  -51.1860130101874447194854326641040224      
  -42.1596711550337597715879930054989806      
  -34.1903384014783170930483154191855642      
  -27.1520513138222647396530931958303634      
  -21.0377164789684479245881785782597981      
  -15.8546817597356796711827865938319515      
  -11.6044691230553877758351095788067861      
  -8.23542563778434343611996515273513728      
  -5.66530748389529644028653299238365177      
  -3.77253916554093459173661842149074676      
  -2.43159242527080661683060483557137426      
  -1.51207396485926331722289421206953867      
 -0.905044758122544453545644915566234280      
 -0.515468597826841122150154600959078751      
 -0.275241216284278721406599422354163381      
 -0.132661439522124947566579349377596284      
  -5.31390099029394863378889752986786865E-0002
  -1.24254736872125283743469874440131987E-0002
   0.00000000000000000000000000000000000      
