   787383.011421892147115353486372675255      
   688366.987007153813371036383391139971      
   510766.276330804430999357357880939702      
   385367.200541686919397926575237295867      
   293970.093301538756628740930115059597      
   213967.864322112475485011298649976957      
   152280.312571356804460956255876596116      
   105908.916261205874119952843868839468      
   71540.1016745858866117734664671877527      
   47411.0003156196958558883802839045539      
   30851.7665258371097064021906243708560      
   19782.1394501086488301082686275057742      
   12575.5594699909597154808054669894354      
   7923.97039089521389700683454260901468      
   4941.22740406134275868574127319880356      
   3022.50942814116325257211525458990033      
   1775.44038415699706531489341809636109      
   962.360137721615267437343204848114983      
   435.392337264427588749757853619014708      
   103.498477024422385986670137379430768      
  -92.6980553534253178980465822236174187      
  -195.263452216521123447211776918817553      
  -235.395510252675991508372776801731518      
  -236.761115505524437097589068571158739      
  -216.954983191227715215423023827402172      
  -188.130907039069841180718529321075899      
  -157.981141450284321497160027207880553      
  -130.589317899091177925723418164623026      
  -107.549422081804028177000008265512829      
  -88.8783865197238384161339803954955309      
  -73.8631550860907813470082244435802131      
  -61.5642997833832675614249079186438776      
  -51.1855256686612235118081344172298368      
  -42.1592866687027184729156055671095227      
  -34.1900261740139619106662351127480677      
  -27.1518200396249158327696526241912601      
  -21.0375279883629027401316934689900466      
  -15.8545543735735281169355080756146821      
  -11.6043619394700057167927491950405071      
  -8.23536261232998097728279118310891297      
  -5.66524927642480450071647099713781846      
  -3.77251221169176408689939623570267666      
  -2.43156169919005917181022298934921727      
  -1.51206533143154080296294383776984620      
 -0.905028976522398895125309389080058346      
 -0.515468199582395325193341548946721924      
 -0.275233704644301353943858894333125646      
 -0.132663757418907632990956894548279519      
  -5.31362132100064742756818764732910010E-0002
  -1.24275691966559429121460604294262824E-0002
   0.00000000000000000000000000000000000      
