   787393.517266578314370365436471524568      
   688367.608600625229496672656045785199      
   510763.249021824548564269998332361326      
   385368.615153018437366654788286474915      
   293969.650964687945816339553584178604      
   213967.738818049469245100299388563634      
   152280.576420191484179775705532845998      
   105908.986630275793697649037348018760      
   71540.2753387482456436127066996790461      
   47411.1981449101763311183433240841012      
   30851.8908963680072559280239372784317      
   19782.2769420036117619426051261368609      
   12575.6514559345123781361422112610661      
   7924.04911999826472605400344431865259      
   4941.28851442352744297368288062797226      
   3022.56393066951086992125796489172489      
   1775.48660260263064554516460519983311      
   962.406550624898906267788294731781675      
   435.433684930074546471274648743734989      
   103.539622890473781149681897034030955      
  -92.6615746821096856867076846264328883      
  -195.229387004727303519459557672168791      
  -235.366393235876188497657975328538666      
  -236.735433488164608796289262494800801      
  -216.933771890206868009231210751257802      
  -188.112882853587104666802497038820649      
  -157.966462711599476963162328405647185      
  -130.577082868271647194916727906078134      
  -107.539405241638781960198200072931259      
  -88.8701431132489727722472344907817636      
  -73.8563305343002769191646923220186583      
  -61.5588088440183186731209248056637460      
  -51.1809551815518503844729440919197403      
  -42.1557645096799252412095009418331902      
  -34.1870924491540751139182464178351214      
  -27.1497072718915113642120154862983025      
  -21.0357523411974111555750303465984518      
  -15.8533956359455795419262750359175170      
  -11.6033488760389839007290074406862886      
  -8.23479320997446627429234275622072519      
  -5.66469714817031718430678092667032059      
  -3.77227149197160660648939128162884043      
  -2.43126952734189784724964340228261392      
  -1.51199020168949800887522496306087690      
 -0.904879024162181662039343303169033378      
 -0.515466504570644669145637848220485334      
 -0.275162761147401305096346714993265102      
 -0.132685541593944547641503396171779114      
  -5.31101476578837118230699600445620312E-0002
  -1.24466684338669398514441646088762942E-0002
   0.00000000000000000000000000000000000      
