  0.337514022833915295027892317078166023      
   4.98369311163407277808871213827090816      
   5.03744250733141164109183955898972171      
   5.09175620319956261573104779889274409      
   5.14664064774586804318808474888661440      
   5.20210235170832097835245008356394454      
   5.25814788880593663098745242689375035      
   5.31478389649744339959160778957416226      
   5.37201707674820108472222828912593583      
   5.42985419680527016034406770708641291      
   5.48830208998056547826419742770132245      
   5.54736765644203628173328200654736490      
   5.60705786401283675955357113132336993      
   5.66737974897844941628743724319411031      
   5.72834041690173846809197663381812593      
   5.78994704344591798963964257418417393      
   5.85220687520542745824841001450640212      
   5.91512723054471466312928989514595338      
   5.97871550044493271047914109502258359      
   6.04297914935856410097906908246377840      
   6.10792571607199061962738665696083227      
   6.17356281457603309487699542971384396      
   6.23989813494448998495938659404578143      
   6.30693944422070826438261412864030885      
   6.37469458731222423998975806077808066      
   6.44317148789351574842219496160885615      
   6.51237814931691069946058265258959513      
   6.58232265553170015357484271314063488      
   6.65301317201150707702966250275028876      
   6.72445794668996462287836666829132565      
   6.79666531090476025762807906819218997      
   6.86964368035010430716811239296284900      
   6.94340155603768354588115564527344568      
   7.01794752526616231315749561534966293      
   7.09329026259929532358970156765840573      
   7.16943853085271785233277181621056162      
   7.24640118208948033531855619811825678      
   7.32418715862439563477898427192980010      
   7.40280549403732119121243636921358707      
   7.48226531419512881942969327008869583      
   7.56257583828322726306449108263697041      
   7.64374637984565019639234293970299763      
   7.72578634783457662841364086041981546      
   7.80870524766903859501261078252730348      
   7.89251268230294236190243443379591968      
   7.97721835330247662570448047308411081      
   8.06283206193298138084607218765028057      
   8.14936371025535120814087919489026902      
   8.23682330223204673963223983913545211      
   8.32522094484278796584245588813268118      
   8.41456684921000287792145108057869852      
   8.50487133173410467991880011685156793      
   8.59614481523867046677820393293539792      
   8.68839783012559384262667707241564621      
   8.78164101554028345216182048639442366      
   8.87588512054697881580931817630873907      
   8.97114100531425419694044378794576464      
   9.06741964231078048668755399758097903      
   9.16473211751141426834768008472628435      
   9.26308963161368231846776401685342995      
   9.36250350126472881457577866186906631      
   9.46298516029879144913337312544722550      
   9.56454616098527149437333421859725541      
   9.66719817528746162178855578925806037      
   9.77095299613199395149842297295607472      
   9.87582253868906938871619084743475367      
   9.98181884166352779497705617104018258      
   10.0889540685968169385293237168386677      
   10.1972405091799164688768795803658101      
   10.3066905805772713623317008612688873      
   10.4173168287617873858803887747654623      
   10.5291319298609391226636563512826558      
   10.6421486915140389909363479030665704      
   10.7563800542407134660944023308885343      
   10.8718390928206303789517164020221475      
   10.9885390176845187090939030240159310      
   11.1064931763165197161913433493529334      
   11.2257150546679055505442091102121206      
   11.3462182785821986527467335495876657      
   11.4680166152317222868014679960338416      
   11.5911239745656040993973831739518864      
   11.7155544107692906291532850938733109      
   11.8413221237355039006859993544010659      
   11.9684414605467826339609907751906943      
   12.0969269169695226286490490070121826      
   12.2267931389595671765455639850246307      
   12.3580549241793457163262205269254326      
   12.4907272235265619382232077701528314      
   12.6248251426744281464781593875947673      
   12.7603639436234380994877610097900513      
   12.8973590462646657647639148407418322      
   13.0358260299546132540590538450960038      
   13.1757806351013631877166531422567329      
   13.3172387647625023238932541415633216      
   13.4602164862542074159791017704036158      
   13.6047300327718165442340911427028595      
   13.7507958050217262652448833888849680      
   13.8984303728645740885307479147122777      
   14.0476504769696482220458968985546886      
   14.1984730304804540900081494278038904      
   14.3509151206913941807321368668602130      
   14.5049940107354187000977713260690859      
   14.6607271412826219540052831151799400      
   14.8181321322496775578696492640863699      
   14.9772267845199060999314339656399585      
   15.1380290816741252760169553913975167      
   15.3005571917318121362022335686641682      
   15.4648294689027071910253346525413036      
   15.6308644553486151346939809996571275      
   15.7986808829552685960436215578575335      
   15.9682976751140920814868666898161194      
   16.1397339485130863212684529323630974      
   16.3130090149409283560726388014435677      
   16.4881423830912259217084399010903695      
   16.6651537603876442929848960791438451      
   16.8440630548114652916647315342294692      
   17.0248903767367194968714134555484257      
   17.2076560407755025043755576345079587      
   17.3923805676342290153102053577854957      
   17.5790846859752110391358604675828023      
   17.7677893342830601799670492485577976      
   17.9585156627437156774233893089191101      
   18.1512850351273930330947171873880982      
   18.3461190306787648016474663539865495      
   18.5430394460135972012419355807288677      
   18.7420682970214807777657502738406251      
   18.9432278207725238590770459092737927      
   19.1465404774320880746287231065421225      
   19.3520289521785370891302012794074462      
   19.5597161571236755288685681308705485      
   19.7696252332397847044079363527060225      
   19.9817795522886337023062188521832496      
   20.1962027187517698451926235124531189      
   20.4129185717674256911101255709071106      
   20.6319511870631970383203618321922262      
   20.8533248788944059587086007419192525      
   21.0770642019795104593663638035813774      
   21.3031939534396282892565097745757925      
   21.5317391747317846122528117097406255      
   21.7627251535848312776883514988827087      
   21.9961774259301208259400046879416518      
   22.2321217778319498762743322706850251      
   22.4705842474115103253409291146466424      
   22.7115911267674114473055428533463411      
   22.9551689638903326549798006457515875      
   23.2013445645712264521711984865220524      
   23.4501449943020717663856418416006620      
   23.7015975801681247376627393071299574      
   23.9557299127311244138241494702594841      
   24.2125698479015367222282158724054550      
   24.4721455087994400132201782522600833      
   24.7344852876027083171798373482091645      
   24.9996178473825394445949245930186205      
   25.2675721239206745654842628853210678      
   25.5383773275136864160084649020124503      
   25.8120629447578621128006279340706001      
   26.0886587403154344606247800090237579      
   26.3681947586594798772838702237124801      
   26.6507013257987035767480177068410582      
   26.9362090509768107698552034198682120      
   27.2247488283476951081866110546512635      
   27.5163518386237074562901096093452080      
   27.8110495506954750147811148227784479      
   28.1088737232213198328648194193152285      
   28.4098564061847990334515172245692197      
   28.7140299424181537732597252630390880      
   29.0214269690894466033904312212490681      
   29.3320804191529658408439289119677018      
   29.6460235227569947973088606131071030      
   29.9632898086116095924703561740943597      
   30.2839131053108635759919795702682745      
   30.6079275426072928872984588287824301      
   30.9353675526383733784504912313618813      
   31.2662678711003626524938453303685111      
   31.6006635383658883857537094751816566      
   31.9385899005471579096486872282581513      
   32.2800826104965935725969017538147686      
   32.6251776287452101692014609485736653      
   32.9739112243748590808409383983300079      
   33.3263199758209229733399497376291811      
   33.6824407716027644149202815982821631      
   34.0423108109780273441783279678262349      
   34.4059676045177079558679469242870246      
   34.7734489745980667168738290692920972      
   35.1447930558068483419851087792541383      
   35.5200382952566244608535378910911075      
   35.8992234528066459210971780782876754      
   36.2823876011840077969274197810268547      
   36.6695701260026872699377965244488365      
   37.0608107256752521235292260017277821      
   37.4561494112136093497430259506607561      
   37.8556265059117780695505420238350928      
   38.2592826449086764795235858583378246      
   38.6671587746251014171414743712366950      
   39.0792961520684918741959310464244844      
   39.4957363440018397262706632643908476      
   39.9165212259707101185621012737596023      
   40.3416929811835223768585860734396905      
   40.7712940992367090153045296021687726      
   41.2053673746847891691409420315049565      
   41.6439559054415558874860321473476827      
   42.0871030910137603125054040005770087      
   42.5348526305559323068369839322576385      
   42.9872485207425730115901545435948178      
   43.4443350534502653365335391218976310      
   43.9061568132436843624673101544760131      
   44.3727586746590899545417789334049000      
   44.8441857992764836965370514098626673      
   45.3204836325774297779740736960463117      
   45.8016979005779076037132500615210135      
   46.2878746062315526576728022620046952      
   46.7790600255958027316569111823595812      
   47.2753007037528454846054141340867391      
   47.7766434504800853667093535357508474      
   48.2831353356624325432291657619534306      
   48.7948236844387855836625914417151295      
   49.3117560720764671986786211134225891      
   49.8339803185667156557848476037159223      
   50.3615444829340936691560122829000620      
   50.8944968572527491113933418487855895      
   51.4328859603635259645555350274774187      
   51.9767605312845549638040496804829134      
   52.5261695223095945040657241893372055      
   53.0811620917858694387710893686038031      
   53.6417875965672177612881349049792167      
   54.2080955841340981292029385853055199      
   54.7801357843755311235940955839125205      
   55.3579581010252020484983980945302806      
   55.9416126027463119187067611748654335      
   56.5311495138578534673929597209373675      
   57.1266192046957934367640473385762394      
   57.7280721816022746331425253386436841      
   58.3355590765351310700911831539370237      
   58.9491306362902782645856117397166805      
   59.5688377113288383490652012084508842      
   60.1947312441997870815345643688901797      
   60.8268622575485224511072218173888158      
   61.4652818417014902304315088389042814      
   62.1100411418143489442256013430068750      
   62.7611913445716402587121824337460832      
   63.4187836644240588661596687355156948      
   64.0828693293467685801064277530249977      
   64.7534995661028204784041988812706347      
   65.4307255849907506210426324022979501      
   66.1145985640570658119165503962564295      
   66.8051696327487601172454729877038082      
   67.5024898549807912874640237398580830      
   68.2066102115890007144745400410633155      
   68.9175815821394697679318897281988865      
   69.6354547260582903661955562048393988      
   70.3602802630464889978754045621495094      
   71.0921086527399757228988268672757534      
   71.8309901735719255718188390506372881      
   72.5769749007924216804477634925561862      
   73.3301126835969934357588336457437913      
   74.0904531213127902408392662208665164      
   74.8580455385894835358806260527074322      
   75.6329389595388032707128695539995969      
   76.4151820807652855374621814117027288      
   77.2048232432284636562240979282175818      
   78.0019104028773972319665425626490914      
   78.8064910999955431943976962481223018      
   79.6186124271956106677606410194490238      
   80.4383209960049543798632231015651072      
   81.2656629019820117578443992895349779      
   82.1006836883083886691039566519045297      
   82.9434283078032470434194817868225384      
   83.7939410833112783696333641630263023      
   84.6522656664205147593298364785172200      
   85.5184449944723874555542651263302185      
   86.3925212458338890399587495811083642      
   87.2745357934092950142915503430441916      
   88.1645291563791378465360656110034047      
   89.0625409501632449671845200322032564      
   89.9686098346169827859712939844341179      
   90.8827734604812567437786196873915149      
   91.8050684141200893659832571166121826      
   92.7355301605927927849741758290873598      
   93.6741929851227438392918349651987876      
   94.6210899330378802482060847064393655      
   95.5762527482741380546532744853180042      
   96.5397118105466380876176091677764790      
   97.5114960713080210532907193335693614      
   98.4916329886274214253535377504005870      
   99.4801484611358919294845686473370981      
   100.477066761196264474594619774201596      
   101.482410467465879498334149642378116      
   102.496200397028945307627391275685217      
   103.518455537282388679753286676005254      
   104.549192977763086162840123907854031      
   105.588427842106476235366655796615037      
   106.636173220325702648355628255549923      
   107.692440101596411752802970040137024      
   108.757237307725779263874686245474530      
   109.830571427474165643770148113059049      
   110.912446751884707246934500664163350      
   112.002865210760037909946462243226262      
   113.101826310406151915749657648271360      
   114.209327072741508732893297204234771      
   115.325361975845475284646131622729167      
