 0.31031000670916E-02
 0.80754370286669E-03
 0.80322391257785E-03
 0.79892843751098E-03
 0.79465708108223E-03
 0.79040965059138E-03
 0.78618595709489E-03
 0.78198581528322E-03
 0.77780904336246E-03
 0.77365546293993E-03
 0.76952489891377E-03
 0.76541717936642E-03
 0.76133213546168E-03
 0.75726960134545E-03
 0.75322941404988E-03
 0.74921141340091E-03
 0.74521544192902E-03
 0.74124134478310E-03
 0.73728896964740E-03
 0.73335816666137E-03
 0.72944878834231E-03
 0.72556068951082E-03
 0.72169372721882E-03
 0.71784776068013E-03
 0.71402265120359E-03
 0.71021826212842E-03
 0.70643445876202E-03
 0.70267110831989E-03
 0.69892807986773E-03
 0.69520524426561E-03
 0.69150247411409E-03
 0.68781964370235E-03
 0.68415662895810E-03
 0.68051330739929E-03
 0.67688955808762E-03
 0.67328526158364E-03
 0.66970029990350E-03
 0.66613455647724E-03
 0.66258791610861E-03
 0.65906026493627E-03
 0.65555149039647E-03
 0.65206148118701E-03
 0.64859012723253E-03
 0.64513731965105E-03
 0.64170295072169E-03
 0.63828691385359E-03
 0.63488910355594E-03
 0.63150941540910E-03
 0.62814774603673E-03
 0.62480399307897E-03
 0.62147805516656E-03
 0.61816983189594E-03
 0.61487922380516E-03
 0.61160613235078E-03
 0.60835045988552E-03
 0.60511210963674E-03
 0.60189098568572E-03
 0.59868699294767E-03
 0.59550003715246E-03
 0.59233002482605E-03
 0.58917686327263E-03
 0.58604046055734E-03
 0.58292072548968E-03
 0.57981756760743E-03
 0.57673089716129E-03
 0.57366062509994E-03
 0.57060666305571E-03
 0.56756892333076E-03
 0.56454731888374E-03
 0.56154176331693E-03
 0.55855217086388E-03
 0.55557845637748E-03
 0.55262053531840E-03
 0.54967832374402E-03
 0.54675173829776E-03
 0.54384069619871E-03
 0.54094511523173E-03
 0.53806491373783E-03
 0.53520001060494E-03
 0.53235032525899E-03
 0.52951577765528E-03
 0.52669628827023E-03
 0.52389177809335E-03
 0.52110216861953E-03
 0.51832738184159E-03
 0.51556734024309E-03
 0.51282196679143E-03
 0.51009118493111E-03
 0.50737491857733E-03
 0.50467309210971E-03
 0.50198563036633E-03
 0.49931245863787E-03
 0.49665350266204E-03
 0.49400868861818E-03
 0.49137794312200E-03
 0.48876119322055E-03
 0.48615836638734E-03
 0.48356939051765E-03
 0.48099419392395E-03
 0.47843270533152E-03
 0.47588485387418E-03
 0.47335056909021E-03
 0.47082978091838E-03
 0.46832241969404E-03
 0.46582841614550E-03
 0.46334770139036E-03
 0.46088020693209E-03
 0.45842586465660E-03
 0.45598460682904E-03
 0.45355636609061E-03
 0.45114107545554E-03
 0.44873866830809E-03
 0.44634907839970E-03
 0.44397223984623E-03
 0.44160808712526E-03
 0.43925655507346E-03
 0.43691757888408E-03
 0.43459109410452E-03
 0.43227703663389E-03
 0.42997534272074E-03
 0.42768594896083E-03
 0.42540879229494E-03
 0.42314381000672E-03
 0.42089093972072E-03
 0.41865011940031E-03
 0.41642128734580E-03
 0.41420438219254E-03
 0.41199934290909E-03
 0.40980610879543E-03
 0.40762461948124E-03
 0.40545481492422E-03
 0.40329663540844E-03
 0.40115002154276E-03
 0.39901491425924E-03
 0.39689125481167E-03
 0.39477898477410E-03
 0.39267804603934E-03
 0.39058838081765E-03
 0.38850993163531E-03
 0.38644264133332E-03
 0.38438645306610E-03
 0.38234131030023E-03
 0.38030715681321E-03
 0.37828393669226E-03
 0.37627159433318E-03
 0.37427007443914E-03
 0.37227932201961E-03
 0.37029928238927E-03
 0.36832990116695E-03
 0.36637112427454E-03
 0.36442289793606E-03
 0.36248516867660E-03
 0.36055788332137E-03
 0.35864098899481E-03
 0.35673443311959E-03
 0.35483816341574E-03
 0.35295212789982E-03
 0.35107627488397E-03
 0.34921055297517E-03
 0.34735491107434E-03
 0.34550929837559E-03
 0.34367366436544E-03
 0.34184795882205E-03
 0.34003213181446E-03
 0.33822613370191E-03
 0.33642991513310E-03
 0.33464342704551E-03
 0.33286662066473E-03
 0.33109944750384E-03
 0.32934185936272E-03
 0.32759380832747E-03
 0.32585524676979E-03
 0.32412612734640E-03
 0.32240640299849E-03
 0.32069602695114E-03
 0.31899495271280E-03
 0.31730313407477E-03
 0.31562052511071E-03
 0.31394708017613E-03
 0.31228275390793E-03
 0.31062750122397E-03
 0.30898127732260E-03
 0.30734403768226E-03
 0.30571573806110E-03
 0.30409633449654E-03
 0.30248578330495E-03
 0.30088404108129E-03
 0.29929106469875E-03
 0.29770681130848E-03
 0.29613123833924E-03
 0.29456430349715E-03
 0.29300596476544E-03
 0.29145618040416E-03
 0.28991490894997E-03
 0.28838210921597E-03
 0.28685774029144E-03
 0.28534176154170E-03
 0.28383413260793E-03
 0.28233481340708E-03
 0.28084376413167E-03
 0.27936094524973E-03
 0.27788631750468E-03
 0.27641984191527E-03
 0.27496147977548E-03
 0.27351119265452E-03
 0.27206894239672E-03
 0.27063469112156E-03
 0.26920840122360E-03
 0.26779003537250E-03
 0.26637955651297E-03
 0.26497692786480E-03
 0.26358211292284E-03
 0.26219507545698E-03
 0.26081577951215E-03
 0.25944418940832E-03
 0.25808026974043E-03
 0.25672398537837E-03
 0.25537530146694E-03
 0.25403418342575E-03
 0.25270059694911E-03
 0.25137450800593E-03
 0.25005588283954E-03
 0.24874468796751E-03
 0.24744089018140E-03
 0.24614445654649E-03
 0.24485535440146E-03
 0.24357355135802E-03
 0.24229901530051E-03
 0.24103171438535E-03
 0.23977161704061E-03
 0.23851869196532E-03
 0.23727290812889E-03
 0.23603423477035E-03
 0.23480264139760E-03
 0.23357809778659E-03
 0.23236057398043E-03
 0.23115004028845E-03
 0.22994646728522E-03
 0.22874982580956E-03
 0.22756008696346E-03
 0.22637722211104E-03
 0.22520120287742E-03
 0.22403200114770E-03
 0.22286958906586E-03
 0.22171393903373E-03
 0.22056502371002E-03
 0.21942281600937E-03
 0.21828728910155E-03
 0.21715841641070E-03
 0.21603617161475E-03
 0.21492052864498E-03
 0.21381146168574E-03
 0.21270894517435E-03
 0.21161295380130E-03
 0.21052346251061E-03
 0.20944044650051E-03
 0.20836388122439E-03
 0.20729374239207E-03
 0.20623000597139E-03
 0.20517264819017E-03
 0.20412164553852E-03
 0.20307697477145E-03
 0.20203861291201E-03
 0.20100653725464E-03
 0.19998072536898E-03
 0.19896115510405E-03
 0.19794780459275E-03
 0.19694065225671E-03
 0.19593967681141E-03
 0.19494485727164E-03
 0.19395617295712E-03
 0.19297360349838E-03
 0.19199712884272E-03
 0.19102672926025E-03
 0.19006238535002E-03
 0.18910407804597E-03
 0.18815178862288E-03
 0.18720549870198E-03
 0.18626519025638E-03
 0.18533084561603E-03
 0.18440244747226E-03
 0.18347997888171E-03
 0.18256342326965E-03
 0.18165276443251E-03
 0.18074798653965E-03
 0.17984907413412E-03
 0.17895601213251E-03
 0.17806878582371E-03
 0.17718738086655E-03
 0.17631178328629E-03
 0.17544197946987E-03
 0.17457795615995E-03
 0.17371970044770E-03
 0.17286719976437E-03
 0.17202044187155E-03
 0.17117941485038E-03
 0.17034410708949E-03
 0.16951450727194E-03
 0.16869060436118E-03
 0.16787238758611E-03
