   80.0870047177723418327087000004588442      
   80.0823205898286677879664604152394442      
   80.0745001370960168242135608641520275      
   80.0635357875591885297827967293492868      
   80.0494208040858307499136721393369521      
   80.0321498669371042009053751111303426      
   80.0117195754441013220915011299336955      
   79.9881288582875574692173535257543486      
   79.9613792823316218393474552409234341      
   79.9314752562247296238601584816727094      
   79.8984241314177430943455338270036047      
   79.8622362066294966344162576086026292      
   79.8229246405677562738552286552778158      
   79.7805052728269100260160050182450651      
   79.7349963471961951184564662980340552      
   79.6864181275812190561482729618990078      
   79.6347923945434868947197054638273202      
   79.5801418085770975653297552961591269      
   79.5224891239188205079098359610170943      
   79.4618562358659178675891849079870098      
   79.3982630493708211502372583402699278      
   79.3317261707625739359495075696030947      
   79.2622574482908346936611862255248959      
   79.1898624170838803297095340689347209      
   79.1145387333364262649012149041704368      
   79.0362747038516882916561143322105012      
   78.9550480251096432550686249472502546      
   78.8708248387710128336406292356995185      
   78.7835591893155844866624933132950260      
   78.6931929382614583074510760205907876      
   78.5996561532662982246919483202074075      
   78.5028679545021558697542034323370820      
   78.4027377692209064379823350823431825      
   78.2991669211861564516648609809869319      
   78.1920504659609939366011848335263056      
   78.0812791759494495987490916432119972      
   77.9667415796895046588992803104953823      
   77.8483259667089012468735251114718443      
   77.7259222805596471566444492111021352      
   77.5994238367316297538142754494463497      
   77.4687288174804515259284703512508899      
   77.3337415109355973406567710140917772      
   77.1943732762380649038438697626531811      
   77.0505432292482236416475345576142647      
   76.9021786541876285743411670824676836      
   76.7492151552742145036005537331713193      
   76.5915965689877623976130825786379163      
   76.4292746621904698570109251163726330      
   76.2622086441316694800836405823036700      
   76.0903645216356153686550376799616107      
   75.9137143267718001229572070911386472      
   75.7322352453008389586340330419397639      
   75.5459086724212316339675313988127798      
   75.3547192200341088921451932200150641      
   75.1586536970861351548960956448265580      
   74.9577000817061277147174248884178086      
   74.7518465009497482802966783965841010      
   74.5410802311113933033411848776613986      
   74.3253867288311080097641164402909590      
   74.1047487006716493914857382504641414      
   73.8791452165034509456306584496882676      
   73.6485508699335242279109209469238779      
   73.4129349871560302758949112167781940      
   73.1722608839853656725112342744953776      
   72.9264851694468894813580669475246851      
   72.6755570931305870559379708764338082      
   72.4194179325394557125109244067955587      
   72.1580004158652973109302090143411267      
   71.8912281749765218467536606721651857      
   71.6190152228816350924605238566057593      
   71.3412654495143992306280905053878240      
   71.0578721293491069810508828617891507      
   70.7687174340742807083973959788991841      
   70.4736719433087859663020339801292985      
   70.1725941461153382149164415766905440      
   69.8653299258324102940742995063214539      
   69.5517120204872239329069362104883360      
   69.2315594507510958838793228368396352      
   68.9046769070338763636795128976599957      
   68.5708540868673643090363211211174033      
   68.2298649731770141341663386620749991      
   67.8814670433641352900820794118645596      
   67.5254003982917674608434911792675668      
   67.1613867992574914658449504839565100      
   66.7891285998119243960884172664978469      
   66.4083075578029598835715455117330516      
   66.0185835112455306235854622382737478      
   65.6195928994777539300987616101740524      
   65.2109471084970555780390751263378908      
   64.7922306162892311160130660449853346      
   64.3629989102639120318971441806285910      
   63.9227761444613755044730993845539045      
   63.4710524988349302310604513065017460      
   63.0072811964360026390306400224640347      
   62.5308751264777655037119439163543863      
   62.0412030117003143779493394945034242      
   61.5375850467888584856719050724838984      
   61.0192879202691255052150840658573990      
   60.4855191146283549186479724250572929      
   59.9354203574821414561983692167961523      
   59.3680600692433802401597890081102251      
   58.7824246183823943227063363724680229      
   58.1774081519124684681877912358323586      
   57.5518007133799589646177815264295178      
   56.9042742895758216841016099482335089      
   56.2333663351814718739940994914406767      
   55.5374602043646126520365295081866068      
   54.8147617597688515816547422217421422      
   54.0632712179263326383499442390903007      
   53.2807490050122162667347855948351026      
   52.4646740075498626522761203235641017      
   51.6121920638050981164795710334456574      
   50.7200517845017621621124366767867573      
   49.7845237101062036311184030899566393      
   48.8012972389124737983041464727524778      
   47.7653474249407070359104976861420915      
   46.6707601978492132209039609244953162      
   45.5104990294650959715973603349077229      
   44.2760872013253806951771982672592977      
   42.9571651099706508920297027127533012      
   41.5408566706525550323306406269049167      
   40.0108331353690355600665925245444977      
   38.3458757689044368111107844971895467      
   36.5175633280667178461867356248446666      
   34.4863281536326278967275969487685448      
   32.1942108420557205422828910499607448      
   29.5501732389535986518923307036357828      
   26.3959126558331194003622012067653834      
   22.4072327288811057096998678623890741      
   16.6666422336559844982441105693912609      
   3.29027513300860551113023416066579613E-0005
   3.13920514556001000222836697206708127E-0005
   3.02084146817324547692255393969752272E-0005
   2.98209511880500321671880715040189120E-0005
   3.08369773227470654683678554859272134E-0005
   3.37856431478415734751320270181292544E-0005
