   647.488232656277151609836828147819699      
   574.731345301479439990272806197254651      
   423.273838475309036736685081640513586      
   289.905982729846986530321595695324800      
   191.847763276184866586895384335670004      
   114.877972520425019555520901484648139      
   61.9740423472753145759658279131573864      
   33.2754530381685220433103285047233060      
   18.0856574681093343602763859093654313      
   9.11823348056878336435216714836769134      
   4.81694823442787086123407293526447899      
   3.31495691056223378072895771438933015      
   2.03497730116374748095094209456113856      
   1.18351792375386293658914268413366046      
  0.899994771024184349054712015833210901      
  0.490428087957715690474351263842263105      
  0.198131155878794188064311005434454625      
  0.186320326506413631362768506660817649      
   4.59712958657315753646042511652141805E-0002
   0.00000000000000000000000000000000000      
   0.00000000000000000000000000000000000      
