   1037301.53920446925707815126386918143      
   841303.456597975294481740674297173546      
   596999.557457753145276434855110560109      
   527990.881938927485916168538104635749      
   446535.883816693772661014990186979090      
   348623.374547682534763191285936497031      
   272946.779700035176400017403278023029      
   202211.045378200862163430591477853296      
   145810.754208293760560907610212278544      
   101711.628815624275915099442807792083      
   68064.2138984590232936088869585422661      
   44556.4686722573498281779332714328451      
   28215.1348162816148921301758409130082      
   17652.2907607518704012379473618401554      
   10996.5648494189750231766188617175628      
   6863.95265724763753751396687452766012      
   4384.37024879633945467884922434466499      
   2774.31916979014781105407432854319663      
   1734.28415620473647650805844023534850      
   989.425403807569932150360762767273573      
   471.911151229921634978791843935669520      
   124.249338336004926708969663737579397      
  -77.9894601272179026518581609762418872      
  -157.725077144624001230615711274250699      
  -151.219393370829214461032507001088093      
  -90.8336199387270202591362429307794936      
  -12.0942005718222661275819959158002590      
   59.4622354878397102379961901690569903      
   108.130182135547950208583168926182546      
   128.048255356933946420786131737631570      
   123.168571149949154498986625082744465      
   101.142554727112780603180693087730832      
   72.4112835806083951782463418991688716      
   45.2470586393931656533628717806601079      
   25.4926208922742005680024452844241056      
   15.2560798427026640402702420476603287      
   13.7186975026542692340988230482272910      
   18.2146272083769900493487484687745872      
   25.2403567467102095189128425688009468      
   31.7660471095140730328760578030148991      
   35.6238606520664531007667893924433872      
   35.9659789449155422207570044753092494      
   32.9551173011746058998503382723322883      
   27.5753414478926582474996260636233853      
   21.0340347074278920000804920946972693      
   14.5709503326494373885028194102484044      
   9.03373698511420045694990847978052798      
   4.84712526410259603902076004735059389      
   2.19602906608942320883427262814546508      
  0.647899967900438026713747536363952800      
   0.00000000000000000000000000000000000      
