   2.38881669724523597835373437540338114E-0002
   1.27894766261083020340512371025898292E-0003
   1.16618065490098804697984701262344945E-0003
   1.06239642180067607730303021278049113E-0003
   9.66965937370559338578540290252444360E-0004
   8.79295202143951253557318244499041644E-0004
   7.98825192236026900501891847724378325E-0004
   7.25031439843979936089059325678858226E-0004
   6.57423092325351115266884166791726406E-0004
   5.95542724525268887328193879864413316E-0004
   5.38964111057453929845943313768126070E-0004
   4.87291680251898830038814213446680917E-0004
   4.40159011126220957484186862228592309E-0004
   3.97227452606725927011996142360120628E-0004
   3.58184721054166566868100037060961546E-0004
   3.22743849766633467480937641798661124E-0004
   2.90640312066189758750677327151387730E-0004
   2.61632745441870986213452054433526358E-0004
   2.35500062450569725669709272886418887E-0004
   2.12040250739441179545766599543018335E-0004
   1.91068674988582015685468589540775970E-0004
   1.72416155461711726784383404584436400E-0004
   1.55926722292339205061438104403583391E-0004
   1.41454962090336516518174688437813698E-0004
   1.28862925760118926608718722523782177E-0004
   1.18016682205032684002486440534461289E-0004
   1.08782804374991218880464155424971420E-0004
   1.01025215341471140929798146120340868E-0004
   9.46031816988422776002299342275195084E-0005
   8.93709333416931569366379310197107071E-0005
   8.51792138037693986632236585680719648E-0005
   8.18791598560344790795373662604873843E-0005
   7.93244562915088249049796778178053243E-0005
   7.73834847998096000593645735649670219E-0005
   7.59352889873862966866075545089295546E-0005
   7.48699615962334959381488254353657673E-0005
   7.41001719546166594490470053567939308E-0005
   7.35526364995383130511870626122071880E-0005
   7.31695187129086586299172376817913672E-0005
   7.29054883900950101435560432679086456E-0005
   7.27262537744868075907228526321532378E-0005
   7.26065101320620275748781625336493882E-0005
   7.25268790663955396370487011706796418E-0005
   7.24734609962331318704291028391469404E-0005
   7.24421797342122366395086087256176267E-0005
   7.24212831897896202830960118026821360E-0005
   7.24077842047871784450285247192939602E-0005
   7.23979265293211620454627751314913952E-0005
   7.23933418284695279033575026468577815E-0005
   7.23922863613633502298589254950715432E-0005
   7.23904552681196246602258237018037913E-0005
   7.23879218664715062153254728104805637E-0005
   7.23897820050322793375271844128285196E-0005
   7.23893829803798123393187606151577877E-0005
   7.23877688289985393400833375761419825E-0005
   7.23901848978523968637115814775144519E-0005
   7.23887927911822060653573737497157031E-0005
   7.23894179711620192016737330581748269E-0005
   7.23918840476717012479700592625796237E-0005
   7.23904989214146052554482061598373564E-0005
   7.23932747557723156774071693761377723E-0005
   7.23920849724804232174279459029056290E-0005
   7.23930060228031044734766031981241734E-0005
   7.23941105163516508895615425147483821E-0005
   7.23975022878110433796652863951642869E-0005
   7.23965853883853002473529523932166827E-0005
   7.24002408046068300676831196470994259E-0005
   7.23989232792961137452486591598914318E-0005
   7.24027645378224991663535127482506376E-0005
   7.24020619758485821149741980976097706E-0005
   7.24033753669983804129933374265738808E-0005
   7.24078888548243013050765126604879167E-0005
   7.24074053583258756876467028841115047E-0005
   7.24093899114570647532176104962002660E-0005
   7.24142264671232639148476558901117756E-0005
   7.24155828470807588136293163119422638E-0005
