   4.17404123969239031984808651358196377E-0004
   1.59541315394473581337505218965784808E-0003
   1.67103329261038316212434935074753444E-0003
   1.75109231667530499903262880903204336E-0003
   1.83590556383883487555704220811024440E-0003
   1.92582008680261749492475122026855828E-0003
   2.02121859583581873577393963698943636E-0003
   2.12252396657203235148847609576904365E-0003
   2.23020440300188515710484589347974625E-0003
   2.34477936174631830621007995377672097E-0003
   2.46682636546224084034689421790163276E-0003
   2.59698885539740744254027103732822568E-0003
   2.73598526596426675714191340536562780E-0003
   2.88461953998649014222115530600860000E-0003
   3.04379334973700207510075880226448988E-0003
   3.21452034541516195110936876835615744E-0003
   3.39794282349734194818354194799336322E-0003
   3.59535129113189222758938130212883231E-0003
   3.80820751228350266594590560131293394E-0003
   4.03817174617485437439799283278662819E-0003
   4.28713504598933837785202235706430981E-0003
   4.55725766955878565800830747726096645E-0003
   4.85101486883743668701954894216155422E-0003
   5.17125156845978863085836433153428373E-0003
   5.52124770849164981813727606781779046E-0003
   5.90479629739796871679059783127834325E-0003
   6.32629647189383439335470085066324305E-0003
   6.79086405030725185891084264257618323E-0003
   7.30446214002609645349179412893504027E-0003
   7.87405425097899332544891005041827192E-0003
   8.50778201110949536905292926723867362E-0003
   9.21516894016133383097562226701237296E-0003
   1.00073508509769344022257386782545035E-0002
   1.08973324768393601240538940611505849E-0002
   1.19002692083569828983583575043252128E-0002
   1.30337728598412232398513009899728311E-0002
   1.43182417340275423037278266162894273E-0002
   1.57772182277551341328507288985167022E-0002
   1.74377816517130914582629235897068246E-0002
   1.93309889008443510994087194572938767E-0002
   2.14923797024189979360791749075982203E-0002
   2.39625650727938138529131232759800625E-0002
   2.67879168636225045581331190839307384E-0002
   3.00213735679571101717876124332069557E-0002
   3.37233743550975217607435823734116911E-0002
   3.79629310645191145147249511257693720E-0002
   4.28188473222145192827073407466752671E-0002
   4.83810949474245096387086926440234110E-0002
   5.47523597213464999217834452131276222E-0002
   6.20497706718375075187475133845425608E-0002
   7.04068287300826667976382517395248412E-0002
   7.99755516789452674074488198821873776E-0002
   9.09288526385716230096786205281506317E-0002
  0.103463168938089345192218775673132892      
  0.117801357110372455726956879107059766      
  0.134195867915122382573002989463500354      
  0.152932212714908123666521453182343069      
  0.174332729143796776384909498221642343      
  0.198760649776142850049207605398059535      
  0.226624472402207251668405646858422105      
  0.258382624545128444736467849552271236      
  0.294548408081397758793756717464822113      
  0.335695202354003281997627387848905859      
  0.382461896182169929808014453170431774      
  0.435558510906682763232962437889182989      
  0.495771968369208253504371412595599099      
  0.563971949852070440338735160341905152      
  0.641116784876979647376985919476363949      
  0.728259302764765529095266410204029701      
  0.826552575351757037594247973178362835      
  0.937255476576115181377492748893121358      
   1.06173798404340644590870484936551756      
   1.20148614935082916349945486854888940      
   1.35810666801056800611032783527148901      
   1.53333098630967987619895790490078798      
   1.72901889137599831560000579484157558      
