   591859.563458298414622666859677591708      
   502243.999588471648215096478929053226      
   323023.093461879780263440435115612914      
   174799.015402984828974233032845866006      
   95994.2111546412558510112337414529864      
   58645.4954066630426945123887459090017      
   31968.9760137010655916733428227383257      
   13433.0346653247525807615358227692178      
   6352.93174415503212485064699348605745      
   3815.96206408409958556843597001567563      
   1372.87657334161817947447880507025718      
   254.341122688046666470680830888482923      
   478.792414905432161135422920911550281      
   359.220869687463188848538467706631671      
  -13.6274058247006718942454637277061315      
   33.6493382718641488172390201779702245      
   170.789960533776348965540905344761433      
  0.191274820550056721259848049955276049      
  -83.3829796575371772843783519759876955      
   84.9562999503602398687136589273917634      
   0.00000000000000000000000000000000000      
