   591444.264878615854781110571034463403      
   501611.052666888302495608757232329662      
   322020.375507999986335913326592686161      
   176084.811281086307421407414875057917      
   94238.2451815800995525535765920958935      
   57329.3824684472143573318148498031377      
   33185.7205343312057573841396543400186      
   12671.7770851329275760620319395332841      
   4824.16612520681829358792962627665248      
   3922.63911655166586881064377658497136      
   1430.72408024845728376309085020375316      
  -766.120516096103658117264771831635554      
  -188.696013626491653292923131357107105      
   226.835057527730855338639163455421580      
  -256.403160796674640060928781443538600      
  -834.523428558389934802895886218267892      
  -481.514412457671983845648766025303629      
   152.096857491126704083125990632663361      
  -713.529469819593134707034880870229132      
  -943.830621904641410382485039936634434      
   0.00000000000000000000000000000000000      
