   1776.35434414054088134917934598536073      
   1688.92156031111088715090126738064978      
   1501.00759425622774104541742936695727      
   1280.30810264847959878471588642904958      
   1038.56725968663006684855615927370924      
   809.955825678358285411804151437969106      
   610.631485963319216548110882406794415      
   444.483189446313750292830967190029015      
   314.086556128858174038361118535888052      
   215.554963994667057530740651402256638      
   143.407083529419214040214729944533797      
   92.1479873000379460251672695405580922      
   56.3657791383819785935305424431610175      
   31.7853811970120664004193368714756304      
   15.1612070336180622274022447562244158      
   4.11456921593090673632607417189638308      
  -2.97379046655641341437192141735807321      
  -7.24819610042479439263225861252595753      
  -9.51778241088758826575981290209722146      
  -10.3829674165341290446992207601390234      
  -10.3043143915554083523356744834957655      
  -9.64133049083750283116913767016148443      
  -8.66404975949209374778207660132293429      
  -7.56980390990334445699230662043532298      
  -6.48580487376556563611866968186974954      
  -5.48699943411297984389065044158590158      
  -4.60446329845893979397159093192529603      
  -3.84396808693747849666648194851569605      
  -3.19407484741254951751237981806763516      
  -2.63939435516480118650698976285494686      
  -2.16306834273298196245477273064895077      
  -1.75302173068639068397917238847204923      
  -1.39965878058832145727957604731932234      
  -1.09783643938386066882243028559178107      
 -0.843147854654390359258108020533619522      
 -0.632844861859709100386758797901926989      
 -0.463017088500910138919627389699188651      
 -0.329899811706631029469856208978005836      
 -0.228366643251602220172235996053659421      
 -0.153510691659110006655261210386866678      
  -9.98934377264820331320784785516645456E-0002
  -6.28650668515992067277558920093121523E-0002
  -3.80235768565955624133851421837685658E-0002
  -2.20139039650254550691342399422659254E-0002
  -1.20158668515322702334879257594723789E-0002
  -6.08488250622672631732817631396882878E-0003
  -2.73747299544759704109556679868254624E-0003
  -1.02032028339452220668809733836022157E-0003
  -2.43497093169202583126400797848580854E-0004
   0.00000000000000000000000000000000000      
   0.00000000000000000000000000000000000      
