  0.712927944599535904209329342016429815      
  0.704100288576397017336879934664769454      
  0.695118579682544943110873722856001537      
  0.685976379527150632482917838295196907      
  0.676666785651611948382822362307700612      
  0.667182382741731812636414718907125906      
  0.657515186996769564758300626662591511      
  0.647656582441368662685690149719509483      
  0.637597247703041890981120382894732939      
  0.627327071446346116403803319146956691      
  0.616835054234340833424349495983163584      
  0.606109194050311268080207339675872615      
  0.595136352019667462196193266550578998      
  0.583902093970394592947913453836543245      
  0.572390502286361519461642338199841084      
  0.560583950936426597030644454728085267      
  0.548462834453442660871949617060697388      
  0.536005238772454633496556247154932550      
  0.523186537894420316797485810871894485      
  0.509978894835071303459623929634004843      
  0.496350637507763324852172050344191757      
  0.482265468914457826954178483326183998      
  0.467681454430905673733473671757869388      
  0.452549704040507185489224714053435341      
  0.436812628996263306701921761267502548      
  0.420401591716100032337919850301753336      
  0.403233668817815189228450990471462815      
  0.385207080265664789491797511029626604      
  0.366194544198501888699387915867186229      
  0.346033276275194865463832091931032047      
  0.324509297883962610427207822762230690      
  0.301331515256356414471657215582148686      
  0.276086022913382701891904512966025701      
  0.248148379084412822675076445572572634      
  0.216494292582830708609602222270483768      
  0.179214168026451716383278412586067168      
  0.131856336701136926151347041859691708      
   5.76812421106709232155637976890762556E-0002
   7.20707078899196633109144948795163057E-0003
   3.39867707697722927912030829755720150E-0003
   2.21821971989198301526485191177967321E-0003
   1.64438356305892733223541256613972982E-0003
   1.30532271389754946214391766800379055E-0003
   1.08151142415985496992622404098225318E-0003
   9.22783801681137107724196342976270201E-0004
   8.04399084171113159477101256897210577E-0004
   7.12746025899204614799551653668790919E-0004
   6.39717470196359551781109864633027610E-0004
   5.80183649554624970320912325874169720E-0004
   5.30740303866061125872333115067679952E-0004
   4.89039438435618268695141479655908953E-0004
   4.53409137445917452387587229858661311E-0004
   4.22626559348659088142771214798476293E-0004
   3.95776629739880141418434943533840607E-0004
   3.72160979268075382195401691082982510E-0004
   3.51237325208922270379462005470304236E-0004
   3.32578193927327388941432944319661195E-0004
   3.15842053437112661301403756080421164E-0004
   3.00752744448328789796074101416738540E-0004
   2.87084549046535265576955096693741877E-0004
   2.74651173181328683488973754235929243E-0004
   2.63297495810145590763999868800311270E-0004
   2.52893307354795275471910222116371270E-0004
