   627.270088484871325199103865600663116      
   559.196706745386807346888663545193067      
   422.610842066909664069011677031893162      
   298.365445207833061903911270687429461      
   195.714052879544052975849960563995317      
   118.132588391861616640664986502839169      
   68.9546187584554078191880496086004093      
   38.9370077660280568878919649632363974      
   21.7791591476967662509324047048759353      
   12.6868738295273481068457088542127317      
   7.66821433855297883074850265069631716      
   4.86270590268173990536195107580619283      
   3.07706416124684488158446350618030047      
   1.90643944335766140454882402412343515      
   1.11087837177825912328222979247119366      
  0.571908818723483144295290409699092648      
  0.272909945525886112322244281934463756      
   9.23573540383693426013549286074110934E-0002
   2.37840687148713458113062806863743607E-0002
   0.00000000000000000000000000000000000      
   0.00000000000000000000000000000000000      
