   19974058701.5539223907788303710360806      
   487904949.009372261723196551341748762      
   311701639.343657851743204894214654529      
   152539902.211614198322336805493016317      
   65289475.9791390564043793362241536724      
   30827245.5670220602184217129918616146      
   15976601.6326948399573245646724974879      
   7441189.38980710373241789221964055287      
   3099616.61883432068143061471780713613      
   1387544.80095648218267062096574402271      
   610622.906121036793304283166333377131      
   234771.228414746363137662604545745913      
   109867.264414281742589998138092260047      
   70472.2752227867915308120629470879515      
   32846.0371284875449026406826667500235      
   23274.5760451472200332988072044977028      
   16571.7796500217531284508891055641146      
   6495.00681987393270920918688323724886      
   2775.60220870534918817785390514034889      
   3268.82469153823443630018213908365662      
   488.943026876477796054994966987181866      
