   519225.504794580315730497823637970211      
   450412.037710794678289319208612982229      
   302378.861376080266460429243046817422      
   173343.913154013606477035440490093211      
   98992.3252755648722180341661958978810      
   57273.7343636755503742264404036941410      
   30487.3335129904817907162333094097631      
   14669.4654419785920497762404736094735      
   7336.96450097715579362137622835212882      
   3648.60783065482618118355725541147363      
   1786.78455339467991747267325505691333      
   934.728377418531396745370953778226999      
   639.014261865360144062075066238876273      
   348.769538855508597447714539627172884      
   231.840941102867492629203864627828801      
   144.394623713092666395998041895006918      
   76.6766188036083319900787664941561499      
   26.5511607375969672548942548656204792      
   27.6032228422981115352960907039620600      
   4.34614471941911721466672430898378948      
   0.00000000000000000000000000000000000      
