   591706.624883526768033483417704786722      
   503058.297571331739508502303104822068      
   322380.293016916329763707476897510636      
   174312.489392391705180028698127607565      
   96927.4389074305591692288962196799538      
   58694.5672931675761667025129343205946      
   31407.3741249044018454162882371978892      
   13721.0557437558368846493664132673728      
   6666.90305105094937312493953936565709      
   3630.82834314792768528227215399305028      
   1321.71034047327624620314047104218434      
   490.440189915002794688743414507202463      
   518.163596042228584707152469554964567      
   277.710173643586109490964072619485621      
   83.7924519996782413867752073693178722      
   169.652138302062712065626047054943779      
   130.423177456892991772501359746751667      
   17.9730616194136969388344127492536247      
   55.3635747030245050052261892773789852      
   114.266006822375010389527076280867117      
   0.00000000000000000000000000000000000      
