   19237959133.0655019601118659540826160      
   641503153.399508120445248018977662579      
   373363091.070477269268208874647834028      
   162048915.995060641687257948402441835      
   65131205.9384662196010988549113965274      
   31440189.0522860804761769304260893008      
   16361377.4722418093289052855880043986      
   7484123.70460052542904268149313525866      
   3143470.62880920073851318663782292753      
   1400082.64464027052095027042342359107      
   566688.402612481478024147282539144259      
   198937.519379274856328903748389294744      
   82703.4436586396462542945985926373064      
   35593.1160947781969908031771704664633      
   20277.4939375844955582887337944710625      
   11877.6564146374392470934807122146766      
   8071.61928450034975851176520963708752      
   4930.37712541638336956510951653435106      
   2318.34175751544139544983873466674027      
   1271.68498781324391391218826629556615      
  -10.7633924073681858136084337657998838      
