   601234.497404641714148945248162604734      
   505635.959972851074059113446030817919      
   316121.985032608855773941437430812831      
   173757.656337413890764397286816477429      
   100056.764310903723936302307250143725      
   57968.8451178185541263399560855044484      
   30189.6781579944004827403410711706168      
   14338.5046730226011350408457552706975      
   6905.73809582244582701292484749702802      
   3161.72005394937310482596009152987594      
   1305.40749649637163189909031985346423      
   643.105094378561169179349358866661762      
   332.823824166230997219751825657331891      
   202.020315901882125314068828194886832      
   127.174511304873355933303962600061656      
   75.8493342004565530274136125833875903      
   47.9901700695351850069407334770937716      
   18.4510062833863400777904751832303801      
   10.7386369053998044959090176932622516      
  -9.59047931792613293533582632331895801E-0002
   0.00000000000000000000000000000000000      
