   59.4371920144999999999999999999999975      
   59.4372127206491508808550677847793385      
   59.4372155952503623761352448636219125      
   59.4372188689278127663044886240169477      
   59.4372225970846111204108143830358812      
   59.4372268428153905707158674613747721      
   59.4372316779741101636932978419429865      
   59.4372371843900979157122779095379152      
   59.4372434552529151601946960409139796      
   59.4372505966894793732120912273075757      
   59.4372587295601364112645696391148833      
   59.4372679915040785541648039464817477      
   59.4372785392687246280386302715994805      
   59.4372905513624842049503267636509995      
   59.4373042310758007677033039749154107      
   59.4373198099216014131639741615975872      
   59.4373375515533786258077481658294713      
   59.4373577562272130096200900987533036      
   59.4373807658832514222251079487304452      
   59.4374069699326385032746322718913836      
   59.4374368118478385513338335785480325      
   59.4374707966678811325237574093396505      
   59.4375094995455478034659199497190300      
   59.4375535754811509489469742528032348      
   59.4376037704076373992557786752686585      
   59.4376609338146190617012879189864740      
   59.4377260331249773157445776548907755      
   59.4378001700673481540047008336801211      
   59.4378845993215729663967801198659808      
   59.4379807497526671129907941133468001      
   59.4380902485926660254061762988237392      
   59.4382149489795979082678353613995003      
   59.4383569613196474992262082798296319      
   59.4385186890032783213429404501315632      
   59.4387028690797664463998206611735369      
   59.4389126185785140230506418520626407      
   59.4391514872610758755593192709552462      
   59.4394235176966646723382708614890984      
   59.4397333136778413544449439346774212      
   59.4400861181342452603043184295147657      
   59.4404879018629614424375213281511030      
   59.4409454645771814305717377297160282      
   59.4414665499832862056108181679826328      
   59.4420599768338945605955897693972290      
   59.4427357881747942953797682030596265      
   59.4435054213115835852237967139625879      
   59.4443819013725063897063570776553932      
   59.4453800617433033731849313804388767      
   59.4465167951046768069479300440781708      
   59.4478113393208808776440944138596100      
   59.4492856030177627991863021156714236      
   59.4509645363602770182182394763786259      
   59.4528765533044422898480172492311996      
   59.4550540124698553098634960361660892      
   59.4575337647709579997552377143750415      
   59.4603577770750682869330578157771846      
   59.4635738424418470455772818932329650      
   59.4672363889641620062295743854649843      
   59.4714074008990211688427223640514135      
