   1.30142951652343145266652439579546758E-0012
   2.18287883884310070336285860218861728E-0012
   3.66132776656077431435712906391020181E-0012
   6.14112005469509492491402070862755881E-0012
   1.03004587217286716430205786273783169E-0011
   1.72768890581970671728328732343092774E-0011
   2.89784080100808743924703732806495489E-0011
   4.86052858225826593209898435743303155E-0011
   8.15253139190085394590077342011827329E-0011
   1.36741852189765188867400748916139359E-0010
   2.29356174682914834886638703674631590E-0010
   3.84697545212255436888670584847717245E-0010
   6.45250564964883539518306633475659863E-0010
   1.08227436532713712748566504409686603E-0009
   1.81529140064837306678776710168516679E-0009
   3.04477586722833712654790013171101499E-0009
   5.10698176521127296962859136988104948E-0009
   8.56590563230595106176485328883121862E-0009
   1.43675350089164345161300873058659808E-0008
   2.40985683351346062881503486894447117E-0008
   4.04203640668177791508232639474823378E-0008
   6.77968005639604747369738668462032629E-0008
   1.13715110509921192327297723334541093E-0007
   1.90733578144062698169706438065186318E-0007
   3.19916127843566773338341777043264106E-0007
   5.36593136092263233752094225964981723E-0007
   9.00024002047573514627020901668788635E-0007
   1.50960411115368732012517195205346386E-0006
   2.53204866451067811343242103236848586E-0006
   4.24698793020019827725918076004491525E-0006
   7.12344384690245328136995672304281176E-0006
   1.19481037087808329336968754080867546E-0005
   2.00404727409844882239235087390380492E-0005
   3.36137480449709873686047098185794871E-0005
   5.63801100020999465255495730835097426E-0005
   9.45659734105273008076630776712965718E-0005
   1.58614861282595470806325855704093137E-0004
   2.66043623433968506798662517733324411E-0004
   4.46233152414210223502806456349054362E-0004
   7.48463818614866952338169453049456042E-0004
   1.25539325069140479021011985895099602E-0003
   2.10566252460694100595144083576170659E-0003
   3.53181337010706705263057942029765253E-0003
   5.92388644215220358815857959032892397E-0003
   9.93609426719251152866211319813428997E-0003
   1.66657430473410325360259350542526948E-0002
   2.79533369804144014778155642498667202E-0002
   4.68859411861190024071948390275984100E-0002
   7.86414689039970577922060427579939729E-0002
  0.131904798643762885463501090893366549      
