 0.47770695640215E-02
 0.58587902359660E-02
 0.71676365939372E-02
 0.87594643642680E-02
 0.10704106759227E-01
 0.13087610414725E-01
 0.16015216063094E-01
 0.19615328431684E-01
 0.24044735644875E-01
 0.29495304836314E-01
 0.36202343519029E-01
 0.44454871101892E-01
 0.54608176990469E-01
 0.67099191612427E-01
 0.82465343379857E-01
 0.10136773085510E+00
 0.12461962445871E+00
 0.15322154110189E+00
 0.18840442062067E+00
 0.23168278801857E+00
 0.28492022642716E+00
 0.35041003287793E+00
 0.43097460859750E+00
 0.53008798094214E+00
 0.65202690793285E+00
 0.80205733348729E+00
 0.98666461289869E+00
 0.12138380066444E+01
 0.14934225684683E+01
 0.18375548935139E+01
 0.22612034623948E+01
 0.27828398125973E+01
 0.34252738900014E+01
 0.42166962226235E+01
 0.51919817390274E+01
 0.63943260520490E+01
 0.78773059182271E+01
 0.97074822862004E+01
 0.11967696742562E+02
 0.14761246983349E+02
 0.18217153453442E+02
 0.22496721089609E+02
 0.27801500512035E+02
 0.34382457404132E+02
 0.42549528656617E+02
 0.52679748833076E+02
 0.65221183681168E+02
 0.80690084760701E+02
 0.99661049855545E+02
 0.12275401007908E+03
