   1.05824603327662114118268451215752225E-0002
   1.25899804901214215489265906951971551E-0002
   1.51713833501233460515316779720916990E-0002
   1.84606164618920979601652582067607208E-0002
   2.26174551926917925578510023209108853E-0002
   2.78311644363650145185875964924259631E-0002
   3.43267909432249928405883644177521025E-0002
   4.23759859552080074514381021727480406E-0002
   5.23127821605779792962639373264478087E-0002
   6.45523940723663888536205565256999675E-0002
   7.96115873673065429333671249383924041E-0002
   9.81313664995430388968028628275554468E-0002
  0.120903991004932350486746213999577227      
  0.148906369086779425238365266746151705      
  0.183341646462017546604073658388494540      
  0.225690847047929003216663019727315762      
  0.277776760273181010589065695651223154      
  0.341842810361378912707586995303300564      
  0.420650334683825658646032226575552058      
  0.517598545620664921781018492795554200      
  0.636872488921790114999251284316563589      
  0.783625593829192757508570504195286879      
  0.964205002368906143457878026288696011      
   1.18642984940260430833069179237979050      
   1.45993514413632260594685133766151356      
   1.79659700761940668133914338134790906      
   2.21105891354617177063253441707292188      
   2.72138346871313897086363221049970835      
   3.34986041477857597415369402862116435      
   4.12400925625681644921082555711140589      
   5.07782461047003480542861980911582395      
   6.25332448863921780340786951448925879      
   7.70247675336410938967788607947250803      
   9.48959743373919847444555247607285142      
   11.6943366841060263947463294863529901      
   14.4153935650681766115481408966371733      
   17.7751277425463893314750548149150658      
   21.9252614279672354411465020614892293      
   27.0538885189188843012424721988151432      
   33.3940517816582368813075781070952213      
   41.2342918434254116103263340762070188      
   50.9319599991720699609726171971461143      
   62.9307868276723675599108052701111572      
   77.7847189182834643549760163031449410      
   96.1885453505816017725640484134784203      
   119.008667219648843978844503327734780      
   147.290188537177116850052185492177265      
   182.188561730384090168639564651554300      
   224.746176935678161757506795102910387      
   275.444004804169508767778748344917919      
