   19970779656.9507149807571243552457760      
   490152663.989803987859079229552038562      
   310912215.703354960611247700008918536      
   152645725.926700830878193408565477859      
   65282972.8856873787343675285539811289      
   30860804.8278209512210787254733508530      
   15948289.9213179359253941443223417312      
   7453036.09603246627912551362169695258      
   3093681.62017021048011361100025209896      
   1392036.58156743883620622605520134561      
   609318.998442639491218018101195760508      
   233093.081979726470826667531364654188      
   112019.502449990270674510218940695872      
   69246.0556189413843822013389666717880      
   33524.5301292364523746247481330731329      
   22620.8892712226502903330771114204487      
   17054.4553972909134849299212546665282      
   6427.21741598170602397997914953094754      
   2701.14544873808706709868171201223849      
   2929.85302993464964998418645288488508      
   1472.66690488438906976109654809030640      
