   589412.635779747001560725268760687235      
   503787.954623417568231003551695673477      
   323103.015080158059903988681346566472      
   174144.252087828151687998161525528256      
   96260.1443158344554635848129394781719      
   58799.0806611579923070725729751896418      
   31893.7778570830051081346608105425746      
   13352.4674438281463379761015564286368      
   6451.27789437831350422623231017947196      
   3861.37511426562943674055000427756826      
   1291.77972069651045359997586939673615      
   321.652286140919296972026771509547966      
   487.093340068883991978061528086711417      
   367.167220135860582636376030704915582      
  -23.5781937579948076222242622013784859      
   73.8191531008079220977563154300326870      
   190.917850383564478175481055106012631      
  -42.3911766532607650071814346876241705      
  -14.0588432694600937677726910634167112      
   81.0255598896887848882481751895344032      
   0.00000000000000000000000000000000000      
