   19222770311.1791871590855610068682778      
   650301803.059326124691932990987977060      
   371446873.120603232262180165046874566      
   161698490.196878021180772735848534224      
   65405362.0828647140713048135455560631      
   31433568.8948193839820616470998360914      
   16343318.8957364767257571608417841311      
   7465487.10813766435821887366986043185      
   3164047.38780239777217088743304802754      
   1394836.66288655418471168326774790753      
   564203.104868520860978985515502117659      
   201061.504535567266403194505395408273      
   81711.2257156862513070186052990052085      
   36862.2321239575088375361076432259146      
   18712.7712380793708438801475469394184      
   12895.8348454483167407454741403352088      
   7937.58297549583851562861068221792692      
   4533.10020401614730340666351268026143      
   2783.50917004949825845235621278611734      
   975.919410645864469968636467683867431      
   35.0078036352260350080135729972046285      
