   647.577344498046809860868844313717113      
   572.028919197511884145326134396317104      
   423.389720597899685764071404892134606      
   291.513293714841298384950728001620942      
   191.060183649701734678947611625668998      
   113.767349976252993741455648690465545      
   62.2358445183373320549288287994286486      
   33.4214336861025447628355367949999675      
   17.4707871608069751736743008607925048      
   8.87473487672682425793459191836912815      
   4.91549929741309019322009359600905669      
   2.98845713016759315136690541815475571      
   1.82937565999028078129578004415114141      
   1.16741622405456621599419445138676888      
  0.700055107262321990158190158550039981      
  0.368088325078962153135539742115560430      
  0.173226516586589440242068864973700968      
   6.59287788127717561950014892824335324E-0002
   2.62771984780943251873714139110843484E-0003
   0.00000000000000000000000000000000000      
   0.00000000000000000000000000000000000      
