   8.43901919464949296144981907283648871E-0002
  0.195171888851852627173321236029950329      
  0.197740123105706728707043544976101179      
  0.200350023343561244867993112340527730      
  0.203001827178915947366343413422193238      
  0.205695772000111927465142548509929053      
  0.208432095555955556839375397133281593      
  0.211211036563399101274284329188349063      
  0.214032835336080207464323370223903733      
  0.216897734432411070440625836005816999      
  0.219805979321810123748145690935171522      
  0.222757819067583511008574548491141702      
  0.225753507024887634920636377004195940      
  0.228793301552133311090191457752246206      
  0.231877466734120594222213419686162654      
  0.235006273115114252253240539835643366      
  0.238179998439975738211855682934990534      
  0.241398928401351249941968637746302979      
  0.244663357390771156358659645726204528      
  0.247973589251339893728313355987504466      
  0.251329938029486564294819128449524084      
  0.254732728723007767388175128416346059      
  0.258182298022372678340658664192530071      
  0.261678995041987338336673847824344248      
  0.265223182037845748597234269774279082      
  0.268815235107748090177936928492044379      
  0.272455544870061667987629889133273339      
  0.276144517116859005311843688506559879      
  0.279882573437209752996776266902788099      
  0.283670151806445712923887618539374431      
  0.287507707137373827315440254286304718      
  0.291395711789687213527701175369250517      
  0.295334656034219385469427878105931268      
  0.299325048469194949765182593511567333      
  0.303367416386237916998891708665464992      
  0.307462306084587131567102905038128431      
  0.311610283132713465618064947162442312      
  0.315811932577308673415081714529680303      
  0.320067859100393318901093519392754023      
  0.324378687126043715804942670164769390      
  0.328745060878940294290914984065396331      
  0.333167644397570688935768723701462754      
  0.337647121505463072339352862309254662      
  0.342184195744266827897373219321378515      
  0.346779590272831770050657246801203240      
  0.351434047736662009944597040609895936      
  0.356148330112238997215176813502501037      
  0.360923218530726854684277489611789749      
  0.365759513085501488125278394354977042      
  0.370658032627794865145085512007161473      
  0.375619614554530368883534749942037385      
  0.380645114592157801030542107850449187      
  0.385735406579990824206592913533772963      
  0.390891382256218076844411316172636236      
  0.396113951049413432987055875910383778      
  0.401404039878021101107789423499089415      
  0.406762592959946114083223998058247277      
  0.412190571634047331156819416524059734      
  0.417688954195013881829986052044966990      
  0.423258735742811112870782630062257000      
  0.428900928047611325835095020313615500      
  0.434616559430879541852286954430839738      
  0.440406674663065862003657503926712270      
  0.446272334878163570809057045474563810      
  0.452214617505225196000518894956195590      
  0.458234616216786055435086000089154614      
  0.464333440894024819733846316370610778      
  0.470512217608391504457300921561341777      
  0.476772088619353162808049702665479329      
  0.483114212387844419742458305820998209      
  0.489539763604961930252735171156415919      
  0.496049933235406983382581018193277225      
  0.502645928575157033834169690984212292      
  0.509328973322833271974654452465339941      
  0.516100307664225924264117132891076325      
  0.522961188369440436242135892656989319      
  0.529912888902134799844588070001010743      
  0.536956699540329957252701686689242664      
  0.544093927508290490288592706845765021      
  0.551325897118990859004134490965291483      
  0.558653949926702573132626561181552396      
  0.566079444889259258788366903470077347      
  0.573603758539579108666646085332868774      
  0.581228285166047250220706538115244990      
  0.588954437001383780842532924173373582      
  0.596783644419646315290521363204915667      
  0.604717356141038638520756135917766817      
  0.612757039444219275477106676913013680      
  0.620904180385825338675402128220444642      
  0.629160284026947790194565681086898282      
  0.637526874666314182147403934927026782      
  0.646005496079953968638171323870569467      
  0.654597711767139582703784277162750050      
  0.663305105202413630411935300120698424      
  0.672129280093528771127298481245485890      
  0.681071860645142138534151974231232588      
  0.690134491828120530189485105144715035      
  0.699318839654326079355145363165867729      
  0.708626591456764751496718825880277429      
  0.718059456174991812433840300751561195      
  0.727619164645679430995778905959657440      
  0.737307469898261843042278921318121855      
  0.747126147455583053091758655280025050      
  0.757076995639480921855007254057706143      
  0.767161835881249719478472573545960748      
  0.777382513036930851173138433185780133      
  0.787740895707388518917806512333497117      
  0.798238876563133603508781857068847897      
  0.808878372673865067315249292171314286      
  0.819661325842703720034429934038114453      
  0.830589702945098286211098960740160214      
  0.841665496272388391301101709335180120      
  0.852890723880013367939963548456026854      
  0.864267429940359699478196972473085005      
  0.875797685100243485776923803648497956      
  0.887483586843027557134999508099192704      
  0.899327259855375794907103024501720400      
  0.911330856398649859242383952867051814      
  0.923496556684955891361248651760600527      
  0.935826569257850864454989303915816524      
  0.948323131377720116886982199040263580      
  0.960988509411839225890441262480890057      
  0.973824999229134780197931968193052774      
  0.986834926599659795669081579231926117      
   1.00002064759880049759163619588664967      
   1.01338454901623197447689182335700920      
   1.02692904876964079743576287289878180      
   1.04065659632323310225817518222132694      
   1.05456967311104685289076864051549715      
   1.06867079296508704903470285464578541      
   1.08296250254830251017574284549547807      
   1.09744738179242256584685798486562047      
   1.11212804434067150889903212265203893      
   1.12700713799537802589211999733218174      
   1.14208734517049600659600510165931125      
   1.15737138334905215252486206981628382      
   1.17286200554553465127515294415770146      
   1.18856200077323585742787922243029207      
   1.20447419451656041951366597070167900      
   1.22060144920830861302200704723991012      
   1.23694666471194277805906832897123879      
   1.25351277880884271282267111009596236      
   1.27030276769055363577864414924372680      
   1.28731964645602789491054655227855263      
   1.30456646961385896570603882429005234      
   1.32204633158950343407685139626953236      
   1.33976236723748359902682897107577833      
   1.35771775235856004482157042945358853      
   1.37591570422186001529821512701301521      
   1.39435948209194366478559157948135766      
   1.41305238776078625124725911914326520      
   1.43199776608465006742516999805706192      
   1.45119900552581536399372659948928882      
   1.47065953869913469338962729813575437      
   1.49038284292336998171086287937443447      
   1.51037244077726620579661687734059696      
   1.53063190066030979947125162806029837      
   1.55116483735811382234034102795169755      
   1.57197491261236548103397079250967902      
   1.59306583569526478012917987584384850      
   1.61444136398837588100095302226258800      
   1.63610530356580514349022274468264639      
   1.65806150978161179852991566280280964      
   1.68031388786134872973950958665117207      
   1.70286639349762190745684403727575039      
   1.72572303344954759761872995260399194      
   1.74888786614597653710072400528125806      
   1.77236500229234380217824770512187058      
   1.79615860548099207204504512222133169      
   1.82027289280480437790570107569824357      
   1.84471213547397020178791828867069231      
   1.86948065943569591823266914338063825      
   1.89458284599665702527939418989113923      
   1.92002313244797535599059994226221372      
   1.94580601269248945881267011544927421      
   1.97193603787407059371631561177656564      
   1.99841781700872009176911916314083310      
   2.02525601761716655455592519784914790      
   2.05245536635866285766069408986804802      
   2.08002064966566366351362090582203074      
   2.10795671437904395000336956628884606      
   2.13626846838349804798067925874657506      
   2.16496088124273510185409515544854788      
   2.19403898483406446703276648231685913      
   2.22350787398194111177867079141937594      
   2.25337270709001067503071873217154924      
   2.28363870677117168802610896242557794      
   2.31431116047514077508224186340504116      
   2.34539542111297689605504414730718825      
   2.37689690767799005000875177605011173      
   2.40882110586242592961030716081228367      
   2.44117356866928294628336320018035974      
   2.47395991701858197539195037417179813      
   2.50718584034737039492644334143400039      
   2.54085709720270166561016834171070744      
   2.57497951582678933263065316872789883      
   2.60955899473348972670825725224180439      
   2.64460150327522103549594912859524552      
   2.68011308219937725467648541191955754      
   2.71609984419324406413131244434424393      
   2.75256797441636960459328547112608022      
   2.78952373101928637613519349421308160      
   2.82697344564742090637274048327533929      
   2.86492352392896530366926731754802686      
   2.90338044594541917301762944314275827      
   2.94235076668344147638615775165017277      
   2.98184111646657960415331855015877955      
   3.02185820136536702067174677959274181      
   3.06240880358420121387066069352209968      
   3.10349978182332980689212073383321292      
   3.14513807161418564414394750211508757      
   3.18733068562621836289925266590710805      
   3.23008471394327439807478646406049600      
   3.27340732430747520806358137115620718      
   3.31730576232843725322580932111269607      
   3.36178735165556490600784253639544456      
   3.40685949411103150462120338113903411      
   3.45252966978093817628742918664528069      
   3.49880543706201338944679077111110255      
   3.54569443266107749857965075183868070      
   3.59320437154435741446225299441937238      
   3.64134304683358344664629941424306002      
   3.69011832964564542522197159139401088      
   3.73953816887241941420053150143314750      
   3.78961059089720325959284170993840602      
   3.84034369924401723241121133410159378      
   3.89174567415583504009945872149334981      
   3.94382477209760985787061159183354881      
   3.99658932517974933894251632689684600      
   4.05004774049747230677782401059566519      
   4.10420849938124713476981468207472382      
   4.15908015655326844894686457756200468      
   4.21467133918467060253361084680471099      
   4.27099074584790933848379234297128401      
   4.32804714535845721651156457030221069      
   4.38584937549966262440528391123686126      
   4.44440634162430882764407532677199224      
   4.50372701512608067841081961334277412      
   4.56382043177380125854633589295978217      
   4.62469568990093728134095198870406099      
   4.68636194844249022200622233010679161      
   4.74882842481098871294009001305180740      
   4.81210439260287431137595161497536046      
   4.87619917912613011484460826405945936      
   4.94112216273953210167219265521411657      
   5.00688276999341293297513086608184065      
   5.07349047256130942313079620705840373      
   5.14095478395131998582191836164941839      
   5.20928525598542508031414898611409211      
   5.27849147503441929677811983151118989      
   5.34858305799546789075976674573706804      
   5.41956964799863033105440907750196483      
   5.49146090982798675828721961664242916      
   5.56426652504226087598600616039833125      
   5.63799618677904586772175520848696847      
   5.71265959422591517120694799536747038      
   5.78826644674082636775012847486316554      
   5.86482643760330631265355637694848103      
   5.94234924737693535038911499688481801      
   6.02084453686262188131460955669536103      
   6.10032193962107764864410348387370091      
   6.18079105404175965278358369266398189      
   6.26226143493433681044697324717723043      
   6.34474258461746273680823616808147884      
   6.42824394347828529932657435421017556      
   6.51277487997469555960004401662861868      
   6.59834468005080596356742976787254943      
   6.68496253593454942898874153109932035      
   6.77263753428459373928376431484164630      
   6.86137864365197016790957866620859970      
   6.95119470121991169176173191440581471      
   7.04209439878337492364522802525602482      
   7.13408626792757769608618053731431950      
   7.22717866436260655368380234053653454      
   7.32137975136873191249165946842447019      
   7.41669748230449671539858357564503510      
   7.51313958212691066193779095473067139      
   7.61071352787017243043633490593619729      
   7.70942652802624068277690754626327643      
   7.80928550076727553471543228631374736      
   7.91029705094644422832902571226810033      
   8.01246744580982944384694344671340420      
   8.11580258934816012236822106587255714      
   8.22030799521279369254633706200746501      
   8.32598875811578710350104157398310769      
   8.43284952362897820799757421868527660      
   8.54089445629173145483991211380281167      
   8.65012720593135429909089777129203111      
   8.76055087209412588127432276733420618      
   8.87216796647836644107410440547358817      
   8.98498037325396921293112275528934444      
   9.09898930714527552430138347478236450      
   9.21419526914604687440973651330245155      
   9.33059799972652299073591757135089607      
   9.44819642938308898450488266561429993      
   9.56698862637084344689578362185874294      
   9.68697174144828668190827311985486844      
   9.80814194945135325220901877248503681      
   9.93049438750100050822525566641608335      
   10.0540230896344351283937390507591415      
