 0.34423420323285E-03
 0.22635566535789E-03
 0.22488091579366E-03
 0.22341138586254E-03
 0.22194738258075E-03
 0.22048919846276E-03
 0.21903711152313E-03
 0.21759138531246E-03
 0.21615226898587E-03
 0.21471999740250E-03
 0.21329479125442E-03
 0.21187685722336E-03
 0.21046638816356E-03
 0.20906356330926E-03
 0.20766854850497E-03
 0.20628149645709E-03
 0.20490254700524E-03
 0.20353182741160E-03
 0.20216945266709E-03
 0.20081552581261E-03
 0.19947013827431E-03
 0.19813337021146E-03
 0.19680529087586E-03
 0.19548595898174E-03
 0.19417542308518E-03
 0.19287372197201E-03
 0.19158088505361E-03
 0.19029693276945E-03
 0.18902187699580E-03
 0.18775572145953E-03
 0.18649846215622E-03
 0.18525008777142E-03
 0.18401058010413E-03
 0.18277991449109E-03
 0.18155806023072E-03
 0.18034498100518E-03
 0.17914063529918E-03
 0.17794497681374E-03
 0.17675795487362E-03
 0.17557951482647E-03
 0.17440959843244E-03
 0.17324814424246E-03
 0.17209508796399E-03
 0.17095036281277E-03
 0.16981389984957E-03
 0.16868562830085E-03
 0.16756547586255E-03
 0.16645336898648E-03
 0.16534923314875E-03
 0.16425299310014E-03
 0.16316457309823E-03
 0.16208389712155E-03
 0.16101088906584E-03
 0.15994547292300E-03
 0.15888757294306E-03
 0.15783711378003E-03
 0.15679402062204E-03
 0.15575821930681E-03
 0.15472963642309E-03
 0.15370819939896E-03
 0.15269383657789E-03
 0.15168647728333E-03
 0.15068605187280E-03
 0.14969249178224E-03
 0.14870572956146E-03
 0.14772569890155E-03
 0.14675233465481E-03
 0.14578557284823E-03
 0.14482535069086E-03
 0.14387160657598E-03
 0.14292428007847E-03
 0.14198331194813E-03
 0.14104864409923E-03
 0.14012021959696E-03
 0.13919798264114E-03
 0.13828187854758E-03
 0.13737185372739E-03
 0.13646785566479E-03
 0.13556983289339E-03
 0.13467773497150E-03
 0.13379151245656E-03
 0.13291111687890E-03
 0.13203650071510E-03
 0.13116761736105E-03
 0.13030442110489E-03
 0.12944686709998E-03
 0.12859491133793E-03
 0.12774851062194E-03
 0.12690762254038E-03
 0.12607220544076E-03
 0.12524221840419E-03
 0.12441762122029E-03
 0.12359837436270E-03
 0.12278443896510E-03
 0.12197577679787E-03
 0.12117235024545E-03
 0.12037412228422E-03
 0.11958105646119E-03
 0.11879311687321E-03
 0.11801026814699E-03
 0.11723247541969E-03
 0.11645970432029E-03
 0.11569192095149E-03
 0.11492909187243E-03
 0.11417118408193E-03
 0.11341816500246E-03
 0.11267000246467E-03
 0.11192666469261E-03
 0.11118812028951E-03
 0.11045433822412E-03
 0.10972528781770E-03
 0.10900093873153E-03
 0.10828126095491E-03
 0.10756622479377E-03
 0.10685580085977E-03
 0.10614996005982E-03
 0.10544867358615E-03
 0.10475191290684E-03
 0.10405964975675E-03
 0.10337185612889E-03
 0.10268850426623E-03
 0.10200956665385E-03
 0.10133501601156E-03
 0.10066482528675E-03
 0.99998967647749E-04
 0.99337416477380E-04
 0.98680145366933E-04
 0.98027128110397E-04
 0.97378338699010E-04
 0.96733751316082E-04
 0.96093340332091E-04
 0.95457080300045E-04
 0.94824945951080E-04
 0.94196912190305E-04
 0.93572954092864E-04
 0.92953046900221E-04
 0.92337166016645E-04
 0.91725287005891E-04
 0.91117385588072E-04
 0.90513437636701E-04
 0.89913419175913E-04
 0.89317306377831E-04
 0.88725075560104E-04
 0.88136703183578E-04
 0.87552165850106E-04
 0.86971440300495E-04
 0.86394503412569E-04
 0.85821332199361E-04
 0.85251903807406E-04
 0.84686195515144E-04
 0.84124184731431E-04
 0.83565848994131E-04
 0.83011165968810E-04
 0.82460113447512E-04
 0.81912669347612E-04
 0.81368811710752E-04
 0.80828518701841E-04
 0.80291768608131E-04
 0.79758539838354E-04
 0.79228810921918E-04
 0.78702560508165E-04
 0.78179767365675E-04
 0.77660410381635E-04
 0.77144468561238E-04
 0.76631921027143E-04
 0.76122747018971E-04
 0.75616925892838E-04
 0.75114437120935E-04
 0.74615260291134E-04
 0.74119375106635E-04
 0.73626761385641E-04
 0.73137399061061E-04
 0.72651268180248E-04
 0.72168348904758E-04
 0.71688621510131E-04
 0.71212066385704E-04
 0.70738664034442E-04
 0.70268395072785E-04
 0.69801240230525E-04
 0.69337180350693E-04
 0.68876196389466E-04
 0.68418269416093E-04
 0.67963380612838E-04
 0.67511511274931E-04
 0.67062642810540E-04
 0.66616756740757E-04
 0.66173834699592E-04
 0.65733858433984E-04
 0.65296809803825E-04
 0.64862670781991E-04
 0.64431423454388E-04
 0.64003050020011E-04
 0.63577532791009E-04
 0.63154854192762E-04
 0.62734996763975E-04
 0.62317943156771E-04
 0.61903676136803E-04
 0.61492178583374E-04
 0.61083433489569E-04
 0.60677423962390E-04
 0.60274133222912E-04
 0.59873544606442E-04
 0.59475641562692E-04
 0.59080407655959E-04
 0.58687826565326E-04
 0.58297882084861E-04
 0.57910558123837E-04
 0.57525838706961E-04
 0.57143707974615E-04
 0.56764150183113E-04
 0.56387149704965E-04
 0.56012691029162E-04
 0.55640758761468E-04
 0.55271337624735E-04
 0.54904412459224E-04
 0.54539968222949E-04
 0.54177989992034E-04
 0.53818462961088E-04
 0.53461372443601E-04
 0.53106703872349E-04
 0.52754442799834E-04
 0.52404574898728E-04
 0.52057085962347E-04
 0.51711961905147E-04
 0.51369188763241E-04
 0.51028752694938E-04
 0.50690639981310E-04
 0.50354837026784E-04
 0.50021330359760E-04
 0.49690106633261E-04
 0.49361152625605E-04
 0.49034455241116E-04
 0.48710001510861E-04
 0.48387778593425E-04
 0.48067773775718E-04
 0.47749974473817E-04
 0.47434368233853E-04
 0.47120942732927E-04
 0.46809685780081E-04
 0.46500585317295E-04
 0.46193629420550E-04
 0.45888806300919E-04
 0.45586104305717E-04
 0.45285511919706E-04
 0.44987017766342E-04
 0.44690610609091E-04
 0.44396279352796E-04
 0.44104013045107E-04
 0.43813800877978E-04
 0.43525632189229E-04
 0.43239496464180E-04
 0.42955383337354E-04
 0.42673282594270E-04
 0.42393184173298E-04
 0.42115078167619E-04
 0.41838954827258E-04
 0.41564804561220E-04
 0.41292617939719E-04
 0.41022385696512E-04
 0.40754098731342E-04
 0.40487748112490E-04
 0.40223325079453E-04
 0.39960821045738E-04
 0.39700227601796E-04
 0.39441536518091E-04
 0.39184739748314E-04
 0.38929829432753E-04
 0.38676797901824E-04
 0.38425637679771E-04
 0.38176341488547E-04
 0.37928902251887E-04
 0.37683313099581E-04
 0.37439567371952E-04
 0.37197658624574E-04
 0.36957580633206E-04
 0.36719327398996E-04
 0.36482893153942E-04
 0.36248272366631E-04
 0.36015459748285E-04
 0.35784450259117E-04
 0.35555239115031E-04
 0.35327821794668E-04
 0.35102194046844E-04
 0.34878351898386E-04
 0.34656291662395E-04
 0.34436009946978E-04
 0.34217503664459E-04
 0.34000770041116E-04
 0.33785806627477E-04
 0.33572611309203E-04
 0.33361182318617E-04
 0.33151518246912E-04
 0.32943618057079E-04
 0.32737481097632E-04
 0.32533107117161E-04
 0.32330496279791E-04
 0.32129649181602E-04
 0.31930566868105E-04
 0.31733250852819E-04
 0.31537703137072E-04
