   157.886008132181943782287269164666626      
   131.051386488549685439735950552863894      
   102.907490030765403570201128766290666      
   83.3245416190011161207766003350918089      
   50.1150445898325531204654457708102841      
   31.8804975099522875873902767968904146      
   18.2271348469791451999359511782284049      
   7.69313430289350993721281672029901398      
   4.49653815685459807685853880268970043      
   1.33119465157856847386220543010847752      
  0.689420800642390842682129976061218941      
  0.773871439925935861513953797545834404      
  0.246209618087987507522796884882139141      
  0.655289707825237420187371690477929241      
  0.249535284515560052741677092256706049      
  0.298671132594194781038378495663887656      
  0.147789671758671307254501335807186039      
   5.63812217065748055311493093473382746E-0002
   4.41573468423430218271383811167933411E-0002
   0.00000000000000000000000000000000000      
   0.00000000000000000000000000000000000      
