   589125.827667341335173938530105660939      
   503300.251793915611862206677622369490      
   323126.563527657291736038793225433230      
   174391.159303444233402728619693395058      
   95367.0667546285470719143343963499552      
   58395.7407998276844191590425075115067      
   32398.2298049071052051630452000178770      
   12862.4588391579188629682400926163827      
   5789.16818907853159954719758236158713      
   4003.33669547659940123711676976657461      
   1193.23909211120836102172960782730635      
  -193.397373103855523267806485324491225      
   220.752763787977452973852835828099872      
   363.043994013921497840656482602835819      
  -269.063601219697459275194770497704702      
  -408.914746764503628434229286587322893      
   93.8437747178880442191295124215677580      
  -88.6853470778393308421829969131207199      
  -476.812968083138259800158872795826008      
  -242.598869023623611996111800502484006      
   0.00000000000000000000000000000000000      
