   24294868309.3592804797679478429406786      
   3355321634.89495315892806875287079168      
   1163539000.03319694042168158268126996      
   374438756.975462847608265278844308030      
   340215927.592381922547488243697183626      
   258186934.736806253088382122777331244      
   183483361.626413705944266750861056285      
   136192910.672967004643168312221037803      
   93840155.0953654854957974269952618329      
   64973935.7210878636649550410366963503      
   42703834.4490823461763106974265822780      
   27241613.1963050989107159287742484473      
   16827810.4039784653056803040282946733      
   9952924.01223882277450057367723625752      
   5820069.75869332065538509905276913551      
   3308264.79029264461240986438819202881      
   1933735.84412686430225058858570123414      
   1163462.45682994275279468301081409329      
   740663.275321867491691786751770728000      
   490480.652463434724023598613954618997      
   317038.591731684341824051491504701495      
   191642.376508507872715543173462231882      
   92723.6951362691278342516973027425277      
   23501.3003695428085890468344384063144      
  -20101.9987757008306576489519533371998      
  -39861.7371747471192481997979543824311      
  -41354.8410602713302578198530332825490      
  -31815.6314230715274746051316340714547      
  -17344.1748146577737454255438397246708      
  -3602.61857713229662484051694674160654      
   6535.16789754109567378518135070896877      
   11734.2178067783710397687201254729878      
   12480.0171321136717616740097358433092      
   10111.2477014523207007943835019333511      
   6248.14124088189706650329009062937337      
   2361.74243641426959027266090445792721      
  -601.751486631828385052274811039234485      
  -2206.13687248265989486114741281618129      
  -2503.90789841574998140595176198571056      
  -1840.65290285376317941076351658548389      
  -685.367336330449343831965049043462233      
   526.112651724295977939735327708766750      
   1476.96281792514151573506713036803737      
   2019.05286020581198725905021321681853      
   2139.07041731040209850450300897292843      
   1924.45953147875704920431642370068222      
   1525.38388083325569208060545784328601      
   1049.08704539964486645380004628674465      
   633.989956534414937798277356512173649      
   326.109942241375518330135921144686175      
   92.7046666980824336110383066503281911      
