   24277142535.6684202806950780525780711      
   3366078330.39206489404699925217786916      
   1159794200.29722433376242854987464023      
   375290731.762631908097545844517369182      
   340419169.876400418048353775267721987      
   257843723.175963038829739006043953601      
   183719838.644912305308346057174640873      
   136031958.921708999747020779523122753      
   93893656.7630450718605137290084888466      
   64944093.0432339854887785869050077338      
   42698258.7194715237537571817112122984      
   27250594.7474382637305705374894897417      
   16820605.3005093299702882378306814881      
   9963831.25450986275197295217428381604      
   5818977.40730690568903304691305753684      
   3313006.40562787443375337507276444198      
   1934563.97185681331224372308827469986      
   1163706.41213456114047770365099432330      
   740796.784593515924995513540455958615      
   489194.500728861577560218714434746691      
   316527.506479909902364180049662295649      
   190636.208389234940272477385113792722      
   92319.3344018464930795042494878930637      
   23240.2998402750631772358955745227037      
  -20116.7529655486361216275106785124804      
  -39665.6044954667440685344027670521035      
  -41166.4731912622480279900830073962381      
  -31572.8795275199028997520313057309914      
  -17205.4313169707147583719425981154560      
  -3513.22652139167578768310407445980965      
   6541.34180058616038727478880687463065      
   11692.4455111418571778472255753121263      
   12415.8055155438818492506770422236880      
   10041.7157320650052204687740792924283      
   6197.12603984945339202285590174123281      
   2330.55592227070516467774354299194318      
  -609.509065643057462248729553285088004      
  -2197.63300444382036400798733336163038      
  -2486.80192407447942170058906533212231      
  -1821.78906888920781419458511770641929      
  -671.005417410968462754317021870890856      
   533.753167104056053477798710529804413      
   1477.49959825157845420063731841411809      
   2013.96416083863233839968227530708641      
   2130.86343630792550626818683543584987      
   1915.82779180494995355843106783681429      
   1517.29549478388473914782691991891636      
   1043.84914082314995967317298548256643      
   630.371789687588969620346688371332286      
   324.256668213216636640314436173067513      
   93.0022709998657794242822502986769573      
