   627.247845864955215541917969994340794      
   559.598695448685009316471491291457639      
   422.801865433620108657839867903188559      
   298.237709765864930733265695865799044      
   195.908032291337356900110144844006821      
   118.126166175072864938314197791097998      
   68.9124627278841209583817620924364186      
   38.9929063853909547680229115555643018      
   21.7550798565040959821680505681186365      
   12.7162006522453654090409195615366286      
   7.68034650756475810777482691047101693      
   4.86915566658221340438571339416970104      
   3.09562426896990695033341794109612897      
   1.89791184029045121293785940443387863      
   1.11941026652973749074263714389365782      
  0.565667240383463495455716972908341863      
  0.268587784676265695857340147566592887      
   9.25200930986366183987865191148308829E-0002
   1.77662264760190532390359139010445224E-0002
   0.00000000000000000000000000000000000      
   0.00000000000000000000000000000000000      
