   157.866773843360493528204642709301114      
   130.953025668426468731684674077585659      
   103.071538061289390124827439926592136      
   83.1018447442868863273996187539912291      
   50.1877004462315730435376577758897510      
   31.9059763205261541529738410393930519      
   18.0656954135065274103045090614947270      
   7.82308059293413955029267958542072449      
   4.37973126868783195074634772533265608      
   1.33438612332606658657417430139335498      
  0.710115060038025583115768660875808103      
  0.690409060944680221269017490284024767      
  0.295623680096287559897651625373093807      
  0.597491578177275595735674492458478878      
  0.255499664422877389005747232025281742      
  0.289675414682802800487562577122485411      
  0.126447252117941639411866301984270437      
   6.27887324521542341603802523604859622E-0002
   2.95865156684965276039274870607262988E-0002
   0.00000000000000000000000000000000000      
   0.00000000000000000000000000000000000      
