   590935.256055962171828560042921624931      
   501861.513745461494848289443648989343      
   322189.582116279925471760117985390105      
   175757.014992863366998830673838059831      
   94348.3401347083504182248445341905561      
   57402.6839941737641089074947959633108      
   33119.1594076162129308739040587351027      
   12623.3165941840117558670122730746386      
   4838.26444891126001950103548709540098      
   3984.68801531713676637732380552606951      
   1340.18882817212390955304480982357948      
  -764.266843049816492790765211205429598      
  -167.487082317999153131233181663458769      
   215.566643096796825591494967876074348      
  -271.661331620449489108445960855373339      
  -879.940807528318527879168847311963118      
  -431.731819470512703474029134131465660      
   137.521875512919557196305216652196474      
  -775.642637290779294315757006450474878      
  -914.350843460990331936797119821115744      
   0.00000000000000000000000000000000000      
