   24345931599.7169482478903942090443848      
   3150801729.25830892387634813187220978      
   1054167914.45043965317075247348103364      
   204655729.629813919775010526756100385      
   158496603.098133802783765741280023708      
   99166078.6364382413743052669509181248      
   41331718.7284310090726089531383659506      
   26122987.1131746492482480399156734761      
   10728401.6353954426751850598189117593      
   4665069.64273587339034678399929837993      
   2143034.50313769220496027731134182811      
   228785.005221476050678096278403072272      
   198362.379352245355739260526020172870      
  -72576.2205097994953707035116412683546      
  -27014.0801093683265022320625418305476      
   39593.1577556550020629927929911502719      
   1461.82733799173445956787076878926420      
   39506.0144961036429505091729900982068      
   13552.0023570652001399506093196833781      
   6314.87998560434649321607073903499353      
   10055.5037933708743894353876603819177      
