   19974676209.5271712527108379609691178      
   487485849.351582780371186449183500677      
   311843568.861132194176443831932477698      
   152522420.872264464662063328531406982      
   65294546.4983742701056347839348073155      
   30813855.5072718952612071422051043128      
   15988565.8555935380561513615303238860      
   7434417.09182923073909377038668403023      
   3103339.96311130136060204024111460215      
   1385181.40079926650237575536240476249      
   612082.246002160295144507460563783404      
   233728.940450129362485205713603654210      
   111037.522502836692978653488606685979      
   69129.4250582059699394415836338825292      
   33971.0536060511354074523075266440283      
   22664.5031165290668609100111660674485      
   16738.5867301198781743107532191551497      
   6479.46562235590128001238963667663404      
   2881.37591090230339690111844976423204      
   2998.70408467162615863541372629274283      
   861.943401034682101852842758649107409      
