   19308655659.5274672058997110471421605      
   611207517.135557621947605040073587388      
   370265693.128610771181176127991034481      
   167690626.797733067910185932330519486      
   65063166.7269267883597419557269655914      
   30012856.0063889635831929387151938636      
   16721701.7048680890140263661365722078      
   7780609.47134929888147186903405024684      
   2951454.06403781711650890265636750749      
   1368895.74804525360527836247989063459      
   644948.105686169952363928892024192764      
   174572.134087448413603291345049137320      
   65064.0093451545147798353488706145883      
   57150.7949328686846095721956955251585      
   13458.8741701768021369119354449251657      
   5797.16479827353739520557921575289510      
   15974.6839346927370058526806983204511      
   3877.95564251402187612750390274031609      
  -3011.75985551233720143285708381226000      
   4873.35686702605505821544828647134042      
   4806.39657837575768904457107896853725      
