   19328793960.8618800535786453325011685      
   599856759.560007199224227214350295998      
   369434860.697749111611599860303730631      
   170800054.589708844322681881537816978      
   65438513.1581129307650952570751243887      
   28248658.6338264453580934633167270943      
   17057485.2461108680926546861841688642      
   8575339.93168421738669307527312724656      
   2502497.08798622061236925754674956245      
   1133212.40722639899005169015982727367      
   939904.188297551588609935939655847802      
   214775.812807773861988543268837448714      
  -112812.998098563897514517665606299101      
   82339.1002074624177194248288971676105      
   127686.966512587109763345430475595467      
  -52994.8397024295467682901615277338130      
  -47551.2066201908636010160108180173334      
   72964.8865500692860496141463341328836      
   25456.2831520901730382531204490524647      
  -58675.4513724406730145134925800580796      
  -33166.1394645120309804301436071900756      
