   158.130755255803884850504231133914377      
   130.861876042850499456899389190169590      
   103.045181665412100657986963551148736      
   83.2788591131909422907442926947410774      
   50.1484358846583864877106412797355199      
   31.8664546417379111508585311440316609      
   18.2821800378085086614353358524675113      
   7.64111099159725517480869328593246113      
   4.57176904327850722948423888670414279      
   1.28468878646301860704733397825196018      
  0.736831737502671832406847185241718346      
  0.759227604361673892637206517071712722      
  0.265713964214837985679551706244705413      
  0.654362055113949749605485925406529219      
  0.263129111957122185708842355250694500      
  0.295131242435502010660152727071472126      
  0.161297137260529706345020675799361684      
   5.22983963163929617478996791087615717E-0002
   5.14352177997549372218355708468416546E-0002
   0.00000000000000000000000000000000000      
   0.00000000000000000000000000000000000      
