   598758.404966885587956788502765393205      
   413084.578204099058925644050815203336      
   178470.943141300945940750125739854155      
   132230.542897497917957978710182390713      
   96393.1750051884617762110308863357821      
   47810.8569656279655890367882504197845      
   30270.3924124195129926456320511659637      
   14697.1527716306334950910361231846790      
   5955.25699128143545966212144249137711      
   3196.94879178307936126842126845557773      
   393.698764041115844109243289326384957      
   321.323300003497950970454335150139821      
   64.8978622509391699847110801363305022      
   2.09961402971418264701712156858471094      
   191.638254100227016225014948912514802      
   51.2273112047490677770820442418140676      
   113.604236226636583605230250557008992      
   48.1778765339520993473003419813869301      
   21.9731521366017389570160972502865110      
   19.9039653984448135373947549404363395      
   0.00000000000000000000000000000000000      
