   204.999915799598702080798350160092173      
   204.999912084187117882581349752342104      
   204.999908217147280788731188981611262      
   204.999904192291102047166321385049583      
   204.999900003177953089913361811895747      
   204.999895643104359153321303365489467      
   204.999891105093272288286141627866908      
   204.999886381882906595013680890971280      
   204.999881465915117816314165442790686      
   204.999876349323308694298825004158616      
   204.999871023919840736468693996814290      
   204.999865481182932247335790024430526      
   204.999859712243021659631988859779422      
   204.999853707868574343526200407226805      
   204.999847458451310181716534466643926      
   204.999840953990828271365970432992039      
   204.999834184078604149124376523730357      
   204.999827137881333931382794868818538      
   204.999819804123598716830949541041160      
   204.999812171069821510663602470279873      
   204.999804226505487797665084599033364      
   204.999795957717599713082439005443218      
   204.999787351474332533790567444307541      
   204.999778394003860935795058927732872      
   204.999769070972321135567393929453763      
   204.999759367460873649936995544122857      
   204.999749267941829970062412110879723      
   204.999738756253804947066733881241895      
   204.999727815575855127853150213205243      
   204.999716428400561656920500179029013      
   204.999704576506014671079098509212361      
   204.999692240926654356121398828433698      
   204.999679401922922004917258995638324      
   204.999666038949672512151973035846610      
   204.999652130623297758959621826173401      
   204.999637654687508277853102554145756      
   204.999622587977718441314422999298906      
   204.999606906383978182748772403867109      
   204.999590584812391932647573225321415      
   204.999573597144963032027307902719890      
   204.999555916197799365638640005286795      
   204.999537513677613335042356589646310      
   204.999518360136446562228552010053929      
   204.999498424924546873645598326986997      
   204.999477676141322157759901972570457      
   204.999456080584292611854806778572424      
   204.999433603695959690772753081804704      
   204.999410209508506736583451248759541      
   204.999385860586242798387710212723828      
   204.999360517965697540089300246838888      
   204.999334141093271375206850119615463      
   204.999306687760341055639463477512721      
   204.999278114035716869483199829938578      
   204.999248374195343365005026712048351      
   204.999217420649131106934622455369337      
   204.999185203864802380274038490296424      
   204.999151672288628978504200188213439      
   204.999116772262935239739202847182798      
   204.999080447940234318085958664920617      
   204.999042641193860289924797650243944      
   204.999003291524953087414903871276455      
   204.998962335965647415273923159416118      
   204.998919708978310732444456976034996      
   204.998875342350669057921065060997118      
   204.998829165086652779652745333481319      
   204.998781103292787796527665575007420      
   204.998731080059950195029473403393197      
   204.998679015340295242820820217691335      
   204.998624825819163759387284377082655      
   204.998568424781760886606625476626768      
   204.998509721974393916832901285629344      
   204.998448623460047129416206392454393      
   204.998385031468062524584119295167238      
   204.998318844237685911789247786131992      
   204.998249955855227992885614056330155      
   204.998178256084579863126140004349462      
   204.998103630190811718624207184269156      
   204.998025958756572490576947026197923      
   204.997945117490996606494851529998617      
   204.997860977030812088486939919688821      
   204.997773402733331719126202140833153      
   204.997682254460996016596463922036850      
   204.997587386357123241914291585739624      
   204.997488646612507590394941653021283      
   204.997385877222492074673659267701166      
   204.997278913734127364067943842078919      
   204.997167584983011980481437090986648      
   204.997051712819392739019127205934090      
   204.996931111823087135583831034283296      
   204.996805589006771496454307677759981      
   204.996674943507160087582424382299877      
   204.996538966263581004298946370590759      
   204.996397439683434494277345820269440      
   204.996250137293998375699674530215537      
   204.996096823380023365008093085043226      
   204.995937252606538389449338739486407      
   204.995771169626262292439711419948205      
   204.995598308670993706722525387904293      
   204.995418393126325231940268885999877      
   204.995231135089001368573106157889955      
   204.995036234906211886502679591098964      
   204.994833380696083399301590725350334      
   204.994622247848601828466836581115945      
   204.994402498506167127064421953727923      
   204.994173781022949039522076461451557      
   204.993935729402178751442155277834156      
   204.993687962710475976023573595832989      
   204.993430084468274275480831175321291      
   204.993161682015369167924863512370876      
   204.992882325850573761319772934344212      
   204.992591568944425222648792168365807      
   204.992288946023842266009705916985081      
   204.991973972827588959006141335097881      
   204.991646145331353430682094093520460      
   204.991304938941201441607025829344981      
   204.990949807654114169751253788816763      
   204.990580183184266893514209452078234      
   204.990195474053650431394589108518159      
   204.989795064645580138594762083749209      
   204.989378314219577873025153674933079      
   204.988944555886050531684487113712502      
   204.988493095539124424327181158551652      
   204.988023210745927791741628548036948      
   204.987534149590544083702899935570235      
   204.987025129470786075208143309778236      
   204.986495335845865402878776575363033      
   204.985943920932953525609635423466959      
   204.985370002350548328920289403142665      
   204.984772661706475470144927980248308      
   204.984150943128264965370674842684726      
   204.983503851733551307127048775324228      
   204.982830352038049426682828737636879      
   204.982129366298558922840089204862657      
   204.981399772788345010480191570331554      
   204.980640404002136430441051325344097      
   204.979850044787867934427281699488070      
   204.979027430402177734346209545858688      
   204.978171244486548297139365538236513      
   204.977280116960851878601520950368062      
   204.976352621830930019640461235325988      
   204.975387274906698664430192325413330      
   204.974382531427127381816419687349829      
   204.973336783588292150030426235007113      
   204.972248357970546061790025973623331      
   204.971115512860690874016231406496126      
   204.969936435464864305344643370667490      
   204.968709239007683106491826272746209      
   204.967431959712999913506770354867434      
   204.966102553661442450733085431632601      
   204.964718893519706475779273664418245      
   204.963278765136368637420980961841741      
   204.961779863998771820742547102970618      
   204.960219791545313240165307437336994      
   204.958596051327234154557658791774243      
   204.956906045013769249109200028242613      
   204.955147068234263070699693522763560      
   204.953316306250600015996968622316805      
   204.951410829453022837000548316041015      
   204.949427588672132012696567732361580      
   204.947363410299564185658491064652350      
   204.945214991209541708114737124681684      
   204.942978893473166693296375087505925      
   204.940651538857001314869636389189883      
   204.938229203097130909233536289414315      
   204.935708009939547160047926151287968      
   204.933083924937314706634491554845420      
   204.930352748994595319482437823721551      
   204.927510111647198704191372746045237      
   204.924551464068907381578745358920040      
   204.921472071792384271696412366562435      
   204.918267007133014880934887692976499      
   204.914931141303560623381439581121672      
   204.911459136207005039449196464706703      
   204.907845435894459714774212982944206      
   204.904084257674460726440134650144059      
   204.900169582859428594059836498653155      
   204.896095147134484097441934817197391      
   204.891854430533208011388228234610956      
   204.887440647004303834579097307947613      
   204.882846733552467947015749831859399      
   204.878065338936090271533296753065895      
   204.873088811903699349157288676372802      
   204.867909188950327630732052558744268      
   204.862518181574204557172720142389996      
   204.856907163013385418552213835846070      
   204.851067154441091768527640491199357      
   204.844988810597672993618059548377023      
   204.838662404836197110499457068919647      
   204.832077813557740546148481567790558      
   204.825224500011470043834561177302451      
   204.818091497433593369843138474497733      
   204.810667391498197544845084162093841      
   204.802940302051892197061627189263417      
   204.794897864103029569772622102204806      
   204.786527208035079879330795177102553      
   204.777814939012499202883067588509345      
   204.768747115546134890770136957221995      
   204.759309227183868579306759564662511      
   204.749486171290797073179852919827990      
   204.739262228881794433050646397466481      
