   648.333028143787189491002646438987371      
   575.489380513592682521423275384447503      
   424.750250453849237097129517333543939      
   289.913944174992228366993092329318333      
   192.444939930400690434703979341512462      
   116.280324414772664566994357021117847      
   62.4557711100860075986646943470933538      
   33.6647610476871418430324051034000538      
   19.1212948778807393758501302982436430      
   9.60712245066028381815934936397087457      
   5.40675167452297846170960933791512147      
   3.85526904335746847556156476283544961      
   2.65301661811288913965626189709929135      
   1.50981885162615501526784423353027249      
   1.40142303822461771373574189692841618      
  0.833688642226989549374162128077693609      
  0.513165258215160833689375801030099561      
  0.328845464852250303960301021123512063      
  0.371564665277455858701503549110924158      
   0.00000000000000000000000000000000000      
   0.00000000000000000000000000000000000      
