   647.394068334268153196575670337706227      
   573.463353086010380604854429997409648      
   423.576535249346020459060680538611530      
   290.363236614154848555034886071722392      
   191.251200925144786367388197222983905      
   114.455821862936978127842540189427257      
   61.9548195057029739909584382405547550      
   33.2876218651345162532074940614338569      
   17.7403990887288194177317495583301837      
   8.88116549769636734209479240199009434      
   4.85672813683059783293216347226537533      
   3.09404811568800083233770953555030149      
   1.84630475387154860873014012464451194      
   1.16886486133525230066510207667878930      
  0.746031501509396897050763112123329237      
  0.389645229141264073600208712507314029      
  0.168920618031884408791789445843855225      
  0.100421299625907549182414992533660497      
   5.15608638074566446447222595595054879E-0003
   0.00000000000000000000000000000000000      
   0.00000000000000000000000000000000000      
