   19298262996.4882325016459010422821221      
   615967990.949870266807761144004450442      
   371375700.542856154293070795991840427      
   166203571.747310062154330290024014835      
   65060123.6398539929603185128061882671      
   30456732.7442160820152768781028623319      
   16615632.2672403672237067605496854647      
   7662110.08064305866299674419142468817      
   3025974.79672228136565064787127615148      
   1385411.69479109004088643301190004051      
   609043.354915550296049032874857242185      
   185255.133318585419013717525706396697      
   74831.2343371253100209094795807003506      
   46172.5197189376852091944362769421726      
   15407.2489446417566869401752940602651      
   11116.4111519559780150253002314384830      
   10907.6570523713139328723459041691068      
   3384.15265045614038735403218439057830      
   1585.31516315304816062884275291712125      
   2352.05884910158243429576487924943453      
   941.192283279226576953047930673768794      
