   24344144134.2731427181280979274461881      
   3152398542.04204193996689755898411800      
   1053026804.44156483176910617104819570      
   205296764.633218208302452290431644569      
   158241703.132182244474273769898706013      
   99195455.7439023537713025668015932471      
   41395602.5804104927928669381725930992      
   26045277.7934862322294480297066748235      
   10786290.1122356090146871151368210413      
   4632530.36516203238022535690417022732      
   2156880.08658533250790955626899342761      
   224844.187586369477474922375183348110      
   198820.038355531819991755974613514278      
  -72733.9486206301806898114568817257783      
  -26377.6186671043868029550468077414068      
   38883.9640077068565240621649804524710      
   1603.17094402643957057962699327273844      
   40312.4524428926332966793861660383988      
   11795.7577591746766183519372680407778      
   8746.63520886237160876943443081568250      
   7336.22230312030051466050298207461925      
