   595765.490110207219753488296741910742      
   504558.798174480137534289676088375428      
   318718.503125411642263471545177554288      
   173903.118379038677674386290253329048      
   99012.1972825942101610996689542627219      
   58195.3953914309470539788126352525367      
   30471.9325769287320538169609269161379      
   14174.3345464493255265568821089547625      
   6865.26359635474593068783151223796996      
   3237.17561654739275167038838169636843      
   1289.93020666596492703522846664089356      
   621.555583345819284652916152382798633      
   354.224615417198609674369114074666416      
   195.505416359476960837914027672889244      
   124.051222558187122760919029213215184      
   82.9789869080105087803779286626755424      
   43.6159729894145444064672524347192713      
   20.0271327231715537654916656902077262      
   12.2457755043395896700388254821679501      
  -5.33959091161903539901899569491925926E-0002
   0.00000000000000000000000000000000000      
