   598517.536367786397039644033003958360      
   504999.928143142987046173932648984440      
   317322.689399501565800515824030709187      
   173909.881139646696102951680565964645      
   99538.7364235828121614176235837249627      
   58077.8359883386094888083446820287791      
   30308.0090611205065593949469498510397      
   14263.7190763735827528940720763134938      
   6898.04071791465653060206662373918021      
   3179.95278331649056735436006455035607      
   1306.56891868609784463847285369986744      
   628.550517726318567775883480100448200      
   341.715798499863687270165713078040937      
   198.699915920133236915636953560587545      
   122.454332661080839320217901108028516      
   80.9082579026315218104711046165533434      
   41.1299995766948123939644502831952655      
   20.8083747972786829811227411139621522      
   9.08834563203380221976313119608866948      
  -2.24588416253910348069179964463096866      
   0.00000000000000000000000000000000000      
