   647.380537391642587098959755788666780      
   573.126672997374609657892129938153826      
   422.936124883579037300660230166895873      
   291.062060197817662279655841910856825      
   191.056283364050109163391322745609691      
   114.104306555892662881580066650901301      
   61.9944256121865325215950012299901787      
   33.2829490595713120565268747846318794      
   17.6184107079131639570356658814593074      
   8.75658206254142216994174901133701549      
   4.89859957464720168761822562325788255      
   2.94960909060320952710409188378204908      
   1.82568593242964424515835083165569176      
   1.12712483193726986166320808069916425      
  0.677641973779985542979115099972296970      
  0.365186762046100194781852251582542347      
  0.138253587762442064242641069195274743      
   7.27067650562704177581050495687093514E-0002
  -1.89652440392190960591751969991059551E-0002
   0.00000000000000000000000000000000000      
   0.00000000000000000000000000000000000      
