   597075.789440018953596207184320769673      
   502278.327357536638602654915172579958      
   319951.550924369307106105211401437028      
   174390.435911593258868670824679094312      
   98357.4454626439280996824903295419752      
   58254.4330969074180090374233250482864      
   30679.5067654728956186197766155506311      
   14106.0224559782721279170825445016326      
   6821.59376357834981574154529950961398      
   3295.37062072003670563716105416236691      
   1294.61248640476934420141511481730143      
   599.245597340290989507158205358517278      
   389.341380441900412004548897836674828      
   194.072306585250795503450891709810689      
   119.548010147566593817025399701694734      
   104.113137325913879195997771308996693      
   47.6451957158660121553485806997984112      
   19.5843697182428135654277062812034471      
   23.4492516314677289797380548433996711      
   12.2399225148469423956190825801350905      
   0.00000000000000000000000000000000000      
