   19202979706.7017856179825156267146005      
   643813152.783235838605801947624932321      
   330194184.588718296493335685332736085      
   139637392.970208823937316521514380239      
   64357784.9787541803771840484872374986      
   32123275.6461401122613225625009117881      
   15412588.1665891130052963744159739164      
   7188691.74898473801234639911825349473      
   3254622.97750181235483774389983538446      
   1407600.86144625216826032696316646685      
   592629.025125259078037011169011062295      
   250916.605549085665804812631732244957      
   113009.576868905194008331351458244067      
   57708.9062263051891966781062898442308      
   33285.7270532868029465200554041981872      
   20277.4698930497456678829717632863597      
   12138.1099216114932678195460583202261      
   6777.09448945225403292137401798485066      
   3376.14042951627429855418340505988733      
   1344.97626657608925571994363498481814      
   301.988464720829850631138013448484687      
