   573460.298995867708341767299895468285      
   464151.958556208181227682761302270167      
   287321.195665391416656142995960273516      
   170645.911071405101530783244363021972      
   101138.099294912398846635689391119663      
   56232.0049038886430675235995992213174      
   29753.0826214923842343824135730429268      
   15131.7472865911387379166929066275534      
   7388.27576158706106068894117791454010      
   3559.74810188730322971064598129012996      
   1757.87590628545895816838563903072904      
   925.839180443784135299752264155500953      
   531.173864819915275858074437428075801      
   323.120576408103710513863304587585136      
   197.745170432487744005839557552830214      
   116.009059938390719310778740040234889      
   62.5622236442327954634521742060558722      
   29.6935096259765217009077419261943856      
   11.3575610578717590955585522879802901      
   2.68435976712100613852666760243102946      
   0.00000000000000000000000000000000000      
