   1323895.06426896409139782790328842382      
   1227145.92202374747441426357924141753      
   1051950.67343264067316811786160593204      
   935263.440605594500379738369199564309      
   862434.737897060215718436326821419560      
   792692.253527958638890310079321283311      
   726131.659041465021819866091684310822      
   666126.768856677340584733717471631407      
   611085.730586212579111410640275299113      
   560522.171023139232050547971249548594      
   514467.420412336376107134669851278354      
   472590.364969140905952351752021637617      
   434545.016146276724047465252127696810      
   400013.210807877261805694133689502523      
   368649.321631678745979746899099437867      
   340119.417974637402232398437048923006      
   314115.581408567934265268684047675158      
   290356.434530956142176650673822415929      
   268591.747652477091111693861927533949      
   248603.616638561535151134595388470850      
   230204.016784085262914091516523812588      
   213232.181350992992783777089671437113      
   197551.089293056560702530670121929878      
   183043.759760596520032743700654523733      
   169609.677145402255093170902333448002      
   157161.651526768923846664202527088809      
   145623.067744355763610943042989514904      
   134925.692262179390389940601927234603      
   125007.923850425476731217315372291257      
   115813.502187628281912986392563001598      
   107290.551178147209893015388596883611      
   99390.9274907741316600733567879392494      
   92069.7634280612957480845984090487565      
   85285.1738655655657594881449634463610      
   78998.0474068653039855759131589194620      
   73171.9053641182214898145633691072836      
   67772.7792108377914531964201604330553      
   62769.1054069510116675809944458310564      
   58131.6107920594006424484618045782157      
   53833.1974027351809253105909302395974      
   49848.8134562071760619677781398276984      
   46155.3232784218030696673193201100177      
   42731.3692901050063116193124386753406      
   39557.2385211586614526184599627038443      
   36614.7287644825294540263437404465946      
   33887.0245028017286866075535450626995      
   31358.5777452883601519819635587111244      
   29015.0012043474592806508594943666433      
   26842.9685270435629604477124783130027      
   24830.1268217292856140068244830914905      
   22965.0160275673068263562543365057733      
   21236.9989400577093233898715615042154      
   19636.1966809334595452062127013401958      
   18153.4326497682228083010943525343387      
   16780.1802776013158851668678340794615      
   15508.5172596538555519784586787049241      
   14331.0822291427742459960893494801553      
   13241.0363859310001215550785166277402      
   12232.0266514776840381385781884764962      
   11298.1527538203565415769477773948808      
   10433.9353188056216995332320746002137      
   9634.28724732711375435243415251406951      
   8894.48584064405449457019323467851886      
   8210.14780103129605476827067120814344      
   7577.20485584620845924399122980339473      
   6991.88196247061524580520179831539629      
   6450.67605816174023497791429888395461      
   5950.33714254346411059450584161349976      
   5487.84982931628654857357925276651514      
   5060.41699845959913685559341820859718      
   4665.44383277521472106970784106301407      
   4300.52373306159249844346742117614871      
   3963.42452750503623270086296166423355      
   3652.07635251249074292762425894578614      
   3364.55974070334066301407251715447470      
   3099.09519339339788531459222167781451      
   2854.03288276517352584348196306952505      
   2627.84367466535224290659055609633866      
   2419.11021607728378673107172569529524      
   2226.51920207422652335122556671135966      
   2048.85365470933370201110671627372657      
   1884.98626046165175164719550225105661      
   1733.87267728958941871044958504619963      
   1594.54579625058600047875898379058895      
   1466.10993850918093297645214405747313      
   1347.73591674285235126856376262789366      
   1238.65600383011250415194863612136888      
   1138.15968709604313072270534037126473      
   1045.58930640625722876604969139786916      
   960.336408486573169435195680682673975      
   881.837965397578442197144605145730260      
   809.573248118337769254506611480676721      
   743.060547740353034934879056473607043      
   681.854497908442078791112950422657449      
   625.543231059706949330287032650796281      
   573.746088519588670461923167159635179      
   526.111152964694978335831047598996038      
   482.313293132988084848651529942465901      
   442.052021513189689338209235392103730      
   405.049827814125396433535121652113931      
   371.050317738069098509326397143522831      
   339.816795621821157128865455284864481      
   311.130646103313929384438143378755576      
   284.790131769920810995119273684873032      
   260.608984663733034707238132533127765      
   238.415389443850854952730222859196882      
   218.050756096646753383780442034072150      
   199.368863139451173462503429352091884      
   182.234786709877712802543415251119529      
   166.524181805422775446025556605203848      
   152.122346213645840713204024190334758      
   138.923620780891465410549830034848157      
   126.830569491801090781115120012682601      
   115.753482361164507214002952190267673      
   105.609655441244363653458680750217819      
   96.3229821906081302449315780245028699      
   87.8233193329233746158039758384719674      
   80.0461545216075719334085496023956566      
   72.9320458364664771014646721534081906      
   66.4263552713303614856184553126768089      
   60.4787512707456894136041127197646242      
   55.0429990520714878355891204514948811      
   50.0765169841215968254086253410586385      
   45.5402160440281451623168162819627771      
   41.3981020502727038069919384870204346      
   37.6171576732922754003653890578507669      
   34.1669835806104429383466743956209196      
   31.0197173911442617740349720459390529      
   28.1497076912075237403880738447292267      
   25.5334651656676046464089719148439645      
   23.1493642188837665003656105788963036      
   20.9776222487731050516081116140049149      
   19.0000242722966758602279728429594419      
   17.1999269464799616772505926665833022      
   15.5620021677116535353289771487113205      
   14.0722630002808077248982447794375111      
   12.7178227044025100077143497703191629      
   11.4869402196935607107156952468073830      
   10.3687914886615708580887833813058093      
   9.35353257016343106101372830594055264      
   8.43208047174619057351153133443334155      
   7.59619234577150177554723926594337679      
   6.83825333277927926955738353554120475      
   6.15137062890674215798581252338385514      
   5.52916607943123922918836964481145730      
   4.96588420787420912140173005042801746      
   4.45618748900058244312371965165938634      
   3.99527770448011957763696451434629347      
   3.57869197172995439595017570013229054      
   3.20243704468389911441377644114985621      
   2.86278428176209169136754717052367810      
   2.55641674941086390237422564633174485      
   2.28022138091095643158087243634715984      
   2.03144897111306230185122752755457296      
   1.80750180838672346661410907468726680      
   1.60610687783779912218529699237058180      
   1.42509724086275270291171920980960354      
   1.26259899807339727205457922705917701      
   1.11680464262455270657989356736936383      
  0.986174580967042008517512251158997676      
  0.869200593519430595117494935082027933      
  0.764622980459224430041998299436460178      
  0.671182120192862132292306976520569372      
  0.587852609887314769578319137304483048      
  0.513580709042757246613595126919995818      
  0.447537194558833228434715839541684064      
  0.388838199411244684558023668978638302      
  0.336818918159967520871828116387110609      
  0.290734979075035562436752721367088745      
  0.250059643449943123560314031826378432      
  0.214162352961226873315112007059297983      
  0.182632702786467337527357696851708383      
  0.154932142124578254299270138425418627      
  0.130748815750865870944311734868336807      
  0.109617506180044918548327212820790978      
   9.13105247010544677065953455265723609E-0002
   7.54197408266187165822829460370554221E-0002
   6.17902062389840490736647134933163857E-0002
   5.00564462685698651953218147064278209E-0002
   4.01274912695565329298653292993223109E-0002
   3.16671831075934076822949528651283075E-0002
   2.46426751465750418139779164018315248E-0002
   1.87343190839246565492594086634594560E-0002
   1.39641619387856250802365730085879206E-0002
   1.00171194536445243131861580077837488E-0002
   6.97200843452368583466812363997257458E-0003
   4.50159876177025553280284775347525487E-0003
   2.75337413016022683187140439136172895E-0003
   1.37698351531454395468717290354626795E-0003
   5.91104042573712362699953649568047761E-0004
   0.00000000000000000000000000000000000      
