   647.321046549912267909821444692280231      
   574.487552829770338425138752213908634      
   423.127706937222364898760629905972729      
   289.766213905162816970825835513032190      
   191.588759930521241505307332204553387      
   114.739513315171104003339375664001169      
   61.8197551016403454266436488248706259      
   33.0633226516319982738141353045517340      
   17.9819134773909490475690708347552328      
   8.92851615260979094197321650031275281      
   4.68126156837329695855976959849749112      
   3.21420182109330472873235490104186861      
   1.87239095828032625018906605999595242      
   1.09646392243249986047988822511132841      
  0.817315598512453646211035847132228836      
  0.370537174355345787554136386899623013      
  0.165766689789284477943878853697939423      
  0.121015054462374015597153163672907667      
  -2.63760758633607307552786102884910180E-0003
   0.00000000000000000000000000000000000      
   0.00000000000000000000000000000000000      
