   20425994719.0299295640585239161763835      
   691382970.029147051723166804105097463      
   378754369.680508359225165148438072077      
   180673620.430595888868813044242844383      
   107120056.521965222812279243933144845      
   70846550.9015850097671419604478700255      
   45024944.6871467142308924888438773585      
   28835638.2037416090078470641331530667      
   18280785.3461603319390272516362466339      
   11302251.5039813094830809317589688555      
   6907143.81267895824825890716839130958      
   4153649.30593206851568744006518896418      
   2470394.09026641096461240641399847432      
   1468113.16578204567876814330654119921      
   875240.397209651979345563693846336075      
   527619.694868009691365474974788678009      
   321892.259772968503918854339245292843      
   197062.655861709304320874669057244979      
   119282.804576638041486246952525545489      
   69482.6631148216388031877941106734084      
   37341.0099423231408842413367440306725      
   16983.7418035935270641242455615696585      
   4711.11666608958441548780050740445191      
  -2008.39238845748355601614930477624723      
  -5069.42985890338662427607950592858613      
  -5900.41760133722304672391391489028217      
  -5535.48434169361742080567174359394425      
  -4671.60754498924186994413719685753322      
  -3725.88011567047287243869505773597606      
  -2905.26654803798089711176439264076480      
  -2277.26021929223779412280244893337430      
  -1829.68733549720795595548374920112424      
  -1516.74258735873782596605828444034381      
  -1288.11813520104524132028158036673317      
  -1103.97605314381698587831786034224146      
  -939.854807632838465843213154069967714      
  -784.839145532653936107896094928857717      
  -637.623523439320957571003609460665675      
  -501.437622187240371210675999708296897      
  -380.859119967759264777446660162167239      
  -279.015420656075082445050421546440050      
  -197.260471553657133849219002924377093      
  -134.585876857940707402932510172120469      
  -88.8021504672623053057403463435971114      
  -56.6324084272364367335514436416220495      
  -35.0217079502453925697407895163195748      
  -20.7977031359056045433167469103209134      
  -11.8380927980693403430919285822797671      
  -6.24820146370256926204937469818844680      
  -2.73090666766839535796281633410346040      
 -0.603127000180897512577031649301412051      
