 0.11174265202507E-03
 0.11174591996998E-03
 0.11175137665312E-03
 0.11175902832124E-03
 0.11176888103029E-03
 0.11178094024144E-03
 0.11179521047236E-03
 0.11181169501089E-03
 0.11183039569890E-03
 0.11185131279459E-03
 0.11187444492775E-03
 0.11189978917500E-03
 0.11192734128940E-03
 0.11195709611204E-03
 0.11198904817134E-03
 0.11202319244768E-03
 0.11205952525809E-03
 0.11209804520421E-03
 0.11213875412770E-03
 0.11218165802868E-03
 0.11222676791745E-03
 0.11227410058382E-03
 0.11232367927644E-03
 0.11237553428599E-03
 0.11242970342221E-03
 0.11248623236878E-03
 0.11254517489529E-03
 0.11260659290442E-03
 0.11267055629636E-03
 0.11273714264054E-03
 0.11280643665559E-03
 0.11287852951110E-03
 0.11295351797523E-03
 0.11303150344203E-03
 0.11311259087815E-03
 0.11319688773131E-03
 0.11328450284289E-03
 0.11337554540386E-03
 0.11347012398870E-03
 0.11356834569557E-03
 0.11367031541463E-03
 0.11377613523941E-03
 0.11388590403001E-03
 0.11399971713111E-03
 0.11411766624273E-03
 0.11423983943816E-03
 0.11436632131980E-03
 0.11449719330217E-03
 0.11463253400928E-03
 0.11477241977331E-03
 0.11491692522114E-03
 0.11506612393584E-03
 0.11522008918055E-03
 0.11537889467371E-03
 0.11554261540536E-03
 0.11571132848574E-03
 0.11588511401894E-03
 0.11606405599571E-03
 0.11624824320110E-03
 0.11643777013387E-03
 0.11663273793653E-03
 0.11683325533556E-03
 0.11703943959341E-03
 0.11725141747448E-03
 0.11746932622923E-03
 0.11769331460111E-03
 0.11792354386263E-03
 0.11816018888794E-03
 0.11840343927038E-03
 0.11865350049490E-03
 0.11891059517651E-03
 0.11917496437705E-03
 0.11944686901468E-03
 0.11972659138171E-03
 0.12001443678855E-03
 0.12031073535393E-03
 0.12061584396385E-03
 0.12093014842496E-03
 0.12125406584161E-03
 0.12158804724966E-03
 0.12193258054562E-03
 0.12228819375487E-03
 0.12265545869026E-03
 0.12303499506032E-03
 0.12342747509652E-03
 0.12383362878096E-03
 0.12425424977054E-03
 0.12469020213132E-03
 0.12514242801833E-03
 0.12561195646281E-03
 0.12609991346116E-03
 0.12660753360063E-03
 0.12713617350683E-03
 0.12768732746131E-03
 0.12826264561671E-03
 0.12886395533780E-03
 0.12949328632523E-03
 0.13015290034427E-03
 0.13084532659555E-03
 0.13157340404524E-03
 0.13234033240285E-03
 0.13314973392809E-03
 0.13400572891331E-03
 0.13491302859251E-03
 0.13587705047554E-03
 0.13690406284729E-03
 0.13800136763786E-03
 0.13917753441729E-03
 0.14044270345840E-03
 0.14180898354891E-03
 0.14329098200991E-03
 0.14490652272191E-03
 0.14667763728259E-03
 0.14863196268992E-03
 0.15080476109258E-03
 0.15324192241514E-03
 0.15600457920765E-03
 0.15917648607942E-03
 0.16287639995589E-03
 0.16728011943667E-03
 0.17266278569182E-03
 0.17948850608583E-03
 0.18862800845808E-03
 0.20200687288749E-03
 0.22535413852015E-03
 0.29780363051980E-03
 0.47876364131753E+01
 0.10161524801102E+02
 0.15070173867747E+02
 0.19757251443251E+02
 0.24312171656303E+02
