   772504.530860512010870907591356009529      
   507042.790522215663179994795982328752      
   242309.899283404187965210160779546877      
   248553.109292900833151256652093861434      
   213859.687381524036575102516108536851      
   172486.678176876198208272671354566947      
   146835.557561090828520009793801296642      
   112685.380725125698873427408644313373      
   90155.4886860408982857549618665324732      
   67188.7364099566768925197507438997810      
   50014.2593940828626813959834129480469      
   35756.1267688637005713150744687909530      
   24608.8147302819759691495351021417233      
   16644.9123214817359048148460855777034      
   10554.1488140229249960618574202252475      
   6688.38802151603767198821453496013062      
   3937.70780591559352080667193329019040      
   2372.14894694987917286862788634937193      
   1399.21339049030518545749669184519735      
   898.152276335716719058609066064373801      
   649.353522549971711423841966771465000      
   508.203948275019693948966275993559100      
   440.034561416213081319680993300370126      
   356.051142196118381665510384552179610      
   281.879948898561646852328340064857761      
   186.041292560830733530743279689547518      
   95.8409446689039510450979743540146715      
   10.0751979587837630000766098662829190      
  -59.3422896478125552684515412384632433      
  -106.963626966884385828752338627436792      
  -134.312166215938496380442398638484007      
  -139.739629684636749202371046197093196      
  -130.815688451685996240599139667323106      
  -110.110998200669607415582576086312848      
  -84.9925372425332182069612651188697811      
  -59.0138644352492673830912189101304096      
  -36.3127304759325200029974674160712419      
  -18.8849105712069821059026813272618824      
  -7.47500826676548749579011999272961117      
  -1.99958290033144552852550342629616955      
  -1.18452036282572323398723896488491579      
  -3.74835177196106112579643199674566284      
  -7.99463251420213803105421315225815997      
  -12.6003336565899729010071353147038606      
  -16.4685284959794062657242949797667509      
  -18.9187187641354373639801982144757274      
  -19.7146850638524379795450405529927752      
  -18.8784287619184715359634446848096919      
  -16.7667782535055049865340129494241146      
  -13.7817487335040090918680873456736824      
  -10.4415810159289522844843169625718749      
  -7.15286828448441977076238543184842372      
  -4.27684150172502186406436629113895043      
  -2.00745315036690298811246647230880148      
 -0.445582483296989142967965488558679816      
  0.445997989804002236695615944182898051      
  0.759708193012078097700898444922253155      
  0.658448375281707003668657614833896173      
  0.297995706390258839184596785314390691      
 -0.159835483095796153546635454901631461      
 -0.596742603226266965177866583037542627      
 -0.929995048852392297496255729644808329      
  -1.11376400834962157100839459862762823      
  -1.15258942081876698639027336164438740      
  -1.05972398024869985970766466107185991      
 -0.879567839158278857479265864043881374      
 -0.665110946849616891671556200991812207      
 -0.430093145846342669243646787191621300      
 -0.259330083971760693131559191409686683      
 -0.102615383305941333815913441738915068      
   0.00000000000000000000000000000000000      
