   772640.559417739895142292572711203524      
   506957.483276661536019235947659999494      
   242329.187763468001173691089554488236      
   248580.926813271788095997261441502771      
   213815.719380681034779335161183878571      
   172526.521515673145919849450229137136      
   146803.449352836677358091539551210549      
   112703.193576318197373356231724507476      
   90144.3932362506379920505094903541177      
   67190.7085841660338413251427773421398      
   50014.4246532918075024739430295078941      
   35752.8696896052459449124250596065938      
   24612.0170964727745691922455755782492      
   16642.1422694654380541804369318628296      
   10556.6738279379409247252576127594553      
   6687.43478046156653794033193635255197      
   3938.80136758099692526009418252435005      
   2372.38650014334479974775226180099935      
   1399.30505297954340053278407568161223      
   898.689772728833920793547660960640920      
   649.019945069037886950050738413947533      
   508.544701090384102703186839417692591      
   439.648589912527786605945963605725703      
   356.112612382311142568369306320631006      
   281.600641042656344058808169427081101      
   185.945146873464856625601327769749555      
   95.6961814149642307479282381306556139      
   9.95997541174187588974336155160218249      
  -59.3833775374221948637423589472209612      
  -107.026954315804622513925844954709978      
  -134.296697677302403331184714555369000      
  -139.748186246081055779255194909717178      
  -130.785311358360221906445267283587323      
  -110.094626031001326449412541239628945      
  -84.9734633590490331409505790115719573      
  -59.0016746246973378582103993639189026      
  -36.3138191501390086372980486239260525      
  -18.8896182130621825535220531244316163      
  -7.49192748883489032584978685762551875      
  -2.01831761458489803088226840111318280      
  -1.20706539041244119129112358744308702      
  -3.77128116604753908553542755714578123      
  -8.01359719633453304441295434703503200      
  -12.6189459660191645111179523094708875      
  -16.4795127999404127130240980954612002      
  -18.9297211441854614653971679361341103      
  -19.7182852112020889806413895800052513      
  -18.8832702439305319866207553439734458      
  -16.7664007245304695570516615449760198      
  -13.7839328950818372017891658586449785      
  -10.4407805171387675914978158043749251      
  -7.15535607235301343977455029213727347      
  -4.27761751198134271155600728724488466      
  -2.01141745261526996677445139350392170      
 -0.448081518897943417960246168822157680      
  0.441008330179943595747004379121413305      
  0.756481084087173347654246082623399566      
  0.653598096325507107290617553969405532      
  0.295193113757198850643384213909993103      
 -0.163568949235542084545515621261971910      
 -0.598474089095206820888008763571028572      
 -0.932273724805923578001838842418775305      
  -1.11441775647330236169685180997256415      
  -1.15367741081699399045749998276851829      
  -1.05968080022684831753631748824768420      
 -0.880008056229729716237736955521173441      
 -0.664803245004661630592659359968819823      
 -0.430338669843851828803433657831341397      
 -0.259069160464459993719982174157910645      
 -0.102796619101549034165521261814566921      
   0.00000000000000000000000000000000000      
