  0.300485712140946490103907509375212350      
   4.91248859487215592241112261877410731      
   4.96553952859349064819336879907754099      
   5.01914711099286538037890740952498028      
   5.07331771000816129666329816402830773      
   5.12805775493430534515444170456442670      
   5.18337373717781096628936953790909024      
   5.23927221101898440859046023346062196      
   5.29575979438174810925180291284378595      
   5.35284316961104376114555915644638891      
   5.41052908425778799178520891168117592      
   5.46882435187136309976781515803416248      
   5.52773585279963408518059870066998000      
   5.58727053499649132808148277718145102      
   5.64743541483692576048434231616137998      
   5.70823757793965029093049290293286972      
   5.76968417999728761712900286909292321      
   5.83178244761415044339039421528048032      
   5.89453967915164554047410920943127628      
   5.95796324558133808199548311664636280      
   6.02206059134571714720093347151790803      
   6.08683923522670823061393188380004691      
   6.15230677122198131522635230086043660      
   6.21847086942910704188583380713594606      
   6.28533927693761801486491147740236387      
   6.35291981872903363417323669136982654      
   6.42122039858491051134218891178532637      
   6.49024900000298290903249068717386266      
   6.56001368712145998692549291748382730      
   6.63052260565154878075463713493598185      
   6.70178398381827380176741811221005732      
   6.77380613330966593372932812776661550      
   6.84659745023439493518878950312761385      
   6.92016641608792133721004433122997801      
   6.99452159872724487094920428613170835      
   7.06967165335432777429432681723642080      
   7.14562532350827242066013783803734683      
   7.22239144206633369325406399335148254      
   7.29997893225384740159609788964465746      
   7.37839680866315680988076024177013770      
   7.45765417828162002445019619077408474      
   7.53776024152878157520454258494885695      
   7.61872429330279202761654771549860836      
   7.70055572403615988216266194227786400      
   7.78326402076092035991744833875080097      
   7.86685876818330593987668101305646152      
   7.95134964976800370797975300475220211      
   8.03674644883208470211430732055960415      
   8.12305904964869049358355266696399034      
   8.21029743856056223525076506134120739      
   8.29847170510349733119064708491702873      
   8.38759204313982295250764434836120588      
   8.47766875200194584918031741719898027      
   8.56871223764612667978687192746234746      
   8.66073301381647782190690280014133203      
   8.75374170321933270200450816658796727      
   8.84774903870804422960030859647306880      
   8.94276586447829951738624267762661398      
   9.03880313727403316434946793763470406      
   9.13587192760402067492752525712575292      
   9.23398342096923312231891720042552949      
   9.33314891910103300031739832271579374      
   9.43337984121029068393547783669789463      
   9.53468772524749987125213814346699813      
   9.63708422917396941881035646458952623      
   9.74058113224416792662652832565744458      
   9.84519033629929629788257925039664278      
   9.95092386707216229053721939638211408      
   10.0577938755034297911210644695149448      
   10.1658126390693141723952213744143334      
   10.2749925631207936438026229174202966      
   10.3853461822344049639210291744924389      
   10.4968861615746902545843063035131037      
   10.6096252982683599338394898705513693      
   10.7235765227902349663054898119938508      
   10.8387529003610297113896984782437892      
   10.9551676323570346286632369381140579      
   11.0728340577315235566771370802702239      
   11.1917656544493446431752532128405202      
   11.3119760409312126840818500320686688      
   11.4334789775124985285809479405411247      
   11.5562883679129793287864158166754524      
   11.6804182607190377020711767548362625      
   11.8058828508781095019065118977490188      
   11.9326964812054191003289096549363534      
   12.0608736439030379505089770369001413      
   12.1904289820912989155888442662180724      
   12.3213772913525954146136873400166851      
   12.4537335212875908422269454053038170      
   12.5875127770838599600246102498272888      
   12.7227303210970867883467081350248711      
   12.8594015744441892179243561707831922      
   12.9975421186099940362576741251666075      
   13.1371676970653088862639823875737962      
   13.2782942168980053064139436112950267      
   13.4209377504564928799504864856397520      
   13.5651145370056367764528473550046242      
   13.7108409843951076785018953227952254      
   13.8581336707401844255135644945422794      
   14.0070093461149469826473169897744914      
   14.1574849342578718446963842046333221      
   14.3095775342897788581800965929219909      
   14.4633044224437388977337744443128214      
   14.6186830538078324025657703169760410      
   14.7757310640795690893459035241172707      
   14.9344662713326043196623258057003881      
   15.0949066777954693246116620343924527      
   15.2570704716422507311012729990068783      
   15.4209760287951270723032383852519239      
   15.5866419147386775948842559875701143      
   15.7540868863458382263481380105088474      
   15.9233298937153570258856154048778825      
   16.0943900820207347698360437378939845      
   16.2672867933703678200387524181587417      
   16.4420395686788422310031889060063846      
   16.6186681495491865583948954959398860      
   16.7971924801659178544798328527961793      
   16.9776327091986987197818236193085930      
   17.1600091917164110075065892219028240      
   17.3443424911114390308687735566934322      
   17.5306533810339415907446969951265556      
   17.7189628473358818670871014084491439      
   17.9092920900244331847508670414142105      
   18.1016625252252421576314255041207049      
   18.2960957871534578123930661473816109      
   18.4926137300946132272710795937513841      
   18.6912384303932833358426687601305804      
   18.8919921884499186194190714513839419      
   19.0948975307255942072531009686777290      
   19.2999772117524202714271824860565939      
   19.5072542161545572008007095274064970      
   19.7167517606719242208733631594204213      
   19.9284932961919862096876959379172721      
   20.1425025097868041378338057582317336      
   20.3588033267552816000179220694972488      
   20.5774199126701169587076086322454359      
   20.7983766754286069566886448774969016      
   21.0216982673088139165620552863995643      
   21.2474095870256551461764267693967929      
   21.4755357817915686071663523936631591      
   21.7061022493795836263839252857925538      
   21.9391346401877399643419556444967075      
   22.1746588593003108668712869624950411      
   22.4127010685537955001182250798207902      
   22.6532876885995232433197028362353346      
   22.8964454009647298259609219463308600      
   23.1422011501117773535431358602137339      
   23.3905821454935406484222701851493589      
   23.6416158636049972965489964683444359      
   23.8953300500293252893757836322975611      
   24.1517527214782909445470360130352185      
   24.4109121678260605005255635980442532      
   24.6728369541332233732490374363240280      
   24.9375559226640065626668450081756805      
   25.2050981948915415955187252851113487      
   25.4754931734923662734468445646894911      
   25.7487705443281758248790744473363697      
   26.0249602784136576072901124284132563      
   26.3040926338691658043220545673824130      
   26.5861981578567607259934729873022447      
   26.8713076884982808653402014607659506      
   27.1594523567738802679078358310219055      
   27.4506635883996689900259827837767198      
   27.7449731056825483467136906164727311      
   28.0424129293510057762930704567474040      
   28.3430153803597100845000076071935994      
   28.6468130816664027190539381396322412      
   28.9538389599791504050656698265274561      
   29.2641262474720196046779068316683677      
   29.5777084834669712541725996950085758      
   29.8946195160807139016604806528501315      
   30.2148935038317277797438543511975893      
   30.5385649172115790046135190414865642      
   30.8656685402078645300424892025587374      
   31.1962394717869295702349922617161176      
   31.5303131273276091885665608675838263      
   31.8679252400044007619017316159152660      
   32.2091118621191886440113643542086771      
   32.5539093663766088736096907661898304      
   32.9023544471013150459183784556054545      
   33.2544841213937694253011173706541592      
   33.6103357302214523162783983344927578      
   33.9699469394422800714926512560355736      
   34.3333557407571090564710032911840656      
   34.7006004525869437336587450283527233      
   35.0717197208728176428936751317216203      
   35.4467525197919434700214642039932696      
   35.8257381523913537934051498742669794      
   36.2087162511271547330287063388981148      
   36.5957267783132556470466060799672457      
   36.9868100264702508917040524356439265      
   37.3820066185718930385936613265528966      
   37.7813575081843380114864651832047421      
   38.1849039794927425846434992612664367      
   38.5926876472115011055476492127415525      
   39.0047504563723552724773699214491276      
   39.4211346819852008260925693763612375      
   39.8418829285663713490111937157765109      
   40.2670381295290119888036432508752394      
   40.6966435464296352716423616394131518      
   41.1307427680652188834971673698020262      
   41.5693797094149357556335858566565281      
   42.0125986104201189232421688848877264      
   42.4604440345967742767833696001750768      
   42.9129608674731942707730205906415745      
   43.3701943148473164762405854514266078      
   43.8321899008565561586835458140432942      
   44.2989934658531721324038520432480180      
   44.7706511640784239867796456289700478      
   45.2472094611286464161012377054353099      
   45.7287151312057671156929679627131736      
   46.2152152541452356573165818083214390      
   46.7067572122140696514504997900114728      
   47.2033886866707906377339131275673293      
   47.7051576540824309122922157544194909      
   48.2121123823864632398742322926071376      
   48.7243014266948872447871914375224589      
   49.2417736248299666005122234473263274      
   49.7645780925848105324574109290583018      
   50.2927642187012922893059808045734737      
   50.8263816595569518434297999983420776      
   51.3654803335553731919611013610786369      
   51.9101104152078709646491879846953130      
   52.4603223289054505297388233472646472      
   53.0161667423656630047161295315640523      
   53.5776945597545044403106835097773236      
   54.1449569144684518283470743779874563      
   54.7180051615743678742340324531392527      
   55.2968908698962673819571317944386758      
   55.8816658137422214185693712443673895      
   56.4723819642626459135644351621021588      
   57.0690914804326101139929448241080237      
   57.6718466996485604135865339103798139      
   58.2807001279306996784194377229044406      
   58.8957044297221073776577647836989031      
   59.5169124172752303228967909772972351      
   60.1443770396130758261242678328853393      
   60.7781513710568418540094499101938867      
   61.4182885993055154551455910033622857      
   62.0648420130561703090283443059168424      
   62.7178649891496696422748215060458735      
   63.3774109792260879895835941910550762      
   64.0435334958742747934032532724606092      
   64.7162860982555911719617689599351553      
   65.3957223771819940080746425363928111      
   66.0818959396259059371686720134110538      
   66.7748603926371050982583088638438213      
   67.4746693266399226224425858928050170      
   68.1813762980802438987453760283893473      
   68.8950348113916824553696636193214426      
   69.6156983002433724251018309308787680      
   70.3434201080326968526728656951516911      
   71.0782534675810893482429982933663265      
   71.8202514799877492709320475641943675      
   72.5694670925934644418305517195591109      
   73.3259530760030175941611917109693529      
   74.0897620001111337335713452920526177      
   74.8609462090752478475469338374798338      
   75.6395577951710323702847087479347339      
   76.4256485714703984404070386232330270      
   77.2192700432716274460303231964964092      
   78.0204733782150100596576509281186408      
   78.8293093750113243813630150127438410      
   79.6458284307116661621214665332268902      
   80.4700805064440851073137302048622940      
   81.3021150915447372621318102025765926      
   82.1419811660087256465511682696376337      
   82.9897271611905056640472459951520393      
   83.8454009186825054887795970711051771      
   84.7090496473075376927755920593451926      
   85.5807198781614156784667837648909409      
   86.4604574176504367114041384117734531      
   87.3483072984729974113528151889090414      
   88.2443137285048183572591849544536924      
   89.1485200375541307070537281795675317      
   90.0609686219653557741306245963859675      
   90.9817008870617099498826125232326611      
   91.9107571874293505704754270364643429      
   92.8481767650613201073954764647607515      
   93.7939976853945042729083442331274736      
   94.7482567712901724702134476674265768      
   95.7109895350258239433329032277657917      
   96.6822301083853084172740963111745323      
   97.6620111709528572790760115929208095      
   98.6503638767365773737093150474315489      
   99.6473177792666548318367614017942942      
   100.652900755332826783562936948442699      
   101.667138927545204761961670440917645      
   102.690056585920459835308942425490826      
   103.721676108712446128230442706259869      
   104.762017882722221182823107785142598      
   105.811100223335433492465240641386206      
   106.868939294546669477694242340224071      
   107.935549029238430048562649963242851      
   109.010941049988487629262929171882675      
   110.095124590680514000847146063342517      
   111.188106419192180105452806863850428      
   112.289890761429043102342375992936700      
   113.400479226963432148241645847165076      
   114.519870736524270533893787304835562      
