   24298625143.0360834877553876071040300      
   3353026157.54002803883668294764547360      
   1164342193.82677671708251969263671223      
   374260445.332915757510205944998753749      
   340166019.604172164732779650012543351      
   258266757.040321699755619888184929421      
   183428153.185211109989869021128040763      
   136229988.965315367650610667117456102      
   93827395.9061040899308083658323840181      
   64980593.2388869584799415141603850815      
   42705086.7594097092641037165011975168      
   27239405.1479764588391402583194388500      
   16829584.2779377389154709780214339118      
   9950439.91088277335080538684367904659      
   5820386.10811501958970725328055062559      
   3307267.99427792912718700222297814659      
   1933533.44995891480209419483389987461      
   1163475.71463457124531107567153737581      
   740587.261887827760597050057199183268      
   490799.218092717496495838479097627368      
   317116.796578246168596028476800892742      
   191871.467957919480530840932810648317      
   92797.7669288703536922212984816699196      
   23556.9181571107453599744109880912397      
  -20101.1679895645485527581333905816487      
  -39905.5929968800650655492942474559414      
  -41394.3503347169629136999546452826533      
  -31867.4066106461456928805022785693758      
  -17373.1249078347396974711490456039153      
  -3620.46434105401290515530646457044529      
   6533.83109453155350809708401247745773      
   11744.1385900774240941675338646264643      
   12493.3036028955903994449872920630990      
   10126.4150559309665148713282710463386      
   6258.62161171212546401531087100694353      
   2368.31480543512009563177819939428073      
  -600.277538146241709264588030847485934      
  -2208.09705650419004564214618011910067      
  -2507.52579482978048592587080613734769      
  -1844.74795569172590934033215726031069      
  -688.308259703170685045638186937760457      
   524.459573010650362343514585806028590      
   1476.95883160211576863903718099044465      
   2020.10257513093548221282574392156550      
   2140.88907288585399468786240153022995      
   1926.23327221509365173338901357992146      
   1527.15313859808771630320903461064189      
   1050.12818404919849272028843222023067      
   634.796843052128148519352435513616497      
   326.454642526737804003117684546760618      
   92.6591530255223489043112180625501289      
