   24290672368.7035472497394574328661148      
   3357878869.93942574535997109175810126      
   1162645827.22722190927262452894715220      
   374639011.564264999871316670363032426      
   340268625.035436489767159818470800562      
   258100912.836172060439672095569064981      
   183542766.184302078692369273900862243      
   136152824.998221914447396387207356576      
   93853758.5752072574100575939842150420      
   64966670.0295002233819635862994478391      
   42702446.1771587235663533247990387256      
   27243965.9363336268982354887357153689      
   16825919.7238663900375595372634859860      
   9955639.58274216853637941077516651572      
   5819738.42969344615098617439137919252      
   3309395.00029777812514594698542453059      
   1933938.18628260117363648989096169965      
   1163485.86665996009517377507373744408      
   740718.958365079895033586159101532763      
   490151.512208573554081561011097755814      
   316932.790154790633231426216440514723      
   191397.588018856198620053151091909000      
   92632.6396416011316856020614906709619      
   23441.9569462526356550384338640610740      
  -20106.0004274244029434668770504118302      
  -39812.0037203003672624966053244523630      
  -41311.9435712430724924869413536187540      
  -31756.7557014310444407715051136450347      
  -17312.6247084500983687184410471602946      
  -3581.40630578528522300370151393720423      
   6535.98847268632318599326622310745241      
   11724.1175987194732688786281340829518      
   12464.6241878206083383313655930617035      
   10094.8064851868371497084275498902111      
   6236.05395471905220648843153983087498      
   2354.56067746192411884532721879350735      
  -603.596246442241851194605722991792899      
  -2203.92755839689990847942966738362198      
  -2499.92079376063963520570900987388488      
  -1836.08541658993130269370338937883966      
  -682.055692138171162633519327483431706      
   527.948954922782156370918953167424921      
   1477.02004168807916831655321914139437      
   2017.85472077423718951014240423280173      
   2137.09184424097057971873687998863766      
   1922.43168058938025132147933785192863      
   1523.45664563775873540838357801143718      
   1047.86778759441307275236309124303633      
   633.133159590125640164997162965207701      
   325.677426407465972720494567189715260      
   92.7889345055703360827064101018306485      
