   24288092858.7971654564358609233454635      
   3359447558.79199276372497408397432923      
   1162098799.93586903392064825162450723      
   374762620.159827457362654070636075476      
   340299526.288773669076766621985814689      
   258049577.480990682335090017309846359      
   183578174.177188173716310788658300612      
   136128828.940061063605977867019751167      
   93861812.7100266441305719264985539872      
   64962274.2954765582944845769995338842      
   42701610.0928778347012039088287984208      
   27245343.9759738018461039187382199814      
   16824813.0510045078158434571642399298      
   9957269.86193695785679031849485035824      
   5819554.58266869476278577151562811637      
   3310090.43555086569163363058156892635      
   1934057.72373819545066131934658740252      
   1163513.49832561272114125668999249606      
   740743.629955617084968531174496002832      
   489958.390197120951478087883077152408      
   316861.926033557335459891050779467863      
   191249.858699629900504691854849219633      
   92574.7633161466655393309217876312461      
   23404.9671818929781751441945506552070      
  -20108.4496811114391014879114706236426      
  -39782.3736004778637678331305173270463      
  -41285.0928896293609804275176307420650      
  -31720.9642526362144617710593247988758      
  -17292.8448768827092358816405394668686      
  -3568.36734054491818533021131313865939      
   6536.69092217380948051465111248215437      
   11717.9686403127336221581903495219240      
   12455.2349688786070582956225245738883      
   10084.6721616747678965074117870969882      
   6228.65044487190497820036763044689164      
   2350.05537611989312354976530024107895      
  -604.700822437937268031868644296182979      
  -2202.65717609222857327963081722376564      
  -2497.42576855092662590354392738169614      
  -1833.33123345151744261106090909627284      
  -679.972709252474996654541443888329642      
   529.052601501084799335480500291439773      
   1477.09153338490297844623296523962980      
   2017.10402201843174543032106230338636      
   2135.89692156389453676807577953088715      
   1921.17164553425558814266151789943414      
   1522.28273496045523807911327962632378      
   1047.10608077994775565156568818437408      
   632.610879263377914384351467361302390      
   325.406354347644335671535377953144932      
   92.8385172103670747751800012393341349      
