   24280065312.3609615057633837376444591      
   3364312971.94842005852311074618831828      
   1160406535.47855478566746493569746179      
   375149308.130075334826479884600779292      
   340388965.837619933285131773754913344      
   257896845.698004479211577296299242112      
   183683330.956901367188483123108119221      
   136057063.177357016531859820311221840      
   93885508.3323479062239422246702850406      
   64948877.5186594831804961372498637372      
   42699120.4048919627825268105699757406      
   27249287.1788430420783755587905945468      
   16821651.5725208018696082073029984838      
   9962137.11004159074760206158250963634      
   5819098.06405479954938255917802777021      
   3312235.87799103178434589381497254269      
   1934426.89499843774555277575571199778      
   1163645.02531423656433277863062109622      
   740789.118867069948170118627722022970      
   489390.718664045995623921630958947608      
   316621.323505870858404617904069566193      
   190798.235345694275033412837004233292      
   92388.8907556701868032336142302198182      
   23285.4402165555949662238332739042696      
  -20114.7978939417181463834409551202354      
  -39695.4475750796045637172351520939532      
  -41198.7713506242855116227434357388158      
  -31611.8673674058491136751032960042951      
  -17229.2439158205836970950252463730488      
  -3527.95049719547911621176120389748916      
   6539.87499618032252136675564670432429      
   11699.1375691237966950807890917588295      
   12426.2898488167255979076269750860351      
   10053.1434121892711257425816821541519      
   6205.57960444895392931364628631384591      
   2335.79429908963466289644856614810804      
  -608.186127110399360496887094420916664      
  -2198.93535783879673319512639001759087      
  -2489.62675559910787745014148123626342      
  -1824.85902674150864312389942252599898      
  -673.408009335954480187263748653432877      
   532.488632739418572274184865978219250      
   1477.38027597325432705145774946519238      
   2014.79077321172652639795660644633911      
   2132.20380230305199207352486877513467      
   1917.25120764896096074889144710407179      
   1518.62851616463396567699655737727529      
   1044.72126449278156208735951423305139      
   630.973066650240951131234188385513213      
   324.563539365965839224041852683656596      
   92.9651679012552188081800889470796453      
