   24187725576.6781297456744478583968543      
   3418628009.64088562827861413152521379      
   1142015161.05411386928065483346137281      
   379641574.777881639128631461405824279      
   340940012.078204747053488388653207033      
   256668422.008117581641940881844850396      
   184514894.263534174045787190027510910      
   135449097.736688695410770145022875084      
   94055702.6177532841912111635975407137      
   64814377.0456997388600722761691020028      
   42678108.6163691814582930539804593191      
   27267733.6256512758932989977859096933      
   16806694.9873124517047274163900557714      
   10001195.1775155501462740548078951818      
   5824327.32485013984495687788039061863      
   3333708.74050753436506302264238019518      
   1940612.48785094289067977802541861860      
   1167166.59582889541431165849943155215      
   740367.677926497425223311344278298358      
   484666.995465498573834397791804427283      
   312828.300822667340946750053792540778      
   186057.659742000298484988478717977527      
   89756.1719041815942705649535061905113      
   21656.0815736332155947832917449865115      
  -20294.1223281214244266281757958248999      
  -38983.8703840931359435171297957944269      
  -40140.7073652705592494087536776148097      
  -30454.3619704046765214577029104798805      
  -16401.1018485775331682569819201041463      
  -3033.09474468163169551751905239966316      
   6638.28787886818677187059476911605226      
   11529.7150197313488023404009737400234      
   12108.5821492645312392142866187991657      
   9706.66004070826173689004837505126918      
   5928.10429035847597873882868913074041      
   2164.02876298010271203790006329888409      
  -663.617399735321855487633332329714195      
  -2166.50291847800317923050438468031755      
  -2406.30990929407749290964512499502611      
  -1730.03607467438161421740326849714206      
  -596.342778902848026219104639849569901      
   575.217260810855755292646396230187830      
   1484.18400275551273990884650138809679      
   1991.54779690793542966335190842822815      
   2091.49091811815813421082975455962543      
   1872.72128946687677306749314663408235      
   1476.68144541989173517065780097431529      
   1016.01375807713345990479261801256704      
   611.472368277137739224277138921717976      
   314.363279595733354173920856184964425      
   92.9546301102200652821422337107938720      
