   19313742005.7673395261048291293074424      
   607487112.828215978327613442247666295      
   371608162.943737528690957456836148965      
   167698742.404314134969047214986042725      
   64858972.2640527166280385349857879158      
   30056265.5437469480089981316493643696      
   16743950.4949594389964203034677033007      
   7779526.23029862884993027037346967627      
   2939302.71370405556935038830120574649      
   1373261.89684097739242079892602206279      
   647125.158403739179622841290385880731      
   172595.003087784662469373377306696790      
   66252.2171228585301297212202856093953      
   55545.5552009236691829573036963084126      
   14587.3603284783592793186474949255008      
   5981.26825437159982368192934447579080      
   15400.9978123554662087813970455562148      
   3700.89403772784983454134283618284575      
  -2425.60855219488881411970775609224370      
   4976.62646353670775902370364425176531      
   3767.53478094172609702584766519035928      
