   593521.429797797947050609216596841948      
   502936.065948043053957624225744525037      
   321280.308175952101947411865421045348      
   174252.141238355794267713563413535868      
   97668.5728232735569413658185079092973      
   58485.1437160608211088805097745101968      
   30983.9451789759610651686453283768605      
   13931.6967823847956578834310565083439      
   6765.06932597584663239658735652902056      
   3428.24851838588206504345730294464674      
   1294.87467231732911366904274401149117      
   563.361387746026615568775069201966053      
   439.984217891490027835953666308700738      
   216.955638206583001851313211351202918      
   108.429480668223799295216543492272954      
   133.693834761894213586249484932705313      
   71.2815205336427007757151716637134570      
   18.7738453525967633524165700921368606      
   41.0620742533482895634270909964955820      
   44.6127060232506201252476851855342214      
   0.00000000000000000000000000000000000      
