   591001.815291306713603994435319091257      
   503667.893823604520181811527505641452      
   322142.338110868715636117334740072054      
   174145.187277208272219386342753321200      
   97101.9882601119451450743088164603811      
   58713.2458026479163983275077561120182      
   31286.6557375289516686775043995551038      
   13752.2228645501971521424329671815176      
   6704.19106987172759181073193463152644      
   3587.31701109400135676329438954295355      
   1306.67697075430874353352461857568903      
   511.938929305216567060287630762150179      
   503.599140173069637030725839469818164      
   257.297723601713673890823008429496942      
   93.8322167748409525438722024355129673      
   163.149748256298286194673703563728893      
   115.346741881200590809429262553244150      
   14.7687682787913288867787281557090064      
   60.9664527149306163979055480439983734      
   93.1236979326384369032913735750659108      
   0.00000000000000000000000000000000000      
