   19326760950.8580171923298822319194080      
   601466951.614242575458229674922920360      
   368731550.646960565596593094572055341      
   170790812.285977941967588607573485689      
   65648958.7956959917112839348784196233      
   28154947.9141319717905053301055475034      
   17036914.4523806408869523568195254316      
   8595404.38796032431143096754086134830      
   2522312.58852680803547882621330126820      
   1109856.76870930565595682904233985598      
   937836.650371547367667855864225337766      
   231213.868710649663108234368015318612      
  -121959.057269038063940485488000826495      
   80797.9195755215437296041111163837194      
   129101.497156391162161643311978130884      
  -48654.5083462369095938006389696385085      
  -51848.6453902246827556992089929831942      
   70191.6441713457271735112452899690935      
   33016.1759999722862027672478250372002      
  -62116.4603231673013627262961215845962      
  -38231.3243962304220732473677739697363      
