   635.973249560258919593392305727435677      
   563.046312396561243534962947366480200      
   412.529996856804677179153764176483422      
   276.160191509903689294412886731263213      
   179.215425690738625302674093281022810      
   107.225402892806470271842236201010827      
   49.7117599345276058788439869857146832      
   20.6673006774943456693945942099479982      
   9.74998258639770529030113287558958162      
  0.336458252108470492777213200509144832      
  -5.75648677008460483232887555190050965      
  -5.34637409303656709566342267230907384      
  -4.33109253775374215341428462201596329      
  -6.13713606269865380181042872963004719      
  -6.40464175325699307472921739921550442      
  -4.15498650568559232563408110469720384      
  -3.44185641070748723544483875876063523      
  -4.19626750476954575988424085216729151      
  -2.86977837168512627533377897184014364      
   0.00000000000000000000000000000000000      
   0.00000000000000000000000000000000000      
