   591186.317111150035376635851618337163      
   502695.457187076090740499196186740977      
   322988.212898508945935946229483228797      
   174690.864662060056542017051817442926      
   96021.7327739418636084375147294972572      
   58714.3845135961085174015688658261386      
   31939.1002025010062829104264467794109      
   13422.3086467681320508108699005922227      
   6378.90472543877383233115534197885428      
   3827.96956626423671455367043539752752      
   1362.10331164447703747246492313698910      
   265.923657798280715669583961896241090      
   491.686989547751907138094362946114090      
   358.896348769374498201076463008276123      
  -10.0755786351082711713775621749515390      
   46.1166338582111412900650246301580693      
   177.015566879843279221901975274504307      
  -2.30203120699605061297680385515566956      
  -70.3456678910179173893860609972193410      
   94.0294237849623848066407867380654164      
   0.00000000000000000000000000000000000      
