   19326443385.4262660056673201256525508      
   600971195.242042204876510514774985585      
   370092599.670294128888011699099786911      
   170146094.516505905304205830797114511      
   65056881.6239951978901318388030417327      
   28890314.6688750830971611730720769375      
   17031971.8847465228397915867143895037      
   8185218.42762545649992009863889099683      
   2687368.67517329932192465587384198071      
   1270905.80654054025215299652848701049      
   800745.572414399894840640913043756555      
   169748.218823095892798352170977551608      
  -12993.6773463963402225736859863778054      
   89063.8370123989230868030962650369729      
   46923.5335555430645446640078896072951      
  -28810.0270802600211085043161014608545      
   10668.4301721439978883778642407415608      
   30868.7563364088744467481234685275192      
  -14584.2785034462819787058640449210148      
  -5052.14786916411376487945948475332047      
   11500.0353335354892316641955205584233      
