   590052.185612188151823548424881791277      
   503444.511299584612103154251588223533      
   322953.877023049864244912221740329335      
   174473.310901428419511073008506301836      
   96092.4185281932749611487921760062441      
   58816.6314630872488658786405502419510      
   31891.7203358502841439852490813184118      
   13398.0387515695769780097828169176703      
   6426.59718880147790190602688933980152      
   3842.94949431448784978422207674942063      
   1342.97436738528116449364584093565412      
   284.080132366131075843033622405417706      
   513.094063253944893079360493927099162      
   353.380127022157742906616478930442623      
  -1.49757940188944583237200800691482660      
   61.4121830917890377187470051364158897      
   190.568516628677815841513504399174753      
  -14.4515066896079929435467195669413917      
  -42.6626388205702924768977257621583805      
   102.223016498114814276549322549417731      
   0.00000000000000000000000000000000000      
