   519977.156250568827799575461147692007      
   449933.539138362968658278675329923864      
   302540.410145261074284608920593336931      
   173277.723949228279227692772415978334      
   99071.4467916168595610066792439724932      
   57218.7810055283814186641873064012772      
   30513.5631209198883656855549511400555      
   14668.6747788387216391854694628054602      
   7333.52757296014430158379645616726676      
   3666.18034721312638402247910215230373      
   1768.61477675740963426491503751535623      
   957.963675606237896581848419210910534      
   625.357135074712195710766962991273397      
   364.179812985788668466112030008536029      
   223.903936330522458788916307684457370      
   156.004211390744709845232943994001216      
   72.1344065471783106711507604608767424      
   35.6539772228822359374161281993798077      
   23.8812210115254554119732395292186762      
   12.7567933499195086380147765960632568      
   0.00000000000000000000000000000000000      
