   19225595715.0572685717481668290114555      
   648653640.518507662149417190645140801      
   371826475.979065686678650121038220445      
   161742094.180359848868917643086634111      
   65367551.4804185035224148976089487943      
   31427999.1219617709430993880086831020      
   16350858.8634633016938783749972488047      
   7465898.77830019746596376499161930167      
   3162095.09296356699973925449264027083      
   1395109.94562992026896923589308840023      
   564633.542092506318005647242409811439      
   200964.346561982475734324796287559133      
   81565.6598012298845718335393664652067      
   36926.3362129182781460264130250674907      
   18761.1505831666969281448418109999654      
   12855.8596816032648103713795379823707      
   7922.93357830385337200802444421515988      
   4559.27227032407670757690801875122172      
   2782.04384654295563863684084081268895      
   962.507040572466782305000521353453703      
   34.5539192524154558676022299313731415      
