   647.650709346530611188168921386336509      
   572.059876446721888944329466331434309      
   423.336556231862975115446346759784580      
   291.501720471438362748395700885583283      
   191.077331870863611240413405355991304      
   113.774072164606654918870055843551259      
   62.2208066657322280872232824910594014      
   33.4225915039751215689553893528464626      
   17.4732438696633190625646349292177293      
   8.87302626427969985562474411211632181      
   4.91268391573799094473299436268434749      
   2.98802312689052492252819959890884664      
   1.82946988386314443256342893504765880      
   1.16597802207206068211460664250566057      
  0.699102688481681609844840581052305770      
  0.367782892979818104356387957864939623      
  0.173073476760136894810210909497126478      
   6.50226672389003775459373080657433263E-0002
   2.59366917115159921023595846137522183E-0003
   0.00000000000000000000000000000000000      
   0.00000000000000000000000000000000000      
