   596788.073764392213357342068608743903      
   504125.834858673969964295017330333283      
   318520.129361551650741943858430285877      
   174143.292799491881629366795692483959      
   98937.5788468595020436139542910254978      
   58214.4467830977180483970864736727010      
   30439.2687915176354725916422731409855      
   14199.7102970902985356753334284429724      
   6865.84826019370631720137061158485185      
   3223.70338452925210767249092951346055      
   1301.63510434117448645629234297260811      
   613.955270371567360963835938422235757      
   360.786154097515850405845317713475842      
   191.048033086063224960763763446909307      
   124.844626878209644405090844795314079      
   85.5920096455731843314816230855107548      
   40.6764550008995419485459887661819853      
   21.9050750542362208331039081378459171      
   11.7120983801147264372777834669319613      
  0.304539746229816495868927202915373958      
   0.00000000000000000000000000000000000      
