   1.64670808168644739534093472412978689E-0002
   1.02579987630196167899046043397995300      
   1.03963868687087551776916057662391916      
   1.05366220270507176635469865861122805      
   1.06787298353212272210859824085217242      
   1.08227362176449704169308796263087610      
   1.09686674297825625475684425275717601      
   1.11165500639705212690859185458614072      
   1.12664110538151900307530412786501010      
   1.14182776792415552026614783386729196      
   1.15721775714979034232767191257749557      
   1.17281387182172684037426385902177813      
   1.18861894685366192274576659788212313      
   1.20463585382747450879728368506390650      
   1.22086750151697944249702027411081581      
   1.23731683641774295537707992874555707      
   1.25398684328305611430607802556296182      
   1.27088054566616302808898612578545737      
   1.28800100646884093812896853056725320      
   1.30535132849642968223031668778953958      
   1.32293465501940839686246417111027966      
   1.34075417034161771149674634335262199      
   1.35881310037522608851260644696468669      
   1.37711471322253937308651495105369510      
   1.39566231976475303877334840319925189      
   1.41445927425774704542978975905978727      
   1.43350897493502366589825349295747488      
   1.45281486461788908558585480429134632      
   1.47238043133298003378671491986225682      
   1.49220920893723716629719607897371177      
   1.51230477775042738449726579227939215      
   1.53267076519531774549334781265959705      
   1.55331084644560408996735293084551905      
   1.57422874508169798782608770368633218      
   1.59542823375447607532282505635670269      
   1.61691313485709632970330127162818948      
   1.63868732120498629724064987704715701      
   1.66075471672410875634590004572301079      
   1.68311929714761075780095895311422661      
   1.70578509072096243753825265300116247      
   1.72875617891569244221071874615847819      
   1.75203669715182724243011319775033541      
   1.77563083552914203131802887576528546      
   1.79954283956733131517164335136544887      
   1.82377701095520999350670247911070712      
   1.84833770830903994465080598082004269      
   1.87322934794012620168511398242010722      
   1.89845640463174556122960043705443984      
   1.92402341242555274687641732569632245      
   1.94993496541756012642809140064837666      
   1.97619571856380378777613820141070212      
   2.00281038849580663369842745285075096      
   2.02978375434594935339913132627082541      
   2.05712065858286029136410693727405061      
   2.08482600785693535948266379353447791      
   2.11290477385609922371989568232235137      
   2.14136199417191903913381418692615385      
   2.17020277317618200383067232301251013      
   2.19943228290804795053770991402070797      
   2.22905576397188809072252677265029727      
   2.25907852644592086735397042403508177      
   2.28950595080175565510056077822493906      
   2.32034348883495476748088114471742334      
   2.35159666460672392148511471724121433      
   2.38327107539684076567394175233088786      
   2.41537239266793063591462249073771647      
   2.44790636304119860353859436928823757      
   2.48087880928372525479497930614735717      
   2.51429563130743378437259793925699548      
   2.54816280717983477730844187781960447      
   2.58248639414665420009962413680867909      
   2.61727252966644910022288096923597280      
   2.65252743245731437300526981193919574      
   2.68825740355578280117148611927598640      
   2.72446882738801895747163835074622526      
   2.76116817285340650789800966909477589      
   2.79836199442062641549159151862979530      
   2.83605693323632205291116372612809036      
   2.87425971824644525678784415726588409      
   2.91297716733037532842058964112468579      
   2.95221618844790078715896368865130169      
   2.99198378079915131924710480147058727      
   3.03228703599756482792913067134751748      
   3.07313313925597177186019568044210219      
   3.11452937058587606959100738048820230      
   3.15648310601000873898621343343254847      
   3.19900181878822712239995444204815638      
   3.24209308065682901136213934804393797      
   3.28576456308134721810224157098183584      
   3.33002403852288613469016406562804549      
   3.37487938171805756268519843002960816      
   3.42033857097256857525627343595274794      
   3.46640968946851112749391757368737573      
   3.51310092658538589276382230231659751      
   3.56042057923492360158780314690048781      
   3.60837705320970157413148900151740436      
   3.65697886454560442522817388779328044      
   3.70623464089815582734088895495794136      
   3.75615312293267739819460062446920729      
   3.80674316572838510056563074592358417      
   3.85801374019630915852242776232894788      
   3.90997393451110071913800891009110472      
   3.96263295555667586592338680336723010      
   4.01600013038568456195529147885869815      
   4.07008490769275753117240531677759963      
   4.12489685930148617727288553774374853      
   4.18044568166509055125196388953199240      
   4.23674119738069490340983740777017698      
   4.29379335671713878277963533131609018      
   4.35161223915623232904667560542653612      
   4.41020805494735163955044460929603791      
   4.46959114667526535166641402608267857      
   4.52977199084104404715436842043787721      
   4.59076119945593398772818900529705993      
   4.65256952164801268843919468369964639      
   4.71520784528146728417487528279560259      
   4.77868719858829022092346501205561066      
   4.84301875181219127213922872782963658      
   4.90821381886449347829324586527238017      
   4.97428385899176683284266135773824144      
   5.04124047845493066361691720728964320      
   5.10909543221953771317063807611504379      
   5.17786062565692054770546991146039607      
   5.24754811625588909448203413503066297      
   5.31817011534457449600165567457984578      
   5.38973898982209293386751152971558262      
   5.46226726389958142260562318543296425      
   5.53576762085015255005896802301988119      
   5.61025290476735770323180911453294867      
   5.68573612233160122406734584650203291      
   5.76223044458400608993152307105196946      
   5.83974920870716032176182393185002792      
   5.91830591981215245081586609317526755      
   5.99791425273123639957791946778690770      
   6.07858805381550721049329433834614792      
   6.16034134273679630533410180930931258      
   6.24318831429311965480512198096995070      
   6.32714334021680869242969547307638133      
   6.41222097098454124224669841493453417      
   6.49843593762833907403427369554751802      
   6.58580315354662060142366890927067469      
   6.67433771631431535275223906312357497      
   6.76405490949099546948609544912400450      
   6.85497020442593217020829131172898112      
   6.94709926205891423647219835782334757      
   7.04045793471563073349863354912020119      
   7.13506226789632052748857065998236569      
   7.23092850205635753950843976907624025      
   7.32807307437736179805142053305074218      
   7.42651262052735347163385868385209136      
   7.52626397640837915930744937494647198      
   7.62734417989000734736374026452685966      
   7.72977047252695594966841284831141647      
   7.83356030125906590873584779181439595      
   7.93873132009173656076341395721226235      
   8.04530139175484950452723351055242444      
   8.15328858933811044110218045047208601      
   8.26271119790065661278483809436289708      
   8.37358771605263058657648847501723946      
   8.48593685750639232871594175467291485      
   8.59977755259483634778660946829703990      
   8.71512894975425688416276022569786753      
   8.83201041696899969412537707322351392      
   8.95044154317509110459613878074934328      
   9.07044213961983024556690105663204578      
   9.19203224117426803995952369365551197      
   9.31523210759529435172225527626062602      
   9.44006222473393025183448838764052250      
   9.56654330568628392787759575718990103      
   9.69469629188343412141988415733190985      
   9.82454235411637514536158608507366090      
   9.95610289349194867685495367126952652      
   10.0893995423155340340092045448967091      
   10.2244541648960647423021012924574559      
   10.3612888582687452243960465684761258      
   10.4999259528306575127884400549868114      
   10.6403880128841987944659008821532900      
   10.7826978370831179450352735774919608      
   10.9268784587756491445026043230552356      
   11.0729531462390611325238550136037284      
   11.2209454027996415813110919735168921      
   11.3708789668319409715600309091633834      
   11.5227778116308234822476876767014800      
   11.6766661451496154282012444346572398      
   11.8325684095973943290138118558648336      
   11.9905092808881932382575432861561707      
   12.1505136679346137693991936140077493      
   12.3126067117780991285614937450391668      
   12.4768137845478391719486398330323182      
   12.6431604882400139183769402337262465      
   12.8116726533088415837287007618212810      
   12.9823763370606310478030899358140070      
   13.1552978218418092473501779630048176      
   13.3304636130116713058608047004734931      
   13.5079004366903721287329801387819986      
   13.6876352372725161543018641310825253      
   13.8696951746965088197666832194244302      
   14.0541076214596846256772338993250281      
   14.2409001593691357432390742718745713      
   14.4301005760180399790546182407067631      
   14.6217368609772490518489116353709370      
   14.8158372016918594841878556325831590      
   15.0124299790725083871324398228019287      
   15.2115437627711434263946039240344595      
   15.4132073061311074144193948025499973      
   15.6174495408014642282405721296850754      
   15.8242995710055788454331317107406396      
   16.0337866674541282578119566849004564      
   16.2459402608928052555491804046075426      
   16.4607899352751314396043277551176010      
   16.6783654205508608994164558239097661      
   16.8986965850605397876253925306442168      
   17.1218134275267548713050017940348385      
   17.3477460686325375117461420656605894      
   17.5765247421771767930569765849705537      
   17.8081797857993705634550222496891370      
   18.0427416312571298061015586765712049      
   18.2802407942531704476529255898892953      
   18.5207078637935629731056809582591277      
   18.7641734910662237910706130298917741      
   19.0106683778243509905435337947412251      
   19.2602232642580320162455025733057614      
   19.5128689163351306395292808149350086      
   19.7686361125899125695009689652579819      
   20.0275556303349944561583028645947077      
   20.2896582312687789122026872291070719      
   20.5549746464467993721698739959714363      
   20.8235355605812304348567821150252049      
   21.0953715956283388376423637330084151      
   21.3705132936187742269565010494227334      
   21.6489910986805519536685166750369571      
   21.9308353381992983085373756388410466      
   22.2160762030549659327934790148934178      
   22.5047437268689271509654732932888741      
   22.7968677641901865023315661066165106      
   23.0924779675446188667004838768600824      
   23.3916037632668037684278611445270803      
   23.6942743260303437467062280024770875      
   24.0005185519897915801897840923780710      
   24.3103650304455446011029350475161069      
   24.6238420139427194102506129778409640      
   24.9409773867160400185884280165646386      
   25.2617986313956031639852967744822352      
   25.5863327938930850402732529545349672      
   25.9146064463946965745834844797004199      
   26.2466456483962079548548904470039161      
   26.5824759057266326399908831611233459      
   26.9221221275208722869794744435927859      
   27.2656085811176645179079212797315819      
   27.6129588448775838049647610261740404      
   27.9641957589364296934869064987199309      
   28.3193413739319214532077137696579310      
   28.6784168977659080531312185666949509      
   29.0414426404899116546548424206100654      
   29.4084379574282845960311278002156299      
   29.7794211906800288342717065195401604      
   30.1544096091667416974254587250457485      
   30.5334193474195162258711349563331574      
   30.9164653433211326557099972346657968      
   31.3035612750407516552722125814137505      
   31.6947194974156483520379112374389884      
   32.0899509780475658396375628000538961      
   32.4892652333891223202382400521803198      
   32.8926702650977613879076275381813332      
   33.3001724969303079794128356124673674      
   33.7117767124399121704807932051536720      
   34.1274859937187310255731105036495575      
   34.5473016614041362485026112682813806      
   34.9712232161337697881314202555496085      
   35.3992482815959232920148339074557787      
   35.8313725492773089814185327894887354      
   36.2675897249613938238321457186964330      
   36.7078914769784472061791671935286638      
   37.1522673861548739414727899613869045      
   37.6007048973560395144441913765054078      
   38.0531892724655017476493068634959189      
   38.5097035445962821113198864017965565      
   38.9702284732884397533645581790664946      
   39.4347425004135442709829063007575026      
   39.9032217064823005991250060362215166      
   40.3756397670379626045881726803449978      
   40.8519679088163322341783968889623933      
   41.3321748653638806809421221277497485      
   41.8162268318292112260751424896121366      
   42.3040874186797857160897887740953967      
   42.7957176041452709199737937117007300      
   43.2910756852504220153615441882551271      
   43.7901172273732733891406885528452570      
   44.2927950123474777376459786031045718      
   44.7990589852197273555759755690427029      
   45.3088561998729818824165190988941613      
   45.8221307638324014618970253405078217      
   46.3388237826820626007961840968956903      
   46.8588733046354312356632244672156415      
   47.3822142659198991924044750364839211      
   47.9087784377542245705600989109644613      
   48.4384943758162410782275115063084146      
   48.9712873732154706791398498171145284      
   49.5070794180999335600541380458828806      
   50.0457891571369796987264138554234311      
