   5.35180126548095403485803785342180776E-0002
   3.33384959798137545671899641043484730      
   3.37882573233034543274977187402773709      
   3.42440215879148324065277064048649149      
   3.47058719647939884685294428276956028      
   3.51738927073461538550253587855034718      
   3.56481691467933282795974382146082217      
   3.61287877079041941245292352740495701      
   3.66158359248993675999473841556128289      
   3.71094024575350544086498046006869869      
   3.76095771073681861256493371587686014      
   3.81164508342061223121635754182077864      
   3.86301157727440124892374144311690022      
   3.91506652493929215359117197645769580      
   3.96781937993018318811531589086015162      
   4.02127971835766460497550976842306048      
   4.07545724066993237149475358307962631      
   4.13036177341502984128920490880273680      
   4.18600327102373304891914772434357281      
   4.24239181761339646724852923531600350      
   4.29953762881307728980300855610840870      
   4.35745105361025756236442561589602140      
   4.41614257621948478766597095263523209      
   4.47562281797325296253117359092450930      
   4.53590253923544737601338231039756805      
   4.59699264133767789764681671694430896      
   4.65890416853882691416932385211179345      
   4.72164831000813952815402811394687519      
   4.78523640183218510980682348955233379      
   4.84967992904602079046588725666456316      
   4.91499052768888899961611382490802468      
   4.98117998688478267285338039114369054      
   5.04826025094821329239389702524793697      
   5.11624342151551846043478503698057959      
   5.18514175970204724479918143315928361      
   5.25496768828556307153572913279161567      
   5.32573379391620546603211210040326101      
   5.39745282935335345812417514859978502      
   5.47013771572973496285311659762123681      
   5.54380154484312792199932112225377798      
   5.61845758147600043718483592501505439      
   5.69411926574343853789786789268859033      
   5.77080021546971160178359384623717808      
   5.84851422859382677430784089193770893      
   5.92727528560443247889678305710979861      
   6.00709755200437982011511943766513894      
   6.08799538080541015547662044286534845      
   6.16998331505317307399620142042692885      
   6.25307609038304642734835630851304783      
   6.33728863760707041089129705210722452      
   6.42263608533236231027244915458478213      
   6.50913376261137155951988922176494025      
   6.59679720162433539854717681038018326      
   6.68564214039429594693334754614066408      
   6.77568452553503991831865732898705389      
   6.86694051503232247708966096754764204      
   6.95942648105873687718489610750999954      
   7.05315901282259151244968504979065850      
   7.14815491945115583924755722056730110      
   7.24443123290863629484821201111346632      
   7.34200521094924281890040387811401548      
   7.44089434010570587907682252923105165      
   7.54111633871360299431286372033162536      
   7.64268915997185274482662283103394646      
   7.74563099503973248844031069507538498      
   7.84996027617077456672252309489757881      
   7.95569567988389546150043170018677162      
   8.06285613017210707808368274497891003      
   8.17146080174915979921094330258523424      
   8.28152912333446302625243610291371510      
   8.39308078097662615032377844462820685      
   8.50613572141595957572436315001691161      
   8.62071415548627171226712688880238576      
   8.73683656155629410380732988764695485      
   8.85452368901106161178282463992523133      
   8.97379656177357115066853142455802183      
   9.09467648186703585034767243554683519      
   9.21718503301804667196128210991629444      
   9.34134408430094708456049351111412213      
   9.46717579382371981736691633365522861      
   9.59470261245567755826663198811673166      
   9.72394728759724178755309060477940931      
   9.85493286699208569076967468187943259      
   9.98768270258190825854563596143683290      
   10.1222204544040972261707739865866582      
   10.2585700945325284017051936586557834      
   10.3967559110617381477998519366565079      
   10.5368025121346942869269528811427979      
   10.6787348300143784588322851056909666      
   10.8225781251993799377430332132911477      
   10.9683579905836870787268948975962274      
   11.1161003556608478695828886668464315      
   11.2658314907726611643552321144839709      
   11.4175780114025041514824224825289416      
   11.5713668825135017051603602274265858      
   11.7272254229315301159273392549315638      
   11.8851813097732143819915651353281616      
   12.0452625829190064388578891036133087      
   12.2074976495312015441324520295249226      
   12.3719152886172515768382999242516491      
   12.5385446556380047651978902275690812      
   12.7074152871610773371985289577960904      
   12.8785571055591965642510071109434988      
   13.0520004237534748263546973062907678      
   13.2277759500014619763103172795271986      
   13.4059147927298300761368779976671818      
   13.5864484654115442915688826409789753      
   13.7694088914872584360819715752530750      
   13.9548284093307010440338148267772927      
   14.1427397772577550694016957176362428      
   14.3331761785788928285389449802121232      
   14.5261712266946123929158455847687050      
   14.7217589702333931532516973664231011      
   14.9199738982317854601166142672154448      
   15.1208509453560412374273827220238496      
   15.3244254971647686735683446690857084      
   15.5307333954119432180012612891807337      
   15.7398109433896216344524933654463204      
   15.9516949113096038044530490621352363      
   16.1664225417232422067386494126492874      
   16.3840315549785246567549809236913400      
   16.6045601547134975678045737473738923      
   16.8280470333849917800427772122462863      
   17.0545313778316395570666109388496568      
   17.2840528748698671120053809423844972      
   17.5166517169218020350694124715756414      
   17.7523686076736396234682753526571336      
   17.9912447677629957876916460748146148      
   18.2333219404939125355033796222320838      
   18.4786423975777039782188740011316044      
   18.7272489448980197922774499809189013      
   18.9791849282982710457259277785125911      
   19.2344942393894954651515648028196184      
   19.4932213213765182986282382703074485      
   19.7554111749003984341032065996249828      
   20.0211093638945879923358308802552659      
   20.2903620214526388781166464381523398      
   20.5632158557046282503965102874982376      
   20.8397181556997590373017698485372378      
   21.1199167972921019906113895105294332      
   21.4038602490265169546269239551296937      
   21.6915975780215248964447769551516190      
   21.9831784558457352758298102096530144      
   22.2786531643842795531769467631191871      
   22.5780726016914712685346446629258802      
   22.8814882878257998838705590346406537      
   23.1889523706630417143378546449426904      
   23.5005176316831620034024292494977793      
   23.8162374917264258436671167324149142      
   24.1361660167138987828100407225192973      
   24.4603579233272322677492104685760341      
   24.7888685846425238789321558597122947      
   25.1217540357126068364223417570121035      
   25.4590709790919642033915053233967882      
   25.8008767902981438224810953609398542      
   26.1472295232032608897135089092953767      
   26.4981879153488589335820864640342807      
   26.8538113931771339915507238066794132      
   27.2141600771710494063735875438060279      
   27.5792947868957750683268107026869748      
   27.9492770459332181303064807719653816      
   28.3241690867013348735289707335180710      
   28.7040338551492490059074754879764214      
   29.0889350153190460899374510374353637      
   29.4789369537644482980924284340541469      
   29.8741047838163711298684520043804139      
   30.2745043496847066430973296478470365      
   30.6802022303852733184620872598317027      
   31.0912657434804227656021862108671791      
   31.5077629486211608946146235113287070      
   31.9297626508782192224251547764894002      
   32.3573344038488331997785994316259627      
   32.7905485125254856105299147709143006      
   33.2294760359122104124818292004867313      
   33.6741887893734219792871513475474061      
   34.1247593466996369165624301787071349      
   34.5812610418736460820141778669981935      
   35.0437679705201333213646391268488748      
   35.5123549910208597196334640499295166      
   35.9870977252769486807025287942121173      
   36.4680725590988351392610489139299021      
   36.9553566422038081575701004547809944      
   37.4490278878001763173049849492798089      
   37.9491649717362501416540444126360293      
   38.4558473311915315692948885315607084      
   38.9691551628866280243370156800075515      
   39.4891694207874947505473792455251885      
   40.0159718132788221678248546713772911      
   40.5496447997804773088330794573550345      
   41.0902715867800452347250557596103038      
   41.6379361232537351471182774759191627      
   42.1927230954470509053600422913955220      
   42.7547179209858800538880783797656523      
   43.3240067422879317440476152765388472      
   43.9006764192437094183821854510415013      
   44.4848145211356775014810584260182073      
   45.0765093177636536642417204631293961      
   45.6758497697439750334510101728063434      
   46.2829255179496911655269913835923605      
   46.8978268720586299319275092822969824      
   47.5206447981760594185089628149555479      
   48.1514709054985433236105308058952684      
   48.7903974319856522581804294241062691      
   49.4375172290062161357824627531119889      
   50.0929237449260990968630331082874926      
   50.7567110076047587417818594214765004      
   51.4289736057681312476576780599070788      
   52.1098066692259168378888592259264801      
   52.7993058479016170805348363149745119      
   53.4975672896441771787140652041322026      
   54.2046876167902979231034814277067407      
   54.9207639014467543097825257245936991      
   55.6458936394619533317412558306132243      
   56.3801747230557469131749617133969186      
   57.1237054120758245774351739011542932      
   57.8765843038479543312288223114897021      
   58.6389103015856718698300656988564142      
   59.4107825813228039548720081671402082      
   60.1923005573290796625934631143421658      
   60.9835638459652273209794923471482652      
   61.7846722279291407192664848329089909      
   62.5957256088386040527978833632437221      
   63.4168239780891745784701626485387793      
   64.2480673659172158508781491370884404      
   65.0895557985887319825144843099327970      
   65.9413892516235314646587334945979768      
   66.8036676009520979595520904869071726      
   67.6764905718889989132845418738319136      
   68.5599576857921012223376821322773443      
   69.4541682042610162376086284106238790      
   70.3592210707117938494226791938701083      
   71.2752148491477195027464708262334037      
   72.2022476599286392815788067984036065      
   73.1404171123240132406377882031888377      
   74.0898202336181061325775898465036541      
   75.0505533945200113167765725997952630      
   76.0227122306171122473905487197130179      
   77.0063915595986171767952410080505360      
   78.0016852939668226356167983002287284      
   79.0086863489480199535845389044273596      
   80.0274865453138380833144921779831347      
   81.0581765068271300604123910538350656      
   82.1008455520357102829522145170672604      
   83.1555815801525263808880721022386395      
   84.2224709507827638673963245590263754      
   85.3015983572876758532783939527627273      
   86.3930466936115560799703702736508680      
   87.4968969144428349326832919416765510      
   88.6132278886324096832007441591276397      
   89.7421162458521473661354733350656313      
   90.8836362165433965038324461208397746      
   92.0378594652787447229250697513882805      
   93.2048549177392011726764603417585943      
   94.3846885815922128776282378669827081      
   95.5774233616419249371011653507007887      
   96.7831188697100937113830461885055166      
   98.0018312297919105166327408563986743      
   99.2336128791134277340811886080827630      
   100.478512365793681131057491012663841      
   101.736574143882442879634690889594697      
   103.007838366600857144123211521676712      
   104.292340678654588978822079100175161      
   105.590112008514647540774280169586033      
   106.901178361567724510699789499089330      
   108.225560615023500933091715740518943      
   109.563274315429714554062577916749422      
   110.914329479585875833112609136861056      
   112.278730399563442807633486621914501      
   113.656475452434751811427115830536226      
   115.047556915186750699048210199231282      
   116.451960785151254189610231565838368      
   117.869666606124529927454473585763414      
   119.300647300179953420082293378968153      
   120.744869005003340309786567374507433      
   122.202290916407128421943621973642572      
   123.672865135512880679860247306361742      
   125.156536519937916861789630805838815      
   126.653242538187429198434814081966109      
   128.162913126344018880694445477461897      
   129.685470546067476947156269617719933      
   131.220829242873378464911561211121240      
   132.768895703653079761079789889127792      
   134.329568312432612213061896915186689      
   135.902737203444936484744213091239453      
   137.488284110709303577291813515810041      
   139.086082213472130489914829563027360      
   140.695995977063871549925018611829185      
   142.317880988963138514707237796747092      
   143.951583790129302647349430460089862      
   145.596941701964113905621920599388760      
   147.253782649587191117853687071406021      
   148.921924982455304751165332356650421      
   150.601177293716703452587598314910972      
   152.291338240065151515905479518450830      
   153.992196364239672375314543868572736      
   155.703529922701229854320321460634510      
   157.425106721402783504239412395502348      
   159.156683962950279707204511905622222      
   160.898008108824784070175948649119376      
   162.648814760695184020860845030126133      
