   7.91383237118597204679184198435519104E-0004
   1.21549717396959561267634312033266897E-0002
   1.23278272653462788058216653231739264E-0002
   1.25029231187321141813830738051044048E-0002
   1.26802904548868786501967420707584632E-0002
   1.28599608372318019983907609866363291E-0002
   1.30419662432355922420306739508825937E-0002
   1.32263390701459972311988067032005168E-0002
   1.34131121407939838707467282845887403E-0002
   1.36023187094713003639530314257361519E-0002
   1.37939924678822281055726229672282960E-0002
   1.39881675511703680508378774821718363E-0002
   1.41848785440213418523819307529613129E-0002
   1.43841604868423210468754754384525215E-0002
   1.45860488820193283227207745359426019E-0002
   1.47905797002532836233045583345926616E-0002
   1.49977893869757947307439154051510284E-0002
   1.52077148688457172103226981315279568E-0002
   1.54203935603275323354168462088483265E-0002
   1.56358633703526140014977241952940209E-0002
   1.58541627090644768109150175660072125E-0002
   1.60753304946491175829008648210635610E-0002
   1.62994061602515816330192931847192645E-0002
   1.65264296609799033609116000255497979E-0002
   1.67564414809975880835115221849278335E-0002
   1.69894826407058187353587772540562422E-0002
   1.72255947040165870908502675610920602E-0002
   1.74648197857179646257428864320192425E-0002
   1.77072005589327430825114307595412444E-0002
   1.79527802626716892828165018418712307E-0002
   1.82016027094826728094879075687161163E-0002
   1.84537122931969388781937535572861258E-0002
   1.87091539967738121048517742435686240E-0002
   1.89679734002451299549742431596173661E-0002
   1.92302166887607174958131977977124755E-0002
   1.94959306607362276664003687874817741E-0002
   1.97651627361046836755468831948424431E-0002
   2.00379609646730723517365381809663386E-0002
   2.03143740345853493141165653481184488E-0002
   2.05944512808932287411254380426146551E-0002
   2.08782426942361422874857113341038453E-0002
   2.11657989296317633543439262809081239E-0002
   2.14571713153785044698382856722639428E-0002
   2.17524118620714069874586993954937485E-0002
   2.20515732717328820255651269788631211E-0002
   2.23547089470595733714507735888536128E-0002
   2.26618730007872256495159524224016080E-0002
   2.29731202651744449892311814889235879E-0002
   2.32885063016072624609685751809250942E-0002
   2.36080874103258114486361408810392499E-0002
   2.39319206402746452996862992099161545E-0002
   2.42600637990782030697505514542125682E-0002
   2.45925754631429418864378785632842316E-0002
   2.49295149878876650733747404594459607E-0002
   2.52709425181035856947205058530225028E-0002
   2.56169189984456755951120599143777615E-0002
   2.59675061840568603129054507322957925E-0002
   2.63227666513266304267428641106581907E-0002
   2.66827638087856499472926834112858876E-0002
   2.70475619081379522769865069867904643E-0002
   2.74172260554323240194468891886765743E-0002
   2.77918222223744865141645617335659178E-0002
   2.81714172577816943900128595682525637E-0002
   2.85560788991813800977562048467945379E-0002
   2.89458757845554808003540587500479707E-0002
   2.93408774642320933646180797403867549E-0002
   2.97411544129261174923862427645248589E-0002
   3.01467780419305432904944383418691433E-0002
   3.05578207114600584126298905865430848E-0002
   3.09743557431486529227573392821291269E-0002
   3.13964574327029082877686329004612897E-0002
   3.18242010627126640033642249945540094E-0002
   3.22576629156207619530035135735797969E-0002
   3.26969202868535760292448902922801306E-0002
   3.31420514981140373520201177041845138E-0002
   3.35931359108388762354624712451156047E-0002
   3.40502539398218019101200938179805830E-0002
   3.45134870670043487819636188120741076E-0002
   3.49829178554361211001472872033907440E-0002
   3.54586299634061716651340215692421700E-0002
   3.59407081587472532618279045210669996E-0002
   3.64292383333146839729169028030518067E-0002
   3.69243075176415693885284703985186880E-0002
   3.74260038957721259360839577372436813E-0002
   3.79344168202748500882729554067270691E-0002
   3.84496368274372780337573355550387748E-0002
   3.89717556526440794674498270128821598E-0002
   3.95008662459402274536057070764808270E-0002
   4.00370627877809837963253945360503322E-0002
   4.05804407049704359682599712577762800E-0002
   4.11310966867903173787390789666046690E-0002
   4.16891287013208375557598863352771432E-0002
   4.22546360119552641054882531425014274E-0002
   4.28277191941098419434518628543045830E-0002
   4.34084801521310711447931732340345962E-0002
   4.39970221364016203510283536360660834E-0002
   4.45934497606468456891534141965566335E-0002
   4.51978690194436804100645310131741154E-0002
   4.58103873059328611624902328861993399E-0002
   4.64311134297374234187166160128530322E-0002
   4.70601576350877216783639493889058352E-0002
   4.76976316191554848327570126074031299E-0002
   4.83436485505981190480985200510904868E-0002
   4.89983230883150120563145797485323916E-0002
   4.96617714004172606624734542789098145E-0002
   5.03341111834123654400512951568452153E-0002
   5.10154616816055364244479871351270887E-0002
   5.17059437067189243393522793176282957E-0002
   5.24056796577303060823713633474196752E-0002
   5.31147935409326323699191311394220208E-0002
   5.38334109902158105277459517594150707E-0002
   5.45616592875721646409525028705460641E-0002
   5.52996673838266639349161898960086445E-0002
   5.60475659195935166878047258963631126E-0002
   5.68054872464600885908792557789191638E-0002
   5.75735654483995453463807913905643550E-0002
   5.83519363634132107412386853407118532E-0002
   5.91407376054038544757956456278956501E-0002
   5.99401085862809152913791070580672380E-0002
   6.07501905382986806796172134678949971E-0002
   6.15711265366283574179547932556718771E-0002
   6.24030615221649497482553365744892682E-0002
   6.32461423245696773484058704714972420E-0002
   6.41005176855489875883019472927015298E-0002
   6.49663382823703020251890448921266647E-0002
   6.58437567516158425308115573061367148E-0002
   6.67329277131746468871961778480138340E-0002
   6.76340077944730896730342519894937501E-0002
   6.85471556549450260338536231050477237E-0002
   6.94725320107411668074832921144235137E-0002
   7.04102996596783135635149205997824745E-0002
   7.13606235064285292554175880785177965E-0002
   7.23236705879484017388936806783768266E-0002
   7.32996100991480778008113482291653581E-0002
   7.42886134188006187660194204450417378E-0002
   7.52908541356904996714574781962669345E-0002
   7.63065080750020079790643866154177916E-0002
   7.73357533249462291229446749867894486E-0002
   7.83787702636268230385317751333972101E-0002
   7.94357415861434166155691626030643904E-0002
   8.05068523319321942047004879281899943E-0002
   8.15922899123427770762636285643224242E-0002
   8.26922441384503896638556442523757878E-0002
   8.38069072491022925314700436740112720E-0002
   8.49364739391971821058070842608471578E-0002
   8.60811413881964467639915454325346583E-0002
   8.72411092888655937574779942051368131E-0002
   8.84165798762444259212272864420377470E-0002
   8.96077579568442893050371050837157622E-0002
   9.08148509380705621597077471833671564E-0002
   9.20380688578682562776985107228181237E-0002
   9.32776244145890194530695469599156393E-0002
   9.45337329970770394344476468892333399E-0002
   9.58066127149716437704668801231719660E-0002
   9.70964844292241221009302457224161484E-0002
   9.84035717828261881562769643190614015E-0002
   9.97281012317473342535713740539587136E-0002
  0.101070302076078404524418837497756183      
  0.102430406491378040924969624348924644      
  0.103808649560219484039034933869530032      
  0.105205269303933934286437526911901497      
  0.106620506714547683376789040523446402      
  0.108054605786909079040902045531617618      
  0.109507813551002221688943857477753541      
  0.110980380104443273013433626538410078      
  0.112472558645156053774420147513861180      
  0.113984605504222766396583475723902584      
  0.115516780178905866610378881440194500      
  0.117069345365837207222763776695115674      
  0.118642566994370072979014688932260663      
  0.120236714260090105008102773045603672      
  0.121852059658480618769892827207596304      
  0.123488879018738101740151773249105160      
  0.125147451537733445041264876354348073      
  0.126828059814114461150784452699069716      
  0.128530989882545474278963884848251113      
  0.130256531248079325198452123022008757      
  0.132004976920657748864749852051367503      
  0.133776623449735637044778510132099983      
  0.135571770959025498600578351298498474      
  0.137390723181357909631724316036326926      
  0.139233787493654650471242614653409572      
  0.141101274952011287624010868520227873      
  0.142993500326886429872967305780521824      
  0.144910782138395650096703467438367435      
  0.146853442691708752368796063073732931      
  0.148821808112549787993383884026579900      
  0.150816208382800628774596144151119290      
  0.152836977376210066925739441467391775      
  0.154884452894211962640726192009315962      
  0.156958976701858055031395594266727081      
  0.159060894563873076480184696132634447      
  0.161190556280842543483585385347231776      
  0.163348315725546684396175568081237322      
  0.165534530879457259114145249681764388      
  0.167749563869418443096536125433313285      
  0.169993781004537300802422473460098696      
  0.172267552813314604680462277255598676      
  0.174571254081053046016249025711194629      
  0.176905263887586124880890930373076735      
  0.179269965645378707595687642157023059      
  0.181665747138058343030063376032795246      
  0.184093000559445685025845956413149538      
  0.186552122553161923307538311842152643      
  0.189043514252902196103091530231928108      
  0.191567581323475479496489923070395800      
  0.194124734002723507960325462356672354      
  0.196715387144444866071100515144762755      
  0.199339960262463613975642507606521723      
  0.201998877575996517947185297749437512      
  0.204692568056487244957760075405872972      
  0.207421465476091111139282427695500296      
  0.210186008458008536654871296949213247      
  0.212986640528880297644211210977702400      
  0.215823810173471655334627685606622558      
  0.218697970891885947784708199300145593      
  0.221609581259560367288059934249970615      
  0.224559104990307721409204949949987930      
  0.227547011002676638973140116528799231      
  0.230573773489909728142093385730064844      
  0.233639871993783798593949456101227092      
  0.236745791482617274321282921938764121      
  0.239892022433729246241742867277608131      
  0.243079060920628841710524442539235338      
  0.246307408705206502876659426184132569      
  0.249577573335186503652653618907202210      
  0.252890068247085520487714560880956961      
  0.256245412874904011704237332235918117      
  0.259644132764757091276723023130542345      
  0.263086759695628586863695978352704878      
  0.266573831806408923678556979415965219      
  0.270105893729353710392271915501157392      
  0.273683496730077447227189042148947289      
  0.277307198854177541339810801700473796      
  0.280977565080568830035202536080571075      
  0.284695167481600691581846494454550717      
  0.288460585390029822636522431823110022      
  0.292274405572933993073537923927624167      
  0.296137222412679077974152431550552607      
  0.300049638095094629301891590789962215      
  0.304012262805077730865881384397693785      
  0.308025714929930515707309935008283251      
  0.312090621270849403755562712610387507      
  0.316207617263124995775917241273764156      
  0.320377347205783250898968933402041221      
  0.324600464501604441646936183181468526      
  0.328877631908696849306807215558447373      
  0.333209521805080209606469854419640605      
  0.337596816468048914677977749801583884      
  0.342040208370438244557663611045720398      
  0.346540400496306999335108893757213185      
  0.351098106678975706375731319759105751      
  0.355714051964818563231025970123504472      
  0.360388973006695925088931402235101689      
  0.365123618491428039571254645181588951      
  0.369918749606244605293158971076071648      
  0.374775140549692003998264598289747471      
  0.379693579093033844317204101990782748      
  0.384674867198732651216194982627643136      
  0.389719821703143516542019036410762747      
  0.394829275071075160678608079397603366      
  0.400004076230373261035530755128033945      
  0.405245091495146473278581679154551168      
  0.410553205586682363181824331333344280      
  0.415929322761482921555807537501802140      
  0.421374368056186006143957611496465957      
  0.426889288659429680016521427118798548      
  0.432475055420965038909116251148483904      
  0.438132664508536741214308080250539807      
  0.443863139223240215998838687947220430      
  0.449667531984245815296893402028300135      
  0.455546926493972238578756550598671900      
  0.461502440095017992165555908180594892      
  0.467535226330447575904829905580227594      
  0.473646477719409229211983289258684578      
  0.479837428760566504439870087026775447      
  0.486109359176492230643137522465143166      
  0.492463597413037330851123496864995875      
  0.498901524408785807402977543650842129      
  0.505424577651078432174329322446624947      
  0.512034255536768461737593153818109182      
  0.518732122057898703981121153509261520      
  0.525519811834896302880249214905139519      
  0.532399035522703696515228488071542033      
  0.539371585618535961155457700462187609      
  0.546439342703711071184321480029508729      
  0.553604282156276894640347100344126272      
  0.560868481375996887768382135343428845      
  0.568234127568699633209081072573864811      
  0.575703526143096707986252437169863772      
  0.583279109779988186643208895443025953      
  0.590963448241376290782712108260527927      
  0.598759258995478683078111992497720926      
  0.606669418743073910596300507587442917      
  0.614696975941141088439585748770873651      
  0.622845164431514845377423373501229456      
  0.631117418295431208255896885290741410      
  0.639517388069586387796223764337810190      
  0.648048958475898269932511992381735551      
  0.656716267835819604550154194072462897      
