   19327680780.4927207133351045760109375      
   600737656.844333730953991563112030339      
   369052347.107156869326626473777660422      
   170790804.261339819829715516314288329      
   65558098.1092216716850098391766838132      
   28194409.5266581970046029356045693101      
   17047200.9069094476406436303249261121      
   8586712.40973669211934165361348218970      
   2512446.65162625204395518969456380893      
   1121450.38799861483820747261980085617      
   937635.281693419697560608879594440248      
   224931.879004842028431953331192607226      
  -118689.158519197319900160961744457741      
   81819.6016072487597727184842459750658      
   128659.432053132585844754378508690616      
  -51110.6696796742411010304958258705441      
  -49322.9094894141784580124062770792953      
   70889.2209856789328021960121609945868      
   29976.6243721582966619527679308939757      
  -60469.9222137935690692722604159527655      
  -36817.6266925742414989361439270709537      
