   647.014417911511422846725459081636992      
   572.737378971058927655691226916762538      
   422.214236978441200625323431385345936      
   291.240567863671992162259484398760185      
   191.059712765685206770727409504888758      
   113.300265499770813696125921566382577      
   62.0835688941503125382593102473180062      
   33.0190464891598752646206006007836711      
   17.2729371536619936047207686960171184      
   8.71093164657529231257973334657719053      
   4.53301791033097720660174142027201308      
   2.89138892161500168853421873731676740      
   1.60128251476391041081581554840697480      
  0.949512451234161175837854862516681679      
  0.609707650836369527852404525143838766      
  0.174869393740297043470807656018360490      
   7.86136724485235644196654562696207807E-0002
   2.61421617907698752551300127010500439E-0003
 -0.109455999827678958502392555579649578      
   0.00000000000000000000000000000000000      
   0.00000000000000000000000000000000000      
