   589903.839861352271394399400652850245      
   504092.581575585695387291361546082883      
   322499.870213891068224281866744599838      
   173820.110835464688801826783053417070      
   97082.2959769075376506381070975836609      
   58754.7103231847845154015335726844174      
   31347.9537108833460112362139462431680      
   13687.4557227069016706550044332767265      
   6664.24316061420056656037435642819363      
   3644.01469058740344848630761812592524      
   1280.09835686181724627272578074383940      
   490.380584784755589562871831286307056      
   507.909091134043613646890249206718079      
   258.816473856832375147487032878505048      
   74.2252707746168718657402935646743221      
   162.700560457091574861482489412432195      
   112.605021906860578130910960682523135      
  -1.35492307169339147020263104858887577      
   66.4907432255398201045306148569447119      
   76.0381977045551509044376248066443102      
   0.00000000000000000000000000000000000      
