   24327693123.5758502691662501734464274      
   3166410199.74625908562178873768998101      
   1044230852.16272053443952507988700964      
   209256142.381326458666965071390589438      
   157264507.795608176816993310504917488      
   98920296.0800908141412223928162768728      
   41897201.3589226771256085699529413123      
   25716781.5251958184375871976600451639      
   10895125.1204419738910955642288385483      
   4661551.41977573706665449936854099915      
   2080107.89981348887696217164996392667      
   293635.492433277368465759819341805268      
   158545.469601370277306699998747314268      
  -59377.3367241530256838962046112091285      
  -23124.3839151359754564571105552990175      
   29438.1523613291327636448772001106421      
   10355.6510371219074964845657089321077      
   35233.6610614088940798627518668301454      
   12984.3443934456609662734602630228445      
   10369.4867681079851839311434084921376      
   4307.93878008221383741289907033173407      
