   591066.264721825383230586588779625655      
   503678.850112002479223783974557409878      
   322081.118420300864309401306640331391      
   174136.096044388285207457590875478976      
   97147.0005085856987671349284775612349      
   58701.5233345370243422530913025395973      
   31259.4457646208851445080384112972321      
   13765.4141469714343228136542676844320      
   6710.72516076037242686187158853727664      
   3573.90502571649214408478270849583394      
   1304.76264968985274714105067772687042      
   516.967739339113833658339315649803985      
   498.396526424022710610242099480601250      
   253.031582220099317469064764916570966      
   95.5424880848048034645288970102288014      
   161.036044050437912709756666907776912      
   110.982999404729381626809375935863987      
   15.0568004640343976653659015545303113      
   60.0633580238902648901594528621485460      
   88.3708946218678434158592260100922546      
   0.00000000000000000000000000000000000      
