   19933349289.8013414835294231787941952      
   504347845.468683776406915877786068224      
   312903772.785867202533001990627185741      
   150118335.980258753795823478160244060      
   65343351.5626197684760677871713788665      
   31335212.7749027835845591764398648230      
   15873684.4345213387427345189876727817      
   7331668.46395721904066703573703321721      
   3163647.72152409288283379563293720028      
   1395214.67286412305530390078494428226      
   589048.081620842338144200355230521223      
   240275.619351171277648037052439133707      
   116343.137102753208061772506811699490      
   62691.0097338529808374590224223857084      
   36429.9720817069460218511573021753676      
   24155.4255664083904694832583025674419      
   14139.3465713836979027357623234270172      
   7434.23468305979775817423668982096022      
   4137.84658303787111425928645230916702      
   1551.43709820914484498482744469678248      
   155.835677795001662768618425581521190      
