   524103.877345781267409719873879861174      
   451481.197422342385034091631780213313      
   299949.281860635958187331830737042713      
   173344.506533723571689881039507833067      
   99791.5046706542198465332705560795108      
   57178.5449136088782215610264069235599      
   30157.7005015905098903624909753099693      
   14848.7190575033175969815123662409961      
   7348.06494411586580481813546348540771      
   3600.19482359850115008110021619510730      
   1767.20494940444567390698770168834263      
   982.204677005754010745041340550960175      
   592.522974320451523492428264757508250      
   361.708873233485577439340718480489660      
   230.307572881762535853542009812802931      
   135.033960327766798967062685089101500      
   69.2710868576414056945638103093827029      
   34.4877120073868810446841382670433139      
   13.1011535404128118495279479510961238      
   1.38507444264151730554100569435011902      
   0.00000000000000000000000000000000000      
