   524723.498254284867411395839185310754      
   450782.710071524654476340005145869224      
   300262.437428015112964310958402044345      
   173326.106455030558391852764870907026      
   99781.8365491126378924452065340306315      
   57144.6764911580295090913441410729082      
   30194.9762450121812483686613457407881      
   14829.6109377766029799246325189704909      
   7355.37567432841915852654413843371235      
   3598.44603171885989999797669009286889      
   1768.11091805087738124710383561414755      
   981.097487311420515543678413200016257      
   594.914278527123361142355755821670497      
   360.037773698612387560239206663415928      
   230.902493954336253923760847244688010      
   135.878743550251588359692256519630469      
   69.0036830470594440957998125866895928      
   34.4116596491157475462433902436599372      
   13.8662749035699042255876985120280832      
   1.43941714074087727744874612595016915      
   0.00000000000000000000000000000000000      
