   598275.502956073371997460977292607572      
   413468.427605229231804374015175812520      
   178301.620271220721620409040674364176      
   132172.980250775108891242197410865750      
   96581.5340930148381297958110024505733      
   47586.8654925401980449042227030977406      
   30445.2412345120666689567774718727499      
   14591.4094349477493415347634928973981      
   5986.93422151758834358768004132570854      
   3207.24313295501223842784641443904402      
   355.626817696405081862619512274011825      
   359.075494486617820147961696628302139      
   27.5459623149462840325974512966041929      
   25.4057611113027328825305846234448297      
   172.368089943571789043918540692518545      
   57.9171927092974455400665940891281504      
   107.859858712229077716452650064470714      
   44.5447866307008812519301976920417004      
   23.3242527576178040277459637242267386      
   12.9304078581682698816704353718351428      
   0.00000000000000000000000000000000000      
