   637.468238746372175674980506008793751      
   565.166967818243864237788953977893822      
   413.806451105264701299506406729516880      
   277.982153571547399248122943105871135      
   181.196865390384800390650319846038773      
   108.503667408497453936303724672102000      
   51.4720261013176013571809889924675879      
   22.0724762353753083822844766230611692      
   11.4782289073323182967421636142686432      
   1.51071048282765809059633330533819210      
  -4.47899159522313460515564515225267938      
  -3.82555469349139329354870358187231319      
  -3.49238912182266699377648091931366965      
  -4.94078011398190410614973137285657778      
  -5.60043020823794386976657584818149052      
  -3.22726192720818287057822889711137837      
  -2.83450800491212378165988801958017337      
  -3.84353241364920461229069185340139791      
  -2.15239322640004994254860379239453694      
   0.00000000000000000000000000000000000      
   0.00000000000000000000000000000000000      
