   19237131836.3153530289047410417300866      
   641973550.293594525491619264234592855      
   373275898.714209320640256230006231150      
   162013511.989799654816645377792417376      
   65157037.2162085675901310366527546982      
   31433616.8711345648081572697913688268      
   16363824.7314362979527581490328085580      
   7481451.28185830059623461677412491858      
   3144852.71851460366656272457469217624      
   1400537.12944959249746218440535809413      
   565338.450169525069393516225772548043      
   200276.062880757081726684130268846804      
   81698.6133428991565149896042608327038      
   36225.9531116905516371085538679376155      
   20027.0355483419272518528210479810110      
   11758.5105817865803662984658382984140      
   8461.27415748155357634255032539265512      
   4449.88701338851342229695652499523569      
   2688.35993451016252623286122284291163      
   1187.57178113904846595705609838611427      
  -344.500418928657818820391514200780152      
