   24331109195.3833168042142659695675743      
   3163373283.25230844861379091045758290      
   1046391661.74225319028413514459919670      
   208016461.841736906023142780577072732      
   157821350.754360830138127786909041272      
   98752796.9654420791102394880506369295      
   41898021.8638906810826936979827432575      
   25757180.1054121746736674752356586243      
   10864669.3365824880100622868034466744      
   4672137.48530295216149762682768746988      
   2083132.57929387095335492021262226454      
   285610.872514249487135538958304585577      
   165905.962868322027634108791735000945      
  -63930.3654137276965818452182569103782      
  -21238.2233173462238488376895790429682      
   29180.7058422517003058747335322594534      
   10001.5826825983016838170010724707796      
   35573.2970481605888703373738502443678      
   12880.4377819299267097598837794382289      
   10263.7783558348937560587958988837824      
   4495.55403247044859220278648092772849      
