   19328082590.3363799713912746003432869      
   599688746.106361239011044125100582779      
   370641974.770033841712488473974360784      
   170131695.731462077183074885280501186      
   64934222.6101639375142866963051503005      
   28941977.9479024563833197574733389604      
   17039986.8843520326194550232978094900      
   8180570.42925611531549639856564448494      
   2673460.11890180086546496927768075364      
   1285421.66297952899020548013173871843      
   797072.486449443913804258272602550597      
   166264.155901968913135804112664720976      
  -9666.39899648078717678291862164573475      
   88178.1714752009686221385945334567724      
   47627.8408726045101785185694714702764      
  -31739.6904862035649315526208693621734      
   15059.3128991031503180658986757749323      
   28140.2764159546786738427319665354735      
  -15382.8419804077460672624681191505545      
  -2288.39587825260970932189472560157228      
   9415.46027003948248220635683567208861      
