   589582.452569808559257033919072505354      
   503698.824153550368694652858059251497      
   323054.122255449840332226823017251376      
   174239.288679319989535128653529741304      
   96211.8643829315845993103626694451520      
   58800.6670993009879320575087565083922      
   31896.3616548546754589246448945374909      
   13360.6983807323550427453711060082699      
   6445.70136357962752801942728277060762      
   3855.05974132428655369150051006872514      
   1304.01667256081878569946292466778755      
   312.514161533406264629442247241084987      
   491.170088240464956992988069593807179      
   364.068644405769463399163350648745119      
  -18.3047790092104140692794334837310688      
   67.7190676604421708427350220203072875      
   193.291516939323705365327715844828617      
  -39.3678208855170920240718363203282470      
  -19.3250417513385263998013277594814600      
   83.6952596562009394057289349060709517      
   0.00000000000000000000000000000000000      
