   517747.052094428375253546486117150125      
   450696.076407553800469104295742336773      
   303071.264871771485113478215168693023      
   173227.079202119392082052378938603912      
   98520.4253994274420033940139560290199      
   57689.1151383617495278014336985886546      
   30506.4316527299480968084930015611692      
   14531.0018625266032890342190650846096      
   7407.33963106497109953614295243201187      
   3761.32595319099941039519619299058531      
   1686.99936626037695801677427423981644      
   1005.24457510655247408795218322151101      
   679.119514262842155309167113270752186      
   339.390574860444611305426274690041502      
   243.193815884811456690681998256298680      
   201.839970253303903421426990343636648      
   73.3301756930114592795749308278642720      
   37.3986998288594437899681425188863022      
   62.8301381334488948052553772025486536      
   34.8049609629398016657843568674094930      
   0.00000000000000000000000000000000000      
