   647.101361959287527782617535522726972      
   573.519033213769771614512723135294659      
   423.700999407525158445743855416084332      
   290.438053585965752325545619455317262      
   191.178163481116389575099642395814352      
   114.483222854248441456455364383546211      
   62.0092034133187053144808254152280100      
   33.3056268520257636791779000214160871      
   17.7439122687998759804088831636089354      
   8.90511722865644562023022489827750163      
   4.87698044908904745655300359491841386      
   3.11258071079523005102274490634252091      
   1.85694494239204531678305085217560102      
   1.18233008344770223327234335729809347      
  0.760861120957801710110130483526711819      
  0.401402642259247307347574644858136230      
  0.172542387977340370145460349541027795      
  0.110264658073712268983931506527159220      
   1.17238240911643738841912356738318500E-0002
   0.00000000000000000000000000000000000      
   0.00000000000000000000000000000000000      
