   1042242.78902164849750620703664863500      
   840338.432527145685720373598736610272      
   595166.116452547679783666145824376155      
   529851.745978750485783828375052767643      
   445460.425488996079398338297271425118      
   348429.287544419840026100463001399954      
   273283.738762355264735163803073802051      
   201685.808685786912020366890632118314      
   146136.496874896309674125078271177440      
   101602.956843013246252394622543159189      
   68159.9572310845762570030263439768456      
   44662.8763621884928093459434121409870      
   28208.7597449761701364818973930325567      
   17735.6027407532035967001425715817165      
   10961.2385238026487085175931401915276      
   6870.89446204567656854147026604564939      
   4346.66090566705834743789814662838449      
   2746.01299692771644955975789288247009      
   1709.45115050957282326802037285504974      
   968.598632175223507692743507154699141      
   466.111303166455951917028004562510000      
   122.957462966649450028130964245892954      
  -71.1145369599214632651799178519973913      
  -149.245241120275328929685558815725706      
  -143.351744765938256377481383504318106      
  -84.9218199439933677469994395557649292      
  -10.3359199997228986024649359071036762      
   58.5753898089692241943729325427904415      
   104.383051817415340363366595085734361      
   123.432505686175353678429474881678666      
   118.380969270062641968381723422102288      
   97.2968439778520281788206226935210641      
   69.8396256987076151328483571631566679      
   43.9930906187736706203522393651399292      
   25.2850039437367908167050109076374820      
   15.6215124486276436533295056023864065      
   14.2336732915987203498776975726269329      
   18.5028490275376548957670183882556812      
   25.1268770242441040308272167332441759      
   31.2071314807555475607456198945684390      
   34.7192291108006409680044760244509750      
   34.8776666104593138471504506649474155      
   31.8520950868728079988180403911238854      
   26.6066000704898631257590587372099558      
   20.2703949492140807282669634517689418      
   14.0468569035280410322049646939476089      
   8.71330562210603007369355960381153354      
   4.68046825519671683027093548683548848      
   2.13271765718198952594310565264345134      
  0.617804036869291220096433430715794358      
   0.00000000000000000000000000000000000      
