   1042243.24556609678396132852705055192      
   840338.221831271849132372449691837803      
   595166.087600644605165389176138011697      
   529851.875231340468583733986181862568      
   445460.283968846853757096664935384146      
   348429.373534507091173420120216464445      
   273283.682943874974185671460674271573      
   201685.823490726076658888259626135911      
   146136.496723790839080794807743696140      
   101602.949602684917380895141772351123      
   68159.9699011285169998542277298191413      
   44662.8717453911348725576229774400248      
   28208.7672068918592419910221528683518      
   17735.6026837406497527230903898599080      
   10961.2391300261775027660883154891843      
   6870.89533509530247314923557081454150      
   4346.65840802988804276298485854908828      
   2746.01312152044443644533968322394230      
   1709.44878704195704198287863682596488      
   968.598393642730353440579318064952405      
   466.110288492170784554673924335153525      
   122.957498327233097689884279424843916      
  -71.1144928651840631070253928151823307      
  -149.244898161181824249980136863699589      
  -143.351405829562620762131867807810056      
  -84.9214968708804916347131653716159296      
  -10.3357945557044852660144477940181419      
   58.5754778848142574413544427512420049      
   104.382898633908845880796599367845525      
   123.432407540764049544294875075900499      
   118.380722102782366937807212468370265      
   97.2967244871586520439421378181496753      
   69.8394563139869636672699616443682937      
   43.9930500834435542206842177248119622      
   25.2849501733789823469353166524629188      
   15.6215383527298898670014895673838559      
   14.2336755572727431550774099325189897      
   18.5028792189064579595636120998852197      
   25.1268697152043403339192342981425586      
   31.2071273512120357114093235048349665      
   34.7191926271141790384821973865402240      
   34.8776336404235069336340729185737853      
   31.8520478889401796637167746369211385      
   26.6065640402701790743246977733688935      
   20.2703600197790161455536296090093316      
   14.0468355019553851505356723133550510      
   8.71328951300827902799772840953636465      
   4.68046239632708889738389332818625027      
   2.13271321664525798623207083778494781      
  0.617805234709198068436452806338451914      
   0.00000000000000000000000000000000000      
