   1042241.59581367831930932522200463569      
   840338.983163164099239414192055720742      
   595166.191927750010371045334791404888      
   529851.408085546382975622500544787552      
   445460.795438415968332425044827990833      
   348429.062743701911349695143823935289      
   273283.884691650334172048224149415551      
   201685.769960692229844463549078787695      
   146136.497293054915443476769208406465      
   101602.975745672444280558211848492388      
   68159.9241354950068140711703404543735      
   44662.8884087682581701703684642442821      
   28208.7402623362626251348211472141357      
   17735.6028692090376016187396065854637      
   10961.2369595791700639493854229733806      
   6870.89216049706849070657378027375117      
   4346.66745228379798166584664174001878      
   2746.01265347299294738948996975001192      
   1709.45734423030121270932489814727032      
   968.599239843643407267414741153098254      
   466.113969595125054558882582350007971      
   122.957356511159259656858286680948873      
  -71.1146393487541376052809633430695071      
  -149.246150114192533716357121349730659      
  -143.352619015690097824096977185074488      
  -84.9226757368749526814063399614862756      
  -10.3362373747405257216800313115797182      
   58.5751493487451787757013471909702314      
   104.383461590311614638993261299184063      
   123.432753017221018433579857085521891      
   118.381623620299159731732848109004013      
   97.2971481212596515962367275765621882      
   69.8400757341624876069232958018944603      
   43.9931893753055704508211373086554234      
   25.2851508433194750717973485817029027      
   15.6214384855251819139155562557429628      
   14.2336728268237760914730577636112548      
   18.5027647472494129995303881494728702      
   25.1269007218906918675668888641917781      
   31.2071377533132240461196287838750720      
   34.7193282314639199016047794143872121      
   34.8777490777334553399482336337645689      
   31.8522214094779748441384761237377486      
   26.6066913221318280329229010046263401      
   20.2704884309157253575839986645035561      
   14.0469106816248745410500711459576076      
   8.71334916336319591722966493961403698      
   4.68048214837957837975337779729963404      
   2.13272997255339466916920018610987130      
  0.617800204809925459972542330855515732      
   0.00000000000000000000000000000000000      
