   1042244.74585122843789010776317674509      
   840337.529404264732466369433791717828      
   595165.992885630900153188509914566139      
   529852.299860400405507690587069322267      
   445459.819017803480413623892227943670      
   348429.656029438380748483267131494476      
   273283.499574809202129907311674613003      
   201685.872100730731741018713876935552      
   146136.496256992175081299117949148695      
   101602.925784218175650154702902560457      
   68160.0115598613567118087382044831001      
   44662.8565492624412843265808783373405      
   28208.7917526012046488443295140900183      
   17735.6024705545523403636157450211100      
   10961.2411477125953084660670899919616      
   6870.89817928747482784424395944922126      
   4346.65022405634195944384590343294605      
   2746.01350891004372598072966173995664      
   1709.44104079685664184133649658596912      
   968.597590662022798961095177465804032      
   466.106971620784256546155145778112282      
   122.957597786599165000120831001182280      
  -71.1143327100171752820264273071610016      
  -149.243785995848788865968527809981712      
  -143.350278469161676423402589007906177      
  -84.9204484304932057968622251082829906      
  -10.3353701993578813595451080230297639      
   58.5757555782758695960319418712856914      
   104.382406010487823725056820012018098      
   123.432074668347830602656868914832793      
   118.379919297846052623301325694292298      
   97.2963227521710638221676651488634967      
   69.8389078413210912411181770193148960      
   43.9929089948682571681344503109282996      
   25.2847804492281701723300271234459195      
   15.6216167032868256353918212547697736      
   14.2336888971202538503073729806502980      
   18.5029726993222981771284984228699304      
   25.1268505943698655510699204885291249      
   31.2071090244334023780897322528999366      
   34.7190766997986029922625551205826729      
   34.8775214534013613319702590810434884      
   31.8518958695757797371491302415843502      
   26.6064426537372676721700987788059244      
   20.2702474802365935744317698349579152      
   14.0467629940950363480008759120708901      
   8.71323802995486779465876038309960318      
   4.68044172746697175581432040596163431      
   2.13269933204721542887350717847508576      
  0.617808480259491286243438585979264408      
   0.00000000000000000000000000000000000      
