   1042299.18322110172982254153059277279      
   840312.367374676907233311033775102393      
   595162.642985671346498525091144301720      
   529867.602790827778398068255596452895      
   445443.044150486337418260461061462089      
   348439.835364111445933153495808203737      
   273276.894201116601195137092811372161      
   201687.605990683099550307701020365035      
   146136.497860547579113401180676109380      
   101602.047325714030231098031451470111      
   68161.5351669352186737370847798080041      
   44662.2916178025328712280384337987391      
   28209.6965477875848219248848272118649      
   17735.5795230232631452485465554139478      
   10961.3298117077237356636682714178179      
   6870.98676528556567101050371503093079      
   4346.36726052901201074918670670164255      
   2746.01524566325102004706147687350071      
   1709.17123025515057166005067628834430      
   968.558584106314009129105062111977712      
   465.995391876551408768509157564086323      
   122.953221677120164664246053040622405      
  -71.1014802444711383243652088031173344      
  -149.210058293423041698962519565651637      
  -143.303471659915965359997256003315857      
  -84.8879657906794923913917330264841242      
  -10.3149401115403212044737464362737003      
   58.5811892212501678828225578126023474      
   104.368775105867700752840793200682900      
   123.416155890685456232370223546462323      
   118.354283996784356273732399109113250      
   97.2785950791344373774773330338610266      
   69.8218214482316497638420621621125354      
   43.9852291457776895074031855094370043      
   25.2808573181427832250904872957940398      
   15.6224083679893596335220540568938311      
   14.2359301686059298544205417232021306      
   18.5047535526874569949437914477773216      
   25.1275185938426679485239009210574925      
   31.2052089647713954862492271497348109      
   34.7158977527435243435979280851613565      
   34.8725311648698016916412932867381627      
   31.8471208475348362075230346315031891      
   26.6013801289507921988615496858088783      
   20.2666615790811170019658876605410934      
   14.0436900771786630946480134074526476      
   8.71166557365582787864959595882918338      
   4.67942781172501806012305709225660599      
   2.13232724653659408599108586345914040      
  0.617808079895741095353371044034942157      
   0.00000000000000000000000000000000000      
