   1042393.70428312612396393335364830742      
   840268.528314203724110265384820886997      
   595157.180683978912326785080776477246      
   529893.746748183855457056401521515568      
   445414.303796720904435617093028029550      
   348457.231726564849364841643327203308      
   273265.603103568436041787170609425638      
   201690.517474210028398111402909082759      
   146136.550361669854687745443768939336      
   101600.490706764038614219503770729782      
   68164.2037966665216087310466908400238      
   44661.2805825661461645902454075997656      
   28211.3021608355741383979180405088494      
   17735.5000804917999337913946560688373      
   10961.5259846187071860849162871660864      
   6871.10139650427661172502783344289129      
   4345.91363731959729013813332583900999      
   2745.98705274196857523103759365968540      
   1708.73041108195625988822398237402304      
   968.468405101313091188442821404714169      
   465.820417704549855483998156112541847      
   122.929510125766767881319310151350727      
  -71.0659661142360897880038980237028623      
  -149.163568089539771663090859500893368      
  -143.212049401947291779181522009901146      
  -84.8408429141876966125597537141361656      
  -10.2712786447347228681579115163449783      
   58.5835508157637133866153593037847209      
   104.351574702534477867286265612546753      
   123.383243757599580621624764945955969      
   118.314590100325105857392514513806207      
   97.2439723527323165260847342579089558      
   69.7955280387958831053043578399374326      
   43.9691673699517149410366967719455212      
   25.2763065040460902401901102911133646      
   15.6219284142093017450835027749424961      
   14.2412997920385976938991643363424594      
   18.5066697250023975607646558484352109      
   25.1296200171462817806390910802663383      
   31.2012385223130644490060226916541929      
   34.7109398249402563792729671022109258      
   34.8635420086068551705325109345765924      
   31.8391163375409596896748642012648989      
   26.5924816357871679654829642633245554      
   20.2605350265617166455286270043403571      
   14.0383634398940674255989067088595164      
   8.70893357402317712649994777418172155      
   4.67772135814289395395757708778359925      
   2.13165312570926413231941101785258958      
  0.617853548733993466074288251610847655      
   0.00000000000000000000000000000000000      
