   1042241.60206631913678936211043603855      
   840338.980277851948208315216053202765      
   595166.191531966850375870053415437887      
   529851.409856509535231264697582023349      
   445460.793499494277996864079116008912      
   348429.063921949333975664211998050353      
   273283.883926766715703368623109196376      
   201685.770163756180091915229246628930      
   146136.497290759029434207793139233449      
   101602.975646713067100057290931070399      
   68159.9243088367373288731268827748004      
   44662.8883457332762470884449399604369      
   28208.7403643392029029582445954848935      
   17735.6028686302991303846971004303690      
   10961.2369676838955203443628221147936      
   6870.89217264872792187713257144955738      
   4346.66741789137064299561219732466383      
   2746.01265535598753540152197257781140      
   1709.45731169605561540741147901350999      
   968.599236734208710236776993453289539      
   466.113955553233950639554353172757043      
   122.957357136836582833093122345476767      
  -71.1146388746019929209814770148593143      
  -149.246145288927827991264256326425739      
  -143.352614491356641819925601219557282      
  -84.9226711957180042245489148692070037      
  -10.3362357636745370788399371795024671      
   58.5751506603393024805011323541351813      
   104.383459395751166629604148802216046      
   123.432751767778279849184609231443486      
   118.381620148905463496943261227195798      
   97.2971465693933978388802925965617062      
   69.8400733381610788118268962048736263      
   43.9931888951592781524338998760350437      
   25.2851500403972554781843593230944569      
   15.6214389060315368136675266404952111      
   14.2336728005297545434588760379664910      
   18.5027652174730348563130675887485070      
   25.1269005732532027496507646929370088      
   31.2071377447572043612568919724944046      
   34.7193276917832824626148982069780155      
   34.8777486657203604771327493462429191      
   31.8522207313908392094017348802506502      
   26.6066908599788736950130137721650064      
   20.2704879290154624970577408621332619      
   14.0469104117884752785498771110880680      
   8.71334892721033987231292788573500224      
   4.68048208353439505666812895619582075      
   2.13272990403893645669603077988320015      
  0.617800228860995596847777142507085291      
   0.00000000000000000000000000000000000      
