   1045280.05172685646771881262413202504      
   838879.250881914583912358213254574748      
   595122.994103372677636271798911848223      
   530530.195459848374434205198035929717      
   444679.310026644415617389812588740384      
   348892.038285839845118731667976725509      
   272972.000784294252424815987594007734      
   201761.220853705621772702579951087164      
   146134.882558883271248820480039445454      
   101562.654867565379602262148642356188      
   68234.0407773503297152622125051063354      
   44637.6840711174686223952796659906305      
   28257.2557574780663128244508860774748      
   17732.7607758627948862530741022444188      
   10971.0281524384948443519028730317309      
   6871.10467199520903943184937205411429      
   4336.41387614380750143262847001695161      
   2742.21761021299647936865691502948223      
   1697.65271508957556177401617049032267      
   964.342494526724030296702668127705506      
   461.004723833162160703766999288938993      
   121.844189225136541164651092552138958      
  -70.2227920178955189388977698509435136      
  -147.728306032469830912428791198054073      
  -140.656840124312417192987467913549637      
  -83.3169063209614215523665366764256805      
  -8.96326832022768012691478745636370104      
   58.7305421147680606610481507733436907      
   103.909700116292591456142039090845821      
   122.434315124045331124487565910756976      
   117.162601371114721412167494730991530      
   96.2254783992207246765538823739842423      
   68.9846333766507680452299481796416490      
   43.5076339883820652182585544180369158      
   25.0870373404390383456425489722223124      
   15.6378181981781285556882241713938445      
   14.3529074534708476727966730318593588      
   18.6033681034822432124868335003339013      
   25.1594198538635662707245565485977276      
   31.1221244526112712435344072927774511      
   34.5412173502529286583056912608920256      
   34.6267179770025926572362381388508334      
   31.5827471209313394805325018797380377      
   26.3481422688955672130456866248453653      
   20.0624527958106254683792646308138147      
   13.8920084310109406289914565089452206      
   8.61648990206854546890344811762188680      
   4.63302840583725952488734462772000759      
   2.10681962125740268491691754292107398      
  0.620996572382501167717972561051663015      
   0.00000000000000000000000000000000000      
