   1046574.29004169729193964265923328095      
   838237.069337543315618596970997969102      
   595164.114387654783879345296543021470      
   530745.320156897331048751559263977366      
   444411.316812764467041203249058701031      
   349045.977125316176922103234909452403      
   272860.358441924043283550713696656329      
   201787.394408748411738932382774944592      
   146129.733247377335629431889130980478      
   101552.621664079937029144011524574070      
   68257.7000519384963663402499115208523      
   44632.6338187798728896111943690242561      
   28274.6308789902266310726625583627226      
   17733.1626342199915675242054994363667      
   10975.5470789778251016796690677152738      
   6870.71253561976217730921436896005316      
   4333.26100550094663737100839875941649      
   2739.85912760938175836798512389203624      
   1693.27927923712587461738772045928102      
   962.154031719103664261304466149701076      
   458.849108255169613810468746740176213      
   121.301156964165088740115519533035156      
  -70.0552507871514004206499379761263821      
  -147.026987139151235873638385080638310      
  -139.660327181148946037484353529370257      
  -82.5595228075980852841654565147242482      
  -8.40612816066050252700136080851936803      
   58.8519154820322769740084527139111286      
   103.743913368851415904811563832706745      
   122.037377489398445639308917414805848      
   116.677367389445633589587903423664211      
   95.7743010339276083564144633217050905      
   68.6290269753732605569007349821270990      
   43.2944999882921783776268266855810443      
   24.9955210280330999227558274197558336      
   15.6389179847250743321296228934172031      
   14.3964039816687829257628140511999313      
   18.6465900672300296880960537741469846      
   25.1726462405907129744829222900529181      
   31.0911511714217180762679335900323866      
   34.4691379815797172144847700763678582      
   34.5255946189866287094127630677808101      
   31.4714659745435211098546042069127006      
   26.2415368253781497036413899421322872      
   19.9749410754754303361080209027261654      
   13.8269882347088787060548659297657429      
   8.57490259536212909265484201896397946      
   4.61220417630964481369454626228110105      
   2.09562871007009977522483237777167535      
  0.621382027656164002763197913860904337      
   0.00000000000000000000000000000000000      
