   1062067.39839628605241274908157376980      
   830369.806497483837792569540455662276      
   596703.703377153449760031404614654142      
   531904.649588299849309083094416468348      
   442470.522676261414641889420333360427      
   350003.343930443495999513743697394000      
   271946.142118814057363747356344966191      
   201939.646957946464604545117594596351      
   145996.211566709532953486640281686294      
   101541.240802434090498560202133795804      
   68400.7603180377431306579755508616375      
   44680.5639341520491765512978666829190      
   28421.5463581244203113636683950800084      
   17786.1467036482584690518103354254003      
   11030.3868368142951056022592883262492      
   6874.05316262414980674215583489199832      
   4311.55437206341559682619779314309790      
   2705.01594746369418515280225259689289      
   1649.14111741330586069981490926783288      
   927.871741935532705643208801376532589      
   432.364548929890390129093173002770188      
   109.622767487637633735402091365125459      
  -71.4024010367858235124597127330257571      
  -140.413299651680428915982893819602458      
  -129.533191948182356922792158421583719      
  -72.9809532987866806958902218281349470      
  -1.49549034417992594401499822834435289      
   61.5674059589677117196025453660329692      
   102.739342263191929289468065902407709      
   118.177211595165544506945312590141024      
   111.487218508436651003646911306407260      
   90.5791375594132131823562393244079802      
   64.4104422232352210845326107252800206      
   40.5413908101429594941868672450133274      
   23.6833557077106129593238361063977832      
   15.4346042755325029950747578615473699      
   14.7744640927460204891052024127714357      
   19.1150086175510051750036598996345500      
   25.3493956445231933956565533249866756      
   30.7991883912808280485429360960000503      
   33.6967458726948240598977700742859046      
   33.4070941779490998857741722972708758      
   30.1993787180568917689069847821164257      
   25.0066814240997837169763001924043096      
   18.9299320769414271463587700141417352      
   13.0431316811116599983468908934652544      
   8.05653305478675088858247540032436344      
   4.33855169795343974292023002438016095      
   1.95329397555855003086997148729326710      
  0.605205242020220469025068370368080071      
   0.00000000000000000000000000000000000      
