   1086785.87316099745626723521504259495      
   818441.750034897391975328397834572475      
   600119.644514384273473604594028668195      
   532035.634207797858623745590099600427      
   441001.058762635217311265161943289153      
   350246.700081103145618803606501454924      
   271044.043773390749460570503794375303      
   201807.552211546374338151291634506756      
   145731.449104771391023521481409469575      
   101534.455615897072919815973336715444      
   68508.9534085111695420088066390893540      
   44850.1182237876315350074244767581136      
   28627.1810613126845918356439651386474      
   17946.6419492143128852780868024112439      
   11144.2630720331310100489146029261157      
   6917.74506217249506690200540347398067      
   4301.91933589401840050459562836226236      
   2655.80343840026164667142905888771833      
   1582.83568842627999001473643198793467      
   862.766439117877401693554885345472521      
   381.104921503984344810592607917366955      
   78.4709497475045719917739500293027437      
  -82.9460921051043385062469293869726612      
  -136.682957895961079539688814001817762      
  -117.194511115443377942079799814510584      
  -58.4321597545185869902402887673312979      
   10.3030085954866984751173263825343988      
   67.9267688185979971309403671566264726      
   103.142886071433557654781490866104734      
   113.767443187915047463012215485118425      
   104.286398416916686389416374259453006      
   82.7337798503971270498354656452422214      
   57.6183280935225655310934403304273682      
   35.7663520789448240916437039398733201      
   21.1122862495244277597417255313667373      
   14.6671330917297730415008258207694468      
   15.0702245383154847555087736468352022      
   19.6982909161911793309990604232766021      
   25.5902861866036107560341588060520626      
   30.3614805889389798124489292901856112      
   32.5132894251831042225145387337821853      
   31.6558001989266647493634169064684384      
   28.1614011246939545444333977487142804      
   22.9989715351378397862048460692647984      
   17.1882514976044423823943093164034637      
   11.7169296032162101343696459957067049      
   7.15723959654404870181357397263414792      
   3.83684829800051234010793499471611279      
   1.70084267874008262060073600112938777      
  0.544650849616676304404645314378886344      
   0.00000000000000000000000000000000000      
