  0.118999782807205643756240272981309617      
   2.07902007532701087040902474697908907      
   2.10702171065946697605202886322485688      
   2.13539296065026574998927482842465211      
   2.16413909553915320897158424603975674      
   2.19326545006242649255015336323024248      
   2.22277742443045846714611283835237854      
   2.25268048531908844940315072302521924      
   2.28298016687476156949096275842163145      
   2.31368207173332955791865793541265421      
   2.34479187205245344735163096187247019      
   2.37631531055757404997718564375843028      
   2.40825820160143930143051320729920141      
   2.44062643223719883942288486229460770      
   2.47342596330509567994968074834456816      
   2.50666283053280272374410778648681110      
   2.54034314564946821525363822969397692      
   2.57447309751354931875115774699835781      
   2.60905895325452679309825334672417874      
   2.64410705942860644971822921188088361      
   2.67962384318852476954194988297830019      
   2.71561581346758682728403554426245708      
   2.75208956217807461046691604899802314      
   2.78905176542417300371646285524818330      
   2.82650918472956920669753439626770725      
   2.86446866827988923096672777772051352      
   2.90293715218014243552609365004846756      
   2.94192166172735186614509425570171985      
   2.98142931269855450786740294731336153      
   3.02146731265436148735530899303207313      
   3.06204296225827381156439408530739614      
   3.10316365661195443764509039526352561      
   3.14483688660666236849330830934952339      
   3.18707024029105908841676489867022414      
   3.22987140425560202049613228754643993      
   3.27324816503374382533741578797354570      
   3.31720841052016029156286671619066262      
   3.36176013140623331093076083527157961      
   3.40691142263301900276037825386159687      
   3.45267048486193446889095880379236619      
   3.49904562596339993557537104387390726      
   3.54604526252367618481600229876005522      
   3.59367792137014020560637817098124945      
   3.64195224111524491497039773839657322      
   3.69087697371941161803151437392434709      
   3.74046098607310660294687663686580851      
   3.79071326159835590675353271694307730      
   3.84164290186995484741573339538448379      
   3.89325912825663140019778835016852387      
   3.94557128358242490668678301504787723      
   3.99858883380854394538453738243162238      
   4.05232136973596946612278979347073587      
   4.10677860872907149833110121551494270      
   4.16197039646050988649796752099297453      
   4.21790670867769158554201842988707849      
   4.27459765299105906424242201361214530      
   4.33205347068448631584106118130850555      
   4.39028453854806086041868831179153673      
   4.44930137073353194218430794328420759      
   4.50911462063270687447091895051052259      
   4.56973508277907916364150651509518761      
   4.63117369477297364747799404499559922      
   4.69344153923049541075227872880646264      
   4.75654984575657068693529004939605432      
   4.82050999294236931636949921790209041      
   4.88533351038739960327603821928660116      
   4.95103208074656759186207760037560104      
   5.01761754180249386029511823172856847      
   5.08510188856338190477271591421065600      
   5.15349727538673304827908659428879953      
   5.22281601812920355340157013719425941      
   5.29307059632290023887244830586635691      
   5.36427365537841138795768885401747189      
   5.43643800881487008563767221678614632      
   5.50957664051734732245740814276370022      
   5.58370270702187224723245834570576056      
   5.65882953982837682925542027925764171      
   5.73497064774186189352349428308401141      
   5.81213971924208100954038979590048174      
   5.89035062488203803462863989143520014      
   5.96961741971559322504809910222119269      
   6.04995434575447172058828064418448942      
   6.13137583445496686810817504467098498      
   6.21389650923462926351899740889526708      
   6.29753118801923054605772441671734835      
   6.38229488582028885880143315656371657      
   6.46820281734344047991750170464482997      
   6.55527039962793941406792750365151924      
   6.64351325471756369583106505015223184      
   6.73294721236320377928773299100145180      
   6.82358831275740465149349157986260610      
   6.91545280930112919297430612152629198      
   7.00855717140300579524389091707635919      
   7.10291808731131831226557343567754930      
   7.19855246697899104735490834681979149      
   7.29547744496181563574716882466992906      
   7.39371038335016035131262905367502296      
   7.49326887473439551788747888758833748      
   7.59417074520426131435907442883081480      
   7.69643405738239629966828700202312777      
   7.80007711349223641958476167597515812      
   7.90511845846048437778744254272897571      
   8.01157688305434214202416170954009803      
   8.11947142705368665146577643657925785      
   8.22882138245835085278616919894860702      
   8.33964629673067702429820885692140735      
   8.45196597607348014763714502635470866      
   8.56580048874355286367531811955810390      
   8.68117016840082755187382239612061930      
   8.79809561749329550394952771872516892      
   8.91659771067776660667612129266311651      
   9.03669759827653535549180180060824695      
   9.15841670977000033868460796886300140      
   9.28177675732526450717858048710775315      
   9.40679973936072252072841816038531212      
   9.53350794414666800708707700192318935      
   9.66192395344153994507193841764231852      
   9.79207064616476975399400672134150039      
   9.92397120210441609338456519205377266      
   10.0576491056612094387714363159345217      
   10.1931281496277973106790421226741002      
   10.3304324390033706747139060691722828      
   10.4695863948434060410576322120738510      
   10.6106147581442756080605249780627178      
   10.7535425937624410158586304423388339      
   10.8983952943678907043383042288047533      
   11.0451985844315536966973484471660649      
   11.1939785242460479352164756911107040      
   11.3447615139796162617753712512610314      
   11.4975742977625218372471342297204711      
   11.6524439678054330167421338604051440      
   11.8093979685492098081551997160839106      
   11.9684641008454374361475798069853307      
   12.1296705261666957490270033346658482      
   12.2930457708468247658405514056439168      
   12.4586187303481892218002952689213546      
   12.6264186735579826647355001064138344      
   12.7964752471098093205992783058911671      
   12.9688184797312370408428550597777824      
   13.1434787866154594278612578064162000      
   13.3204869738160127454454274678690003      
   13.4998742426632180893611420394316999      
   13.6816721942009199007829843776620317      
   13.8659128336421331170834836274974937      
   14.0526285748416764613016708146912503      
   14.2418522447845371552031045728182367      
   14.4336170880877688770892234794729016      
   14.6279567715141388464825719338356637      
   14.8249053884954294280933384954491145      
   15.0244974636632019450707209989529910      
   15.2267679573846799343912076479892073      
   15.4317522703012293859819275701694158      
   15.6394862478669700321894957676344661      
   15.8500061848845835927130592116587188      
   16.0633488300351639792415908548299017      
   16.2795513903997786538093282475535984      
   16.4986515359683698564569132191681853      
   16.7206874041332082666785128636270990      
   16.9456976041631306137384832825542647      
   17.1737212216544534607862379830428107      
   17.4047978229545846812256590605763988      
   17.6389674595539605950445191690169832      
   17.8762706724417177833508566151373834      
   18.1167484964203178636518079851021407      
   18.3604424643739007526234285145589689      
   18.6073946114851681466891093658720511      
   18.8576474793950659326115887844246046      
   19.1112441202991864615200082023144324      
   19.3682281009748814041454163170405540      
   19.6286435067323687819008979275688807      
   19.8925349452826490701985364593205943      
   20.1599475505154055494355415334970557      
   20.4309269861789182743310536815674313      
   20.7055194494539273160751810392925291      
   20.9837716744130751004590189111033877      
   21.2657309353569866856823695294775684      
   21.5514450500176504729184115762246296      
   21.8409623826192887250229598143772918      
   22.1343318467864170360212979328618356      
   22.4316029082883364277721250364175354      
   22.7328255876085992476245534126065143      
   23.0380504623277711478972064141166055      
   23.3473286693068079432563611160014641      
   23.6607119066581716485046243416652791      
   23.9782524354908731327110397995221856      
   24.3000030814151563032384315821588109      
   24.6260172357918160382983206596439610      
   24.9563488567103428918879932185716219      
   25.2910524696796371823954390179487032      
   25.6301831680136089293088552361492130      
   25.9737966128942863564266233988973912      
   26.3219490330929397529091160179755507      
   26.6746972243297844406148340957824525      
   27.0320985482517635510339329525790272      
   27.3942109310062940345078459304273360      
   27.7610928613891460485605998150953318      
   28.1328033885422851364412574702575978      
   28.5094021191774185302006266938166905      
   28.8909492142993365689663854096163380      
   29.2775053854022903058366632432234906      
   29.6691318901114037017800738025688568      
   30.0658905272397393762676086034924533      
   30.4678436312306816665338205017153048      
   30.8750540659536736408538070308545234      
   31.2875852178201742625208128664562029      
   31.7055009881852209826856389631404747      
   32.1288657849985624633732371792241258      
   32.5577445136678464583172588823530712      
   32.9922025670945910282124583281780622      
   33.4323058148424742478958904848845501      
   33.8781205913954539682426153472310305      
   34.3297136834614660648751112286997035      
   34.7871523162763574896198133222627883      
   35.2505041388599111182144508857665537      
   35.7198372081748776820653950771678124      
   36.1952199721376133051897098843786651      
   36.6767212514267294307533403918474114      
   37.1644102200350672233887824895203309      
   37.6583563845072158488953143035518307      
   38.1586295618036676566174685667212325      
   38.6652998557299336532377352125618489      
   39.1784376318674398903596743240161358      
   39.6981134909404978218567010152596751      
   40.2243982405517424269712821647994361      
   40.7573628652161782631737233799481148      
   41.2970784946220750315098006079407860      
   41.8436163700445855693026240440163718      
   42.3970478088361726452850890342614110      
   42.9574441669157386044723778471521683      
   43.5248767991763343033476983026465594      
   44.0994170177297644257879748098398996      
   44.6811360479041090261802741437702260      
   45.2701049819088001349044025818220949      
   45.8663947300802305989959445214021909      
   46.4700759696192267400406871933543491      
   47.0812190907305806671642296825526863      
   47.6998941400735281729584367609635487      
   48.3261707614310937875643620656096504      
   48.9601181335053228577501652765145228      
   49.6018049047449670525920106691058844      
   50.2512991251116337984783036706265695      
   50.9086681746900872223756139596701629      
   51.5739786890487639686068491030892194      
   52.2472964812563956949467041207273882      
   52.9286864604614111786844545691665780      
   53.6182125469411663906835923978413635      
   54.3159375835291364856777270670746620      
   55.0219232433290404661893871670592523      
   55.7362299336262299334318847193415869      
   56.4589166959077180779112828446598147      
   57.1900411019038986101811356312130068      
   57.9296591455660554059151461258727942      
   58.6778251308953952543469461707849825      
   59.4345915555406933763531899627603016      
   60.2000089900823655213731544888424534      
   60.9741259529224669929204498091356598      
   61.7569887807000692537953116486528014      
   62.5486414941524679726608687768332697      
   63.3491256593424156049493035579665452      
   64.1584802441710240369743214081815471      
   64.9767414700954132065877925567718409      
   65.8039426589686414770105931521226509      
   66.6401140749173936989718879827546155      
   67.4852827611708314996306830550456975      
   68.3394723717511166419045452687511889      
   69.2027029979326336570707315756245993      
   70.0749909893741335819906685454409899      
   70.9563487698238092638536394956733759      
   71.8467846472944600314001019993675857      
   72.7463026186026145388566664458665277      
   73.6549021681630603690196692653353072      
   74.5725780609288368073042341156570711      
   75.4993201293669540652360067953462634      
   76.4351130543614315132138806604338334      
   77.3799361399398492503387730154235571      
   78.3337630817260389411363765409689489      
   79.2965617290319189253755947569311431      
   80.2682938405155202972465047944851568      
   81.2489148333503905636598664287519295      
   82.2383735258747968403691212705257125      
   83.2366118737176808997862499580246272      
   84.2435646994320515426154381333607950      
   85.2591594157065290176361933914934842      
   86.2833157422714079381448431412969859      
   87.3159454166672890029727505247481565      
   88.3569518991015234863743538910541924      
   89.4062300716800603268135570154069939      
   90.4636659323689052399211314321812277      
   91.5291362841093282971450261464626108      
   92.6025084195826249972642437688588587      
   93.6836398021921442730892800934512637      
   94.7723777439001148419030545743660691      
   95.8685590806222733767440507381743533      
   96.9720098459415190704912342506249918      
   98.0825449439497534749581580815899606      
   99.1999678220614158721879183225656968      
   100.324070144659254636175539825380636      
   101.454631468429149911883800161629108      
   102.591418920212374799496203046028148      
   103.734186878147225853753092768480199      
