 0.52259908052118E-03
 0.12502945530263E-03
 0.12419587607895E-03
 0.12336807189877E-03
 0.12254598735151E-03
 0.12172956832893E-03
 0.12091876197206E-03
 0.12011351662048E-03
 0.11931378176374E-03
 0.11851950799480E-03
 0.11773064696557E-03
 0.11694715134436E-03
 0.11616897477511E-03
 0.11539607183853E-03
 0.11462839801478E-03
 0.11386590964794E-03
 0.11310856391193E-03
 0.11235631877801E-03
 0.11160913298366E-03
 0.11086696600290E-03
 0.11012977801788E-03
 0.10939752989176E-03
 0.10867018314276E-03
 0.10794769991948E-03
 0.10723004297716E-03
 0.10651717565514E-03
 0.10580906185531E-03
 0.10510566602144E-03
 0.10440695311959E-03
 0.10371288861923E-03
 0.10302343847540E-03
 0.10233856911151E-03
 0.10165824740305E-03
 0.10098244066192E-03
 0.10031111662159E-03
 0.99644243422855E-04
 0.98981789600252E-04
 0.98323724069116E-04
 0.97670016113211E-04
 0.97020635372927E-04
 0.96375551834020E-04
 0.95734735816859E-04
 0.95098157966170E-04
 0.94465789241248E-04
 0.93837600906613E-04
 0.93213564523096E-04
 0.92593651939334E-04
 0.91977835283650E-04
 0.91366086956309E-04
 0.90758379622123E-04
 0.90154686203398E-04
 0.89554979873201E-04
 0.88959234048937E-04
 0.88367422386217E-04
 0.87779518773005E-04
 0.87195497324032E-04
 0.86615332375469E-04
 0.86038998479833E-04
 0.85466470401131E-04
 0.84897723110223E-04
 0.84332731780393E-04
 0.83771471783119E-04
 0.83213918684036E-04
 0.82660048239078E-04
 0.82109836390795E-04
 0.81563259264833E-04
 0.81020293166568E-04
 0.80480914577896E-04
 0.79945100154155E-04
 0.79412826721194E-04
 0.78884071272558E-04
 0.78358810966805E-04
 0.77837023124935E-04
 0.77318685227930E-04
 0.76803774914398E-04
 0.76292269978323E-04
 0.75784148366901E-04
 0.75279388178476E-04
 0.74777967660553E-04
 0.74279865207903E-04
 0.73785059360732E-04
 0.73293528802941E-04
 0.72805252360441E-04
 0.72320208999540E-04
 0.71838377825401E-04
 0.71359738080545E-04
 0.70884269143424E-04
 0.70411950527044E-04
 0.69942761877637E-04
 0.69476682973385E-04
 0.69013693723188E-04
 0.68553774165482E-04
 0.68096904467089E-04
 0.67643064922115E-04
 0.67192235950882E-04
 0.66744398098896E-04
 0.66299532035852E-04
 0.65857618554666E-04
 0.65418638570539E-04
 0.64982573120055E-04
 0.64549403360301E-04
 0.64119110568013E-04
 0.63691676138752E-04
 0.63267081586097E-04
 0.62845308540865E-04
 0.62426338750352E-04
 0.62010154077591E-04
 0.61596736500629E-04
 0.61186068111829E-04
 0.60778131117181E-04
 0.60372907835636E-04
 0.59970380698446E-04
 0.59570532248535E-04
 0.59173345139867E-04
 0.58778802136836E-04
 0.58386886113673E-04
 0.57997580053854E-04
 0.57610867049531E-04
 0.57226730300964E-04
 0.56845153115976E-04
 0.56466118909403E-04
 0.56089611202569E-04
 0.55715613622758E-04
 0.55344109902704E-04
 0.54975083880087E-04
 0.54608519497032E-04
 0.54244400799624E-04
 0.53882711937428E-04
 0.53523437163015E-04
 0.53166560831495E-04
 0.52812067400063E-04
 0.52459941427543E-04
 0.52110167573944E-04
 0.51762730600026E-04
 0.51417615366861E-04
 0.51074806835417E-04
 0.50734290066130E-04
 0.50396050218497E-04
 0.50060072550665E-04
 0.49726342419034E-04
 0.49394845277859E-04
 0.49065566678861E-04
 0.48738492270846E-04
 0.48413607799325E-04
 0.48090899106141E-04
 0.47770352129108E-04
 0.47451952901646E-04
 0.47135687552426E-04
 0.46821542305027E-04
 0.46509503477586E-04
 0.46199557482467E-04
 0.45891690825927E-04
 0.45585890107790E-04
 0.45282142021130E-04
 0.44980433351959E-04
 0.44680750978915E-04
 0.44383081872969E-04
 0.44087413097124E-04
 0.43793731806134E-04
 0.43502025246215E-04
 0.43212280754778E-04
 0.42924485760156E-04
 0.42638627781348E-04
 0.42354694427760E-04
 0.42072673398961E-04
 0.41792552484445E-04
 0.41514319563396E-04
 0.41237962604465E-04
 0.40963469665554E-04
 0.40690828893605E-04
 0.40420028524402E-04
 0.40151056882374E-04
 0.39883902380416E-04
 0.39618553519708E-04
 0.39354998889551E-04
 0.39093227167206E-04
 0.38833227117749E-04
 0.38574987593924E-04
 0.38318497536019E-04
 0.38063745971740E-04
 0.37810722016103E-04
 0.37559414871328E-04
 0.37309813826753E-04
 0.37061908258749E-04
 0.36815687630653E-04
 0.36571141492704E-04
 0.36328259481999E-04
 0.36087031322454E-04
 0.35847446824777E-04
 0.35609495886453E-04
 0.35373168491747E-04
 0.35138454711706E-04
 0.34905344704187E-04
 0.34673828713890E-04
 0.34443897072404E-04
 0.34215540198269E-04
 0.33988748597049E-04
 0.33763512861419E-04
 0.33539823671267E-04
 0.33317671793807E-04
 0.33097048083709E-04
 0.32877943483245E-04
 0.32660349022441E-04
 0.32444255819258E-04
 0.32229655079772E-04
 0.32016538098387E-04
 0.31804896258043E-04
 0.31594721030463E-04
 0.31386003976395E-04
 0.31178736745884E-04
 0.30972911078555E-04
 0.30768518803914E-04
 0.30565551841667E-04
 0.30364002202051E-04
 0.30163861986191E-04
 0.29965123386465E-04
 0.29767778686897E-04
 0.29571820263553E-04
 0.29377240584974E-04
 0.29184032212609E-04
 0.28992187801273E-04
 0.28801700099631E-04
 0.28612561950681E-04
 0.28424766292274E-04
 0.28238306157638E-04
 0.28053174675926E-04
 0.27869365072778E-04
 0.27686870670901E-04
 0.27505684890661E-04
 0.27325801250700E-04
 0.27147213368553E-04
 0.26969914961296E-04
 0.26793899846189E-04
 0.26619161941346E-04
 0.26445695266407E-04
 0.26273493943225E-04
 0.26102552196552E-04
 0.25932864354744E-04
 0.25764424850460E-04
 0.25597228221369E-04
 0.25431269110857E-04
 0.25266542268733E-04
 0.25103042551930E-04
 0.24940764925201E-04
 0.24779704461809E-04
 0.24619856344200E-04
 0.24461215864672E-04
 0.24303778426023E-04
 0.24147539542178E-04
 0.23992494838803E-04
 0.23838640053891E-04
 0.23685971038325E-04
 0.23534483756418E-04
 0.23384174286418E-04
 0.23235038820990E-04
 0.23087073667669E-04
 0.22940275249277E-04
 0.22794640104318E-04
 0.22650164887338E-04
 0.22506846369265E-04
 0.22364681437718E-04
 0.22223667097297E-04
 0.22083800469856E-04
 0.21945078794763E-04
 0.21807499429150E-04
 0.21671059848163E-04
 0.21535757645217E-04
 0.21401590532261E-04
 0.21268556340066E-04
 0.21136653018542E-04
 0.21005878637088E-04
 0.20876231384994E-04
 0.20747709571888E-04
 0.20620311628263E-04
 0.20494036106052E-04
 0.20368881679304E-04
 0.20244847144924E-04
 0.20121931423516E-04
 0.20000133560315E-04
 0.19879452726203E-04
 0.19759888218833E-04
 0.19641439463832E-04
 0.19524106016094E-04
 0.19407887561151E-04
 0.19292783916607E-04
 0.19178795033632E-04
 0.19065920998490E-04
 0.18954162034097E-04
 0.18843518501573E-04
 0.18733990901785E-04
 0.18625579876842E-04
 0.18518286211537E-04
 0.18412110834701E-04
 0.18307054820460E-04
 0.18203119389366E-04
 0.18100305909402E-04
 0.17998615896839E-04
 0.17898051016954E-04
 0.17798613084606E-04
 0.17700304064686E-04
