   19239587849.5988613595128271661549984      
   640581028.139175502351932038526472487      
   373527546.397241127544833376453588217      
   162124617.972139803791691338823270221      
   65077556.1026560547359386535771264151      
   31453295.8811358463773871382156012671      
   16357796.9566557267198486202398556895      
   7487602.42708377385366980351459796416      
   3142559.30746406482743675455124682583      
   1397732.47066219969785364274003349883      
   570180.166947187458570607358168739767      
   196171.835622146713925575698600528145      
   84224.9990283615717571617750365832386      
   35142.2405593684320923016522510584050      
   19925.0648509504358270404538200317315      
   12759.7952364388491410783648149850441      
   7010.39657709223522413920884832797909      
   5786.04364102774732030817659771293346      
   1960.84264951783196352401259338518088      
   1010.21333927435266989902783824759191      
   819.952994262656394235742517349254806      
