   525608.927842723238564601957309869655      
   452157.180504386962552006282326209946      
   299176.997519519137115957096454907306      
   173261.398322874811143566428721825607      
   100066.992433258573399136676932646778      
   57129.4572443951426185315504798593628      
   30098.8709137381312755203513021651553      
   14879.7600342550735060965632197855994      
   7353.47350605140057349193712163453409      
   3587.75622839485997591254340809928973      
   1769.83123087279116298283713236030523      
   985.702538723198810907570907851438293      
   588.001289129665982415817691333326909      
   364.563799089722299137362128726937809      
   229.764870836938564548068224960867086      
   133.827414295091826530077110520667053      
   70.3575029261926204084725238932720555      
   34.0697994105740441096488939548620356      
   12.5659978003739442582359041659833568      
   1.48743427195588208442550625448739112      
   0.00000000000000000000000000000000000      
