   19325356525.3477591562055908659147874      
   600630582.691769514540313016187429129      
   371910641.862809858070100547879399757      
   169134030.697581042917644914705889661      
   64590993.9903840747756927920922771073      
   29630682.8049142854793461409804434128      
   16905129.7045679801506888446458632475      
   7921843.99205806258921542360810863900      
   2832715.74099401513615915880525087379      
   1338495.33823090688920901091504048980      
   716049.099299315017896150040173478054      
   155565.177404437270800318466079685855      
   41444.9155577935297074988154980109116      
   79332.4023200655773202650156892357523      
   11124.1536901917590042729734145030889      
  -3305.17111368804991748863763248495422      
   23609.3230461167960208705445290159223      
   3147.99087457194396502886065861528922      
  -6556.50590681783906280183511633197472      
   7056.70877358145027119954566870773300      
   5673.88553051981587991278173467959789      
