   1.40005933302048617353704119292484614E-0002
   2.21385062970924367755513600962747402E-0002
   2.38475240192948734239549355690922709E-0002
   2.56762500077339046285418926182561971E-0002
   2.76348242562079970625104355453783332E-0002
   2.97339400747277079905593275262661006E-0002
   3.19848950391923004928075887545382401E-0002
   3.43996459923532791421516848731397990E-0002
   3.69908682417377362699068652002524304E-0002
   3.97720188565128002250936287180192444E-0002
   4.27574038445491247483642207728699164E-0002
   4.59622489701976560401251859351882476E-0002
   4.94027740227503732462892740869628314E-0002
   5.30962704352738785424028221448161781E-0002
   5.70611822582796283632870894204676308E-0002
   6.13171905945133986513312685496719715E-0002
   6.58853016894428084998857331345162446E-0002
   7.07879389424820855178372919966898778E-0002
   7.60490391567501725472507917694695163E-0002
   8.16941533829735375235870488657142127E-0002
   8.77505527399626003482015375170424339E-0002
   9.42473396140422644557107825547950798E-0002
  0.101215564656667953419461776749926850      
  0.108688350016364058351222733169945830      
  0.116701019260618182663027305832101191      
  0.125291234467439865686018470848204184      
  0.134499140996541145431608180980280034      
  0.144367520487849688968022747496670117      
  0.154941952681525468392713167931906200      
  0.166270986709997011420587894571306122      
  0.178406322579992374993133331803888976      
  0.191403003642461634803199753081290430      
  0.205319620942180470805263786339693712      
  0.220218530448388749182017579176747096      
  0.236166084294971207524898684156251096      
  0.253232877305582734903658592227355536      
  0.271494010248148590288081742406157886      
  0.291029371456976972616569366453430769      
  0.311923938682198864259413963663103235      
  0.334268103278522557589078738086146367      
  0.358158019131704812068578624876320920      
  0.383695979045277787753913910938596663      
  0.410990821675415795917441599157527451      
  0.440158372512478583661116160680170551      
  0.471321922866958417307325720050560170      
  0.504612751329175910408450057292793795      
  0.540170692739108263761044217863208904      
  0.578144760327833829380448428235951417      
  0.618693827377026890538493547708041475      
  0.661987375488253354837930644476249815      
  0.708206317358518096858689480291057956      
  0.757543902819431964727136644290688503      
  0.810206717809824539776321283546586916      
  0.866415786901001013078110529046169608      
  0.926407790982774544250911939545428507      
  0.990436412705768529607283046015311011      
   1.05877382325932747190971208174533790      
   1.13171232501041144414395080214287967      
   1.20956616539794830289474213556639859      
   1.29267353823658118449482363460656959      
   1.38139878918613571153404871812655058      
   1.47613484254122280360050540364685284      
   1.57730586664088726132082177223395665      
   1.68537019504642527106547825676784164      
   1.80082352015178643349998057886885700      
   1.92420237505929961035167631887723432      
   2.05608791838901757674899673916596276      
   2.19711003525183405969879233756045903      
   2.34795176603207904366097539431701739      
   2.50935407310499202057494619363532154      
   2.68212095448597834557769188220126898      
   2.86712491313814359693820798249609063      
   3.06531279188459369680006453918156104      
   3.27771198739714522179967792489480563      
   3.50543706355608517619563255878092944      
   3.74969679572377276258485019010080564      
   4.01180169429474030026728838595672083      
   4.29317207919975276865225057992357415      
   4.59534680710751857359809857101515484      
   4.91999278868889740150653224896665610      
   5.26891547055543520632927761411788306      
   5.64407048666199265195686413352396904      
   6.04757669063421306456681960160353660      
   6.48173073542740601549068877831744102      
   6.94902322533999114919689732535748710      
   7.45215616337661829151309529531432055      
   7.99406087287772887738253333629867455      
   8.57791470632086409746586085361540101      
   9.20715363991368864293663998320699569      
   9.88547642485622597119579944832180322      
   10.6168347957555516544395006266630055      
   11.4054043212706622243178848986897496      
   12.2555333495164707671961278405273166      
   13.1716746025781672044788300207354654      
   14.1583150555346905575497958720765900      
   15.2199306665589404988417012121023527      
   16.3609951131011844618984717856059601      
   17.5860587705434194273517291632570254      
   18.8998883264385617780587581176130888      
   20.3076332890810958881483982525593318      
