   62.6143100000000000000000000000000005      
   62.6147309459346580340783526176374806      
   62.6147705882165330747210963748159785      
   62.6148139637819081373597543801741932      
   62.6148614242100827050464691784594640      
   62.6149133541900849552294530993303728      
   62.6149701746387567432215878690183155      
   62.6150323461124820055191522705013561      
   62.6151003725402122416998120098168468      
   62.6151748053080469971316504932130979      
   62.6152562477284767868776049393362474      
   62.6153453599305137706631827245891382      
   62.6154428642103469813841392668009703      
   62.6155495508858916771124051221368889      
   62.6156662847026866847439747218219792      
   62.6157940118430625374739447933209585      
   62.6159337675953930009876479258499952      
   62.6160866847455928686859274737803603      
   62.6162540027588790509896047108085025      
   62.6164370778262174383815661707589038      
   62.6166373938568867015582971501674743      
   62.6168565745062589135445110212666456      
   62.6170963963362877964588331812698821      
   62.6173588032153765221294829828682546      
   62.6176459220743427482826603940822860      
   62.6179600801461903760983127665352822      
   62.6183038238294244642750313824371040      
   62.6186799393278053134328213105661054      
   62.6190914752338366072661919609225245      
   62.6195417672390373729554524896412777      
   62.6200344651712861036106850661019625      
   62.6205735625783873967381586546614334      
   62.6211634290976497903296751501320381      
   62.6218088458738454055056827794904769      
   62.6225150443126305688043529277965218      
   62.6232877484835420627014582187679143      
   62.6241332215162651749776806515531193      
   62.6250583163662370582300233799858884      
   62.6260705313610644226280302392635174      
   62.6271780709779853272757456400066861      
   62.6283899123450049011959782093098764      
   62.6297158780047278864212352352200968      
   62.6311667155306729904761208542412085      
   62.6327541846413966142536228953021446      
   62.6344911525185267825712185198776940      
   62.6363916981013046443260377219484233      
   62.6384712262029897127904746748312582      
   62.6407465923740958284261519633219729      
   62.6432362395245329296105518782914493      
   62.6459603474120411628935280939518168      
   62.6489409962085911978007593951632654      
   62.6522023454705331295235126474178823      
   62.6557708299631309591340537221932669      
   62.6596753739267323403816124728379950      
   62.6639476255213013846518715065472049      
   62.6686222133495974114362065362153098      
   62.6737370271382403114100060452908281      
   62.6793335248517141896942209327563086      
   62.6854570687286123180604347944360273      
   62.6921572929638547544984565280196760      
   62.6994885060171154382499660126961588      
   62.7075101308083572350867960785140970      
   62.7162871863684661857101200190111555      
   62.7258908148489892306528926336493705      
   62.7363988581626364910957556438520490      
   62.7478964889284898073915006340533561      
   62.7604769008360243489396474798241796      
   62.7742420640236674550193256614664891      
   62.7893035515945921807316871077969419      
   62.8057834439690436711749718829198647      
   62.8238153184033980890481281260494281      
   62.8435453316964701294153414757573536      
   62.8651334048589115077867285603121702      
   62.8887545193480014782964443124636580      
   62.9146001353744202627036115155190993      
   62.9428797437770469413174915591752067      
   62.9738225640444548354686269525230868      
   63.0076794022463649336743608859515650      
   63.0447246839344631175938932110941988      
   63.0852586784901956939744156439345010      
   63.1296099329489252820819827661592708      
   63.1781379350277332462694179882079968      
   63.2312360269419579096917474841511430      
   63.2893345936283181026939895730814408      
   63.3529045512166656637567499076587676      
   63.4224611640260664580782379222306171      
   63.4985682210237532316763266512105609      
   63.5818426055991087747385904233841335      
   63.6729592956928406440868502989818855      
   63.7726568348097393486544267829551866      
   63.8817433182601441791479589525036869      
   64.0011029431514111686461119647284439      
   64.1317031752201358236269672794648617      
   64.2746025905956668661105358168742798      
   64.4309594560560818681210430561972489      
   64.6020411173236233988755571424710841      
   64.7892342714961330840295728528014281      
   64.9940562068773578783388757912973457      
   65.2181671013102243996644928631921523      
   65.4633834786968401413368711115635693      
