   80.0870047177723418327087000004588442      
   80.0823205898286677879664604152394442      
   80.0745001370960168242109127838186469      
   80.0635357875591881148239331763932568      
   80.0494208040852504691254148696792860      
   80.0321498668613008788448855399491397      
   80.0117195729050170046162155493152217      
   79.9881288220988611914073909136877759      
   79.9613789912841448756718805651872996      
   79.9314736908147934405852640866195824      
   79.8984178557705833648845215402372460      
   79.8622160439510109563709995955995462      
   79.8228700434562631715603542890196287      
   79.7803760933541268356292235936135440      
   79.7347221018127060829135573526038377      
   79.6858852132572613259350887897291318      
   79.6338299843539637250118169103797780      
   79.5785073245086953658339297151340212      
   79.5198542584743413137094145296020401      
   79.4577944779915036587467255017694777      
   79.3922395676442322975855913082130416      
   79.3230907255221724967923960727347911      
   79.2502407627240772124412968814066634      
   79.1735761635805376480318572679113380      
   79.0929790186363482961774176517779571      
   79.0083286952909893308518194965626088      
   78.9195031732934286735978421250443979      
   78.8263800314323296554087995246658557      
   78.7288371187444270141063496588649055      
   78.6267529739925409483292518025009175      
   78.5200070708018929963405049473721197      
   78.4084799653267084226021409637012523      
   78.2920534127216733019578765219880584      
   78.1706105023242028796050021968120492      
   78.0440358430692678208380174520222063      
   77.9122158130738404986858870190262231      
   77.7750388723420316650114713575236167      
   77.6323959260559362088704509153533838      
   77.4841807181424068342878763223432340      
   77.3302902304892167031174874973026438      
   77.1706250618054034220274627425846187      
   77.0050897610471897008148797861223856      
   76.8335930929219842264193855976503842      
   76.6560482166538436009052857034048482      
   76.4723727634484168950313969220423597      
   76.2824888025359872142312255203935229      
   76.0863226899960119450032203693430590      
   75.8838047985590138921617408840260884      
   75.6748691300975487007615651691981047      
   75.4594528154720412853160781219617298      
   75.2374955087504250821261365982199559      
   75.0089386845691858882160310656210607      
   74.7737248485705445625326489723479437      
   74.5317966714774395553147373234501002      
   74.2830960575086359652884845215035925      
   74.0275631575521171834661265393110775      
   73.7651353368702041183556429264589608      
   73.4957461061690786465998250356418310      
   73.2193240236898269172399227315188829      
   72.9357915746247196324143138213414256      
   72.6450640326809304589363213557097028      
   72.3470483070475395299478527347975038      
   72.0416417764044713229379665938793027      
   71.7287311099708238380687382552021737      
   71.4081910739419797714258927367027301      
   71.0798833200195159281975253746250022      
   70.7436551510965909318260815936137474      
   70.3993382575171685573307218324189177      
   70.0467474156663211877596930362075472      
   69.6856791389487805851140710246123807      
   69.3159102694453335357434266847046843      
   68.9371964966637650720091350340638193      
   68.5492707877785268965841910573735553      
   68.1518417115256947788755993856491101      
   67.7445916354220655782799558508011240      
   67.3271747731311020192181732222567253      
   66.8992150555094481501838436326659049      
   66.4603037950224668693458318483010442      
   66.0099971086772284624045877712057917      
   65.5478130592166205755040874625190210      
   65.0732284678391189691676996011108427      
   64.5856753438928657042829116755790642      
   64.0845368675114481999999485413494270      
   63.5691428495945253514331687472047375      
   63.0387645793572567196063785273359472      
   62.4926089521928291665057189761696903      
   61.9298117489242300517629559740306542      
   61.3494299105033004834122772770659460      
   60.7504326183171920920632066883733568      
   60.1316909474505777153225659486419797      
   59.4919658057979789422431449485272561      
   58.8298938021337243751480144166405941      
   58.1439705960698945652725522373287543      
   57.4325311652863911638364446728180659      
   56.6937262707239590975702374322457482      
   55.9254941947474620464511546518167837      
   55.1255265507270630153782159790419360      
   54.2912265860607858569883216918955987      
   53.4196578814207506037521988205063735      
   52.5074806221587727627359222114697920      
   51.5508715836841376885245905197607510      
   50.5454224745201756947818350084830864      
   49.4860090662490957943394788137468794      
   48.3666201910410054132489390168776560      
   47.1801304929255898974243957323973797      
   45.9179925231768797052143880924227089      
   44.5698100756648047758960015501850587      
   43.1227311783187383760005532045180195      
   41.5605571061886361455923384994909280      
   39.8623845659016649540648219027081358      
   38.0004398349344355009813616323612639      
   35.9364235828235576549493968243223662      
   33.6148870290762803048160082359222875      
   30.9500572734926432192402419407431603      
   27.7960291896356306622915950911110960      
   23.8647186172959457648655684495465367      
   18.4039839424048328982222776763994944      
   5.88650242543481850017264967419818682      
   3.49168191218852083046116719046282905E-0005
   3.39199180801223385621185727064659475E-0005
   3.40933547933032412504383712275083683E-0005
   3.66206447215269913695739655684667035E-0005
