   25.0615347915346254604178300866609768      
   17.7611431065524415361415327487241649      
   14.5104027964291891878475802929959972      
   12.5686054618139065042752417184141280      
   11.2417046544195986364253073033864616      
   10.2611532989454256733166584737093924      
   9.49827605058964676360528524605640838      
   8.88268693822326319723262741361141392      
   8.37221700247380349603955002258482193      
   7.93986062592754155554913897409132326      
   7.56741667549452745122114533923778823      
   7.24211167306248313575507211926006822      
   6.95468174426366567062645895575307890      
   6.69822266075000224222302168492439445      
   6.46746908021373230407448704801703997      
   6.25832569265679476974981755409524210      
   6.06755245523883809055315558759278515      
   5.89254746522652175932785196696563434      
   5.73119361390149090463751193401390152      
   5.58174802432132911531931235504764999      
   5.44276086328904873702377563567330633      
   5.31301473839087111632220511428099806      
   5.19147878535401268886799306578134151      
   5.07727341093008808641492992034078808      
   4.96964287957845330476627262453159766      
   4.86793375322710281124006576343155016      
   4.77157775456768953513615607231881031      
   4.68007801397291217632464480738262007      
   4.59299793431188991217424215722678554      
   4.50995210316342118877758666330284393      
   4.43059882241558715404617402218628563      
   4.35463392737733617073115615211608569      
   4.28178564255554006749757126919382197      
   4.21181027696661668625764614773752000      
   4.14448860370391528705696644105067756      
   4.07962280029878448914880947597040041      
   4.01703385089584584603810637818538027      
   3.95655933032627287038104037119475878      
   3.89805150517195869422832444347308461      
   3.84137569884915425078486771126092821      
   3.78640887731421365866873509832301957      
   3.73303841972936127023305328457638794      
   3.68116104471239682219181987470522184      
   3.63068186792550539641460451302657306      
   3.58151357096094293714281127994798234      
   3.53357566493137701684438975373402342      
   3.48679383500898915723825685597166337      
   3.44109935449093759296402147997933955      
   3.39642855888876895850219567139236585      
   3.35272237211845036246176096329329125      
   3.30992587816525746340863141600849338      
   3.26798793266267244099435805681272154      
   3.22686080969713019120402980693855081      
   3.18649987986442002064640217892919865      
   3.14686331618669348280194624882287982      
   3.10791182497458831073466939720534932      
   3.06960839910630939740574037188798383      
   3.03191809151073798037257910688449458      
   2.99480780689814693585189864412173520      
   2.95824610999097002448823965288189863      
   2.92220304867739080721610705040429198      
   2.88664999064973474161356528501985263      
   2.85155947220374172386678917093792652      
   2.81690505796857896828697782122063360      
   2.78266121041465368798364348287529074      
   2.74880316804978421437390910143736229      
   2.71530683126621914300274231513566913      
   2.68214865484283432234968789092476830      
   2.64930554613955472588083994370144518      
   2.61675476804510605061454294821672647      
   2.58447384575469344225119254996402986      
   2.55244047646079132904161259044645790      
   2.52063244103728322511819630338563054      
   2.48902751678366211557401930231243295      
   2.45760339027051107574813865750562014      
   2.42633756928821567124476373364721830      
   2.39520729284550189738685642860839639      
   2.36418943809006889900030573957901425      
   2.33326042292668270062742249608111402      
   2.30239610298409303141859768878515699      
   2.27157166142537554963299927663479834      
   2.24076148989962154869818134119708391      
   2.20993905868725762211900642993629294      
   2.17907677378510516676368330179517001      
   2.14814581829577785186517912228116010      
   2.11711597501000076428276907839676750      
   2.08595542647502474576801555908280904      
   2.05463052809486049055913203065317153      
   2.02310554886549691223271041901484702      
   1.99134237315323386569971709541634908      
   1.95930015539970668110468917900526839      
   1.92693491767879302956991690571902099      
   1.89419907749523560468873603356545644      
   1.86104088990486912091236673337323192      
   1.82740378367461265671541488308001379      
   1.79322556539417115219133542166594090      
   1.75843745763607291365965095264137387      
   1.72296292661252879515880090629147372      
   1.68671624007508518737094046586853981      
   1.64960067560201989243736143800383281      
   1.61150627007933688183888219130203813      
   1.57230695863547769740200933400450567      
   1.53185688833320828610261406880466156      
   1.48998559662330205911125810639823776      
   1.44649159656289581306827271490868099      
   1.40113367416908733618407367602528350      
   1.35361881219890545506732110085456601      
   1.30358498335935257355592717482483423      
   1.25057585238492455759135674587375724      
   1.19400215675131932962420406679977219      
   1.13307999392220893381084291309169699      
   1.06672648158260406414950384559708782      
  0.993370328292792534636734561794933740      
  0.910574381455762700287381002484236338      
  0.814180092574410241167606171434611216      
  0.695948219700159143384505845457355305      
  0.534282644803648452258046084238935297      
  0.169389343086035199512602038306419873      
   6.88667325478285481969675643651481159      
   12.5310885910173442335377520355878743      
   17.7270495914346200119688220330140413      
   22.6771443354056719614518719085649046      
