   20425443821.5637218420920133525216675      
   691536352.202211757856554891329441192      
   378749893.675485860278013887753041031      
   180663835.258603528120123523424156335      
   107124429.008452599411489674243471048      
   70844947.6319813015168080338930353786      
   45024574.9228662143111656910681746170      
   28835784.3827131630456311124258817312      
   18280605.1880486276660822928082760609      
   11302313.1024883212307678980463830977      
   6907212.76653986354968563628289454779      
   4153682.23167456276250534866284919451      
   2470449.90012309252313258934486573000      
   1468139.82119265329920027665669322387      
   875260.183423212944475982074517424444      
   527630.768957625391366519298997958591      
   321898.120628490125350608033619257291      
   197065.774164587404996320887272982287      
   119286.222297587295621081973676028468      
   69485.4749352289305927100863124034006      
   37345.0969801887731902968630681446657      
   16987.6507242875172786815036041925910      
   4715.48857817068507488628432532826724      
  -2004.54396181495893583902876297057054      
  -5065.77645615170151753389605426598926      
  -5897.48970860493241787759985996668211      
  -5532.93568239489812172920762812787299      
  -4669.67333045575130756793741426393039      
  -3724.24833937474981090716554660780545      
  -2904.03291657299816467855657950105967      
  -2276.21128444497455393858704621624613      
  -1828.87037040284001898348974929945106      
  -1516.04174490365582701660954619552176      
  -1287.55780224633443893198433979372994      
  -1103.50711705657207141163838811741805      
  -939.477459281588073512862326574930049      
  -784.543171585079981930466521541501095      
  -637.384357618757090370617459095087618      
  -501.268969745094550354800140648813046      
  -380.717082620414502513285983005488266      
  -278.931528292385578777647842496137656      
  -197.178602221006145886041543786290243      
  -134.552038755457414705588644657255171      
  -88.7532187655339297987205558405867567      
  -56.6255311657824082112807247580242879      
  -34.9893259236199738910253238553190624      
  -20.8048027570385029680413087306489964      
  -11.8140814242342924322485183207535886      
  -6.26227650511714197211005403455525965      
  -2.71125295644473394314698081868818549      
 -0.621214195655548810751617649873357604      
