   787381.308315176219298059034837926738      
   688366.885948898903708560847323610000      
   510766.767434367972579047562405583701      
   385366.971008358126648815998834911969      
   293970.165124269873069583236888979414      
   213967.884594536041022739003329284947      
   152280.269860674176070654900466456128      
   105908.904779224525704352128997173170      
   71540.0735895719468620786192792826058      
   47410.9681769162380806858769820695309      
   30851.7464212205116925993123186227104      
   19782.1171101007999087906587793952214      
   12575.5446025533907358874933380998511      
   7923.95758876858025028625520652395465      
   4941.21753312882569126482894515576766      
   3022.50056079003453125589777741028165      
   1775.43292021847677188906142878194779      
   962.352587909819140483070708261351496      
   435.385656775384008914805852359518509      
   103.491786476972409237388700747174959      
  -92.7039518319626116304904037440365436      
  -195.268990271344998550009938881521182      
  -235.400217006324786445338797055977184      
  -236.765290668379934567805688730067296      
  -216.958411652170877966227078164854712      
  -188.133837588160472231738840048687642      
  -157.983513676630782830392871509933800      
  -130.591307368888070709630084505680047      
  -107.551040844225185627829352089504837      
  -88.8797268151410523243049655584469501      
  -73.8642581828352354369684005218895803      
  -61.5651922111672158020911508995072891      
  -51.1862648017244874608516237533819315      
  -42.1598586419830078299932169820804320      
  -34.1905010701230240837036121182645015      
  -27.1521625674056805814939083049605969      
  -21.0378159481053694053107437978217216      
  -15.8547415627378922835994160968653354      
  -11.6045268155615048914334532803257614      
  -8.23545383571379781355419577545738814      
  -5.66533974045038737612278222708550048      
  -3.77254994233668236337447013888867315      
  -2.43161013160755202715574213175157867      
  -1.51207619693232991630925276125152816      
 -0.905054289638243285465476234172345128      
 -0.515467301462816965547548470541057306      
 -0.275245995710086751583826348107830461      
 -0.132659332768931858496687610094222607      
  -5.31408876267444814847709221579939400E-0002
  -1.24239770442737327823033522341012666E-0002
   0.00000000000000000000000000000000000      
