   1776.35444586935500683060782362354446      
   1688.92158247117234138786578994259262      
   1501.00769148979544534718348469410050      
   1280.30816852367796332462774001812558      
   1038.56732627976569336860428609220621      
   809.955904324846166413294560995758387      
   610.631557090693611323126279433636417      
   444.483256659228143843722799876263630      
   314.086623708864939350940318241551469      
   215.555021172597913885071218182559356      
   143.407138271966482260471161106101205      
   92.1480354877158671146739689080685269      
   56.3658229875229626617922624767622286      
   31.7854213954595915824140008851892441      
   15.1612435259263453603037354028376665      
   4.11460320993816771133095879231694510      
  -2.97375983881386182723165126162402444      
  -7.24816747946008362875903435188752051      
  -9.51775743660063198251653207780121416      
  -10.3829442082428484929456364888760525      
  -10.3042950138256222927206862034797446      
  -9.64131259358714759990171325892376098      
  -8.66403549554632430490060271687496675      
  -7.56979068393148947918273184483116182      
  -6.48579482139722890687679038055834735      
  -5.48698993207064905070695189444855619      
  -4.60445644551562418455940198007147056      
  -3.84396138983368890927086603074524463      
  -3.19407032593163302089539706741012638      
  -2.63938973237836683023917728734279025      
  -2.16306549487599681393345946693214201      
  -1.75301863418434400499555648108011539      
  -1.39965711145752333798752919577825158      
  -1.09783444472227056549665569703682687      
 -0.843146977383347634631618731614789922      
 -0.632843630168597437958286572228429776      
 -0.463016701439668106490704015345341470      
 -0.329899080515880118521811861539796941      
 -0.228366526311147300693432657111734552      
 -0.153510272919345244172023371678845352      
  -9.98934464740120548019872030145993244E-0002
  -6.28648370721390461540588560454773685E-0002
  -3.80236274196904640426458927368250891E-0002
  -2.20137868611321720978423882320508379E-0002
  -1.20159168324543894821267452432988021E-0002
  -6.08483136349909027365000651061756336E-0003
  -2.73750540612368410227087277355976993E-0003
  -1.02030504243349404450760170543348360E-0003
  -2.43509950067765162533145703788384826E-0004
   0.00000000000000000000000000000000000      
   0.00000000000000000000000000000000000      
