   3.95525837479335162527954968784556422      
   3.87609712493771546548774682503338499      
   3.79323593527384787870438569168256399      
   3.70621422185458937048718736014689363      
   3.61447104906208698585597360265749725      
   3.51731433511021779238912405813522058      
   3.41387479157392475364074102383917101      
   3.30303283419880011159695192777020945      
   3.18332953221698734415690168285405948      
   3.05276712390390377299601920541433759      
   2.90852986222649306593770117680534235      
   2.74642802057702680316399829978052054      
   2.55979681768583544609611936796957837      
   2.33689296245409968730008680538762434      
   2.05361532767502876455391336611701115      
   1.64467399942393528298342586637406001      
  0.851016156767657945807378574387859253      
   1.31818502342658440233611397164744914      
   2.15158373909364652073368465535443166      
   2.92165936693456054607749955177924581      
   3.65001457257543180847249927075514037      
   4.34719488027283768354208768276869802      
   5.01946032400039861372048377498310907      
   5.67095989285589584650773471640162884      
   6.30464772245652470511992074440110457      
   6.92273626446971582037018789338213343      
   7.52694603116723739471828388822967309      
   8.11865448268330680753183170951160247      
   8.69899027336818247794899404396978509      
   9.26889580649644194262124684344228740      
   9.82917038288475680540481221353814006      
   10.3805009282316416094187495900119597      
