   19925565965.1684366455451219290563874      
   510139672.676991064071007338558663171      
   310651855.028720072271407012473455115      
   150480323.567829347592001374817586904      
   65370334.7616138568758799431420862944      
   31346648.5842189140178852420236332779      
   15845222.5501499969027995935040098558      
   7344861.94700309499457801753393957712      
   3158132.37528554032985602405227902823      
   1399247.30299015839515804410645268018      
   587660.616988549322789769261627919668      
   239323.727054642720591173070616748654      
   117147.642768284005046570370929886800      
   63154.1090204464357884251054637813442      
   35604.4290080217605780074171521900411      
   24342.7736628388961523836478717528153      
   14515.9444633758900216103265124353835      
   7132.80897604382313590479173106446322      
   4061.38357234823208908253388801284926      
   1756.78952276861544088963357280579298      
   202.497491848817889543327076137194262      
