   24342933776.3729806338578400486635494      
   3153404893.35941881943871364348393931      
   1052451035.23905743911009087001732925      
   205490449.988481615403896292949191277      
   158259702.817706935790728179009541524      
   99113782.1887566269024188942484922769      
   41463116.1166373145519003779304515992      
   26012732.0392886282711531836535680552      
   10791262.3339786037256089269217492873      
   4640976.59078340127401017727312352590      
   2145961.16439165819743705143435866247      
   232804.542745912560062722191611046689      
   195028.756628079337292464212268290760      
  -72144.2724005299646881818915440212149      
  -25307.7318136141775118899351193856241      
   37414.5018921322821133412734230144880      
   2757.16203700838506461000523003764114      
   39713.4425002059629662412739469698997      
   11891.7745427984359004451685537614793      
   8989.81481955584390230519415360749429      
   6928.19655184151502250031283083141917      
