   603256.515614110107137331925113767950      
   504976.568609125814610947246730813219      
   315682.873183894418404874871173632224      
   174137.833397606718273073920108216765      
   99963.9541006942875211542609284889733      
   57998.2955999073207476265596609800043      
   30135.1199787636183102006420125983272      
   14376.6843138032969825435715160723488      
   6905.78079809467757425545692235267764      
   3141.32422282286512652314303851108278      
   1323.94211915973590438557852473497285      
   629.929874940679547590878088904228757      
   341.939556475387625900849846341446447      
   195.780290531915158814185644412860530      
   128.101687766403449659921217837249181      
   78.7914082880593603285905474862554983      
   42.6750106937664556212195064764091471      
   22.5377041370909522528485990892806395      
   8.02184476598676096346221169920398838      
  0.311651394748722427937606916316405827      
   0.00000000000000000000000000000000000      
