   525041.154391280374421394584764006319      
   452246.977132180680386551771104714663      
   299411.697871176157896937391432442213      
   173087.423094047772966953105607152459      
   100103.198137332113177390187152669369      
   57146.5397003840536535033630776996089      
   30066.4957142832790374743780602220160      
   14911.3860867030341217414523304672322      
   7325.32633416409048418582275881407563      
   3597.63113537852638715970268193848109      
   1772.75062090980462513802923817808597      
   971.735286702686002541938528311568290      
   598.313479938510932666020353534355713      
   356.611156372214919271102802529135824      
   228.850152052645094820023146120376657      
   135.576431373596512710529293795750400      
   64.5738700652074835980173520454361123      
   35.4704947288396526170149976525893859      
   10.7115247355620582324164951662944387      
  -1.63581693951040331518857607611436933      
   0.00000000000000000000000000000000000      
