  0.378937230032417270533346460944771599      
   4.99212372924934115482656109400056296      
   5.05665817933506871974286419572042876      
   5.12200958430050298164571591362064521      
   5.18818908993207143605746443306105019      
   5.25520797278077114246520298732358113      
   5.32307764201275932909433669251689373      
   5.39180964128559253144292814111124883      
   5.46141565064980054352182342817182488      
   5.53190748847553506035848594528768876      
   5.60329711340408200222374337348465586      
   5.67559662632407148432335414014207131      
   5.74881827237226056085187250438138588      
   5.82297444295880153058717001119396108      
   5.89807767781694302638201619997939889      
   5.97414066707714258146072858935041152      
   6.05117625336559811216285827317508070      
   6.12919743392723200067906568276942313      
   6.20821736277318540537465578911672359      
   6.28824935285290225735635432030356201      
   6.36930687825090229137838079361393924      
   6.45140357640836056344908379288584902      
   6.53455325036962737036981620812239997      
   6.61876987105383743860421763290878885      
   6.70406757955177081125206573257758477      
   6.79046068944814014104266000860651178      
   6.87796368916949019348006083750693017      
   6.96659124435790536750449401336302285      
   7.05635820027073003294216577217579464      
   7.14727958420651453852329206334949331      
   7.23937060795740692815492073624200210      
   7.33264667028821677667054035009329403      
   7.42712335944238317361247959514408516      
   7.52281645567508379331623333036154916      
   7.61974193381372623508112015110864924      
   7.71791596584606643719086160491035670      
   7.81735492353620199725435297292591210      
   7.91807538106869069896854513506894596      
   8.02009411772104647839670448477225754      
   8.12342812056486648415988644799147870      
   8.22809458719584381524113914395082205      
   8.33411092849292097419788920330958033      
   8.44149477140683906623758298238177989      
   8.55026396177833731728539066970977258      
   8.66043656718625658563262826170213632      
   8.77203087982565821948528323283926341      
   8.88506541941705731546024322276752629      
   8.99955893614489122091410185074196884      
   9.11553041362831424412876004044814463      
   9.23299907192242104201354886942478739      
   9.35198437055099657462101100961083954      
   9.47250601157088442269780336893434572      
   9.59458394266820443964629998548967667      
   9.71823836028664590165871086334741610      
   9.84348971278805705250682446725595100      
   9.97035870364638810576629142723753515      
   10.0988662946701333652309430494400894      
   10.2290337092661627804879680164481222      
   10.3608824357281802628532399636590906      
   10.4944342305619478547168952820120144      
   10.6297111218471335973829200039705983      
   10.7667354126248059203854078280085704      
   10.9055296843267705116905322274618803      
   11.0461168002348480664079271849956916      
   11.1885199089750641899502801164774705      
   11.3327624480467596760990803474471370      
   11.4788681473826169225287625836636554      
   11.6268610329500120979460247769563465      
   11.7767654303800368639951244458049242      
   11.9286059686346201972424563824043520      
   12.0824075837074448540659950134210089      
   12.2381955223599932949570423183549397      
   12.3959953458919457087679234905961475      
   12.5558329339465490458423616796877406      
   12.7177344883507057536413458610856640      
   12.8817265369897963008281072676150210      
   13.0478359377171895157506692364757190      
   13.2160898822983679439314414954157907      
   13.3865159003895809621917957475222036      
   13.5591418635509206366226966753231138      
   13.7339959892936341595235707707251050      
   13.9111068451615806955848980167558551      
   14.0905033528466157683322703427864997      
   14.2722147923374311427738706927660736      
   14.4562708061025343082286142231162124      
   14.6427014033054272107230016491900639      
   14.8315369640528634428604117728688095      
   15.0228082436765162675458765823063185      
   15.2165463770455005565964762183156851      
   15.4127828829112061413236520140649991      
   15.6115496682832037531918197575618729      
   15.8128790328357717062986213617070284      
   16.0168036733449273779696932099469572      
   16.2233566881542348374977127049638443      
   16.4325715816703060074081240616661395      
   16.6444822688860952910176405611096254      
   16.8591230799316506954289673379601061      
   17.0765287646511408302378590783769991      
   17.2967344972083506576489947770810147      
   17.5197758807112688124797634482975782      
   17.7456889518665295232087316219033377      
   17.9745101856536477085292036613732897      
   18.2062765000216120319214249938771143      
   18.4410252606060163994969993408615859      
   18.6787942854654763752653612848122067      
   18.9196218498359949048885878310780792      
   19.1635466909021673546406588589508617      
   19.4106080125815972546529008904115637      
   19.6608454903272933350369371387987320      
   19.9142992759361235349409387344675895      
   20.1710100023702153230901705138203543      
   20.4310187885877779760450994873858258      
   20.6943672443772949766278155344886149      
   20.9610974751973128329073978554653254      
   21.2312520870177945323272461880624067      
   21.5048741911610743396801315661099017      
   21.7820074091398268502856611812647336      
   22.0626958774896941341096427382568777      
   22.3469842525941335950583698247729512      
   22.6349177154974664405672540335387544      
   22.9265419767047950297139444174007194      
   23.2219032809648385432127833142129681      
   23.5210484120317120172279988366675515      
   23.8240246974051214599916509846125372      
   24.1308800130394558895256235135501644      
   24.4416627880255861485374878226518829      
   24.7564220092360456992080536618589783      
   25.0752072259296471172884289970574929      
   25.3980685543166080823032025034203078      
   25.7250566820709917057807922485279392      
   26.0562228727934159350690959050078777      
   26.3916189704149907201070953014761970      
   26.7312974035385115926766839051671301      
   27.0753111897113554073725419429989211      
   27.4237139396243494344593514317876277      
   27.7765598612304643020250589580343293      
   28.1339037637780462886013991482498503      
   28.4958010617507607750018537172447377      
   28.8623077787085553217767379162578695      
   29.2334805510218656943793230250990454      
   29.6093766314933737935703556131188829      
   29.9900538928557173199932314048221144      
   30.3755708311422532908218417370869788      
   30.7659865689187179734606377386326975      
   31.1613608583686241764366791602498346      
   31.5617540842221727905555266632074686      
   31.9672272665213638489503285498560126      
   32.3778420632085068299929967933805317      
   32.7936607725298149461930994556667531      
   33.2147463352423267528276438112198289      
   33.6411623366135067637701813106440427      
   34.0729730082020952339278630350767700      
   34.5102432294049383431970970731282713      
   34.9530385287627259653933437824551843      
   35.4014250850058131587642087977770623      
   35.8554697278295566806670693305322289      
   36.3152399383837255896766774639785947      
   36.7808038494610544733117226444330060      
   37.2522302453696730595680151744236115      
   37.7295885614733153878106730169234160      
   38.2129488833818873393468438862863366      
   38.7023819457762040076261854393877386      
   39.1979591308477099551562109905370566      
   39.6997524663359126724930981510773506      
   40.2078346231425087541297968838974450      
   40.7222789125042550046830559869116470      
   41.2431592827033963291484457699032319      
   41.7705503152932203095481674844394975      
   42.3045272208193937160738300203470813      
   42.8451658340140984482924306054613302      
   43.3925426084386831440073866558114394      
   43.9467346105546981340645389964978848      
   44.5078195131959078494061407342737443      
   45.0758755884203902286988732594634334      
   45.6509816997171991888957689094221444      
   46.2332172935421321782233313184129188      
   46.8226623901591849085143660351501256      
   47.4193975737605554281264888671844849      
   48.0235039818426076337221705974728565      
   48.6350632938103236893377022752723257      
   49.2541577187866903124045785965273690      
   49.8808699826011147741775922474739239      
   50.5152833139323595707813875890330355      
   51.1574814295810379741579665422681701      
   51.8075485188480431090640125862440172      
   52.4655692269942539818903403629297470      
   53.1316286377575098996225603556326777      
   53.8058122549035324193207252698729728      
   54.4882059827872771501283309530311275      
   55.1788961059012859284069176304854388      
   55.8779692673870955920983685723555752      
   56.5855124464860842747542210325377852      
   57.3016129349048647333761746451361417      
   58.0263583120695438825261862393452972      
   58.7598364192428082714461203618136195      
   59.5021353324737018887306485422745896      
   60.2533433343505159919978257967193246      
   61.0135488845205475966523721610059834      
   61.7828405889415730381025913223281832      
   62.5613071678207125885498777610901123      
   63.3490374221940053535603259706864659      
   64.1461201990934519387309049135722715      
   64.9526443552405056971738767970362460      
   65.7686987191978758843741450457223128      
   66.5943720519024743856998780655006259      
   67.4297530054925117658418981828189864      
   68.2749300803316748257269434901837714      
   69.1299915801213359617759687384707239      
   69.9950255649807771577983658708319408      
   70.8701198023622320172050299693601816      
   71.7553617156555696500142151828624144      
   72.6508383303243819825422751249471239      
   73.5566362174026972679634359955745953      
   74.4728414341703976158878021569038567      
   75.3995394618132696777985539691968735      
   76.3368151398647901411752058422132534      
   77.2847525972183740720784455725118119      
   78.2434351794927854190454425676135034      
   79.2129453725304311944859823084258130      
   80.1933647218073363090796595535118493      
   81.1847737475380036046876974813550966      
   82.1872518552638519665135687801753323      
   83.2008772417272059258998182860883729      
   84.2257267958481492286572800190874148      
   85.2618759946426109005154440787727793      
   86.3093987939479711383586096523357589      
   87.3683675138530210840588874689666667      
   88.4388527187678879721850378437289301      
   89.5209230921116297028117478959103132      
   90.6146453056436337380378112787277881      
   91.7200838835176538524340948394724716      
   92.8373010611940376437986418354399828      
   93.9663566394061043468206948567753312      
   95.1073078334394040598519628035741572      
   96.2602091180463982203337907131106217      
   97.4251120683830485279841053648388622      
   98.6020651974163749302148693689667812      
   99.7911137903114624994300003490749461      
   100.992299736360072379843480937738922      
   102.205661359061463974992447806420559      
   103.431233245004345310843068332054893      
   104.669046072227882971786565897080842      
   105.919126438755778790649376832293597      
   107.181496692000649730572256958489087      
   108.456174759723407329076254049677930      
   109.743173983204821974761680225629573      
   111.042502953242096615891118384948069      
   112.354165349522922012869317958869386      
   113.678159783853257554419057772359924      
   115.014479647624516269581352396183703      
