   131.058687000000000000000000000000004      
   131.056426919359621382945413343158401      
   131.056353427175407875830443106460581      
   131.056277545208704321257699193008912      
   131.056199195749745921029866824164316      
   131.056118298561840187864745429645490      
   131.056034770799197560859780245612358      
   131.055948526922090077559043503569675      
   131.055859478609251217689060388525820      
   131.055767534667427208348585515195066      
   131.055672600937987163285046923904715      
   131.055574580200496416879467573817021      
   131.055473372073154303507686638796501      
   131.055368872909994421863769946165412      
   131.055260975694742108333192143140585      
   131.055149569931220420193332641264098      
   131.055034541530192394791284450513358      
   131.054915772692523701284162197026091      
   131.054793141788546033287539638450224      
   131.054666523233497700004341258468356      
   131.054535787358913856114965179419583      
   131.054400800279834662785568086390603      
   131.054261423757695389347460625327815      
   131.054117515058758043130478293926905      
   131.053968926807939549068422002272928      
   131.053815506837886786359359730119355      
   131.053657098033143921829854740327521      
   131.053493538169252453735154333102305      
   131.053324659746619190380057916706360      
   131.053150289818982029853239108971637      
   131.052970249816297874844069306235270      
   131.052784355361871304289896727251706      
   131.052592416083536725633461800967140      
   131.052394235418700641714642017170427      
   131.052189610413044378541575229382577      
   131.051978331512681127944174593045129      
   131.051760182349554455759497674322564      
   131.051534939519858504868546971815547      
   131.051302372355252976009812536973470      
   131.051062242686638590517687347267771      
   131.050814304600251120417279957490505      
   131.050558304185824204848885167864203      
   131.050293979276563049539511335792484      
   131.050021059180662719667502760474632      
   131.049739264404096077391060176080729      
   131.049448306364387474664702091330177      
   131.049147887095079080593420956286165      
   131.048837698940587191018736971958829      
   131.048517424241136026532892992043558      
   131.048186735007446363598512495849985      
   131.047845292584845851504875704235930      
   131.047492747306457034773886859695405      
   131.047128738135107915244748937029024      
   131.046752892293598338961519890994372      
   131.046364824882943568334804412997159      
   131.045964138488204087635950442380822      
   131.045550422771497977100283653469639      
   131.045123254051779064746126319377861      
   131.044682194870950512016264454648647      
   131.044226793545869495638692556906210      
   131.043756583705784199353096901520275      
   131.043271083814729410561853221419547      
   131.042769796678391613261375286502519      
   131.042252208934938564016719531675882      
   131.041717790529291915971734495707472      
   131.041165994170304500121414308442049      
   131.040596254770286365948287128875476      
   131.040007988866305607111816618776780      
   131.039400594022671333667090879726374      
   131.038773448213986881162734017598262      
   131.038125909188141449192683262055324      
   131.037457313808587817175168706813510      
   131.036766977375232572265241418653319      
   131.036054192923243381650689418431396      
   131.035318230499055226604925654620652      
   131.034558336412834165414818098178344      
   131.033773732466633082753757291965729      
   131.032963615157448989540237473196185      
   131.032127154854365734316713709701270      
   131.031263494948939448380365664616484      
   131.030371750977956645118595147246493      
   131.029451009717666601185793539941520      
   131.028500328248560434329820281343023      
   131.027518732989739129920246123155230      
   131.026505218701881624656436568065730      
   131.025458747457791899648240526877969      
   131.024378247579470833134560690515361      
   131.023262612540624281533740321315886      
   131.022110699833483461197181402307328      
   131.020921329798777155914983999255228      
   131.019693284417657539472014257341721      
   131.018425306064342439729962768008849      
   131.017116096218196640914310768183086      
   131.015764314133933282815851556787490      
   131.014368575468573526936008332553084      
   131.012927450863758376291890838729797      
   131.011439464481960812300859259338473      
   131.009903092495099202060663967019858      
   131.008316761524004184082732363064162      
   131.006678847027140910203474903476932      
   131.004987671636936554448922705331004      
   131.003241503442009342842891429693806      
   131.001438554213539956578953719117730      
   130.999576977573968957885746510427615      
   130.997654867106144824722576460275343      
   130.995670254400986196662046130377612      
   130.993621107041658967495785489218503      
   130.991505326522203845754811051329075      
   130.989320746098482875887178528291195      
   130.987065128569244101537046604762887      
   130.984736163985031987240202944254723      
   130.982331467282597322602572939140489      
   130.979848575842384037988117528544160      
   130.977284946966591584778040549478729      
   130.974637955275230195700897143631103      
   130.971904890017502358276251262401315      
   130.969082952295757121057597636535947      
   130.966169252199174319301286817498920      
   130.963160805844243362237494878279581      
   130.960054532319005773605666372805689      
   130.956847250527932122790663377964632      
   130.953535675934202224828832753582614      
   130.950116417196052419535181377911499      
   130.946585972693745255434993297428507      
   130.942940726943604891967856135940755      
   130.939176946895445878858890092895001      
   130.935290778109603556180602098457224      
   130.931278240809651020167444869141737      
   130.927135225806760292025446955772732      
   130.922857490291533879426863301827181      
   130.918440653488997198480896205705614      
   130.913880192172302188735069466688944      
   130.909171436030547761677076127155746      
   130.904309562885973326096523987529819      
   130.899289593755627378534276955355444      
   130.894106387752453875923299929135789      
   130.888754636820574657301511751581909      
   130.883228860299376383742735660569685      
   130.877523399310835146518691919445237      
   130.871632410964330873430990438598657      
   130.865549862373016756856878129541943      
   130.859269524475615942927595085630465      
   130.852784965657318461770987776044619      
   130.846089545163245639841389218851019      
   130.839176406297736806335084765546860      
   130.832038469402493769003053434509451      
   130.824668424606392065704174980105939      
   130.817058724339534164867708498212011      
   130.809201575603878351187975425931316      
   130.801088931992527745104390325866869      
   130.792712485449506510633816747711750      
   130.784063657761584542325748700683547      
   130.775133591773437516338679669657267      
   130.765913142317145861872731235114714      
   130.756392866846743667285760113216732      
   130.746563015768226480579268601172188      
   130.736413522455115087236161881152029      
   130.725933992939350330235728086509498      
   130.715113695266961547687431703083874      
   130.703941548507607902416024412328672      
   130.692406111406737413425755044770212      
   130.680495570668742508468576836541740      
   130.668197728859113025133744068533641      
   130.655499991913197407969828713671233      
   130.642389356238779981566651204613918      
   130.628852395399266211692298012143798      
   130.614875246363838372511883032037567      
   130.600443595310500577770542609816117      
   130.585542662967474253461396299890046      
   130.570157189477932360010355156122962      
   130.554271418772572529236447263600831      
   130.537869082434025265387900554897082      
   130.520933383036572954254191186601279      
   130.503446976944118096772129389611774      
   130.485391956548784383409415638813886      
   130.466749831931961384758139513581970      
   130.447501511929012165564323050592358      
   130.427627284578252428142701356596510      
   130.407106796934179231367012482868231      
   130.385919034224276267436841896901296      
   130.364042298328050443656116571123357      
   130.341454185556260422088321817082294      
   130.318131563707581105366132662577555      
   130.294050548379208088201248075289447      
   130.269186478507142063471147548927383      
   130.243513891111104296719086062912956      
   130.217006495218219755614928525125456      
   130.189637144938763467240277955218403      
   130.161377811666397314710268891549648      
   130.132199555374427886348474136383071      
   130.102072494978690237195605337370814      
   130.070965777736706566004661481596110      
   130.038847547651781872174180174957159      
   130.005684912849679625585801807889476      
   129.971443911894468314465177903573000      
   129.936089479009043354664523628104769      
   129.899585408164707135621015861185889      
   129.861894316003031794950613124797041      
   129.822977603552033469110821295009539      
   129.782795416697452037159156644911052      
   129.741306605368655493874732777659937      
   129.698468681397371751809218275988249      
   129.654237775006091531146568227742897      
   129.608568589881582659699594279097319      
   129.561414356787507135816346342590340      
   129.512726785668636220538992918948905      
   129.462456016197614089929167077299562      
   129.410550566713625612102526819829181      
   129.356957281500676982816622661264758      
   129.301621276351497571931529182888905      
   129.244485882361315659372813171381400      
   129.185492587893947975408001938689937      
   129.124580978660771249672224363207818      
   129.061688675851211399651141461011334      
   128.996751272251390573125289238403959      
   128.929702266285511956918963223487101      
   128.860472993912434966249330472631650      
   128.788992558307696956498467930500423      
   128.715187757258969702952746206393317      
   128.638983008200597251446437591574478      
   128.560300270810443955862973523108653      
   128.479058967089785111062761981278992      
   128.395175898844395005481590895049623      
   128.308565162482325816706800398459355      
   128.219138061041122830282480702342495      
   128.126803013354384162686127027702286      
   128.031465460264643608215030792886852      
   127.933027767786530406294536302511975      
   127.831389127121036542788838865645379      
   127.726445451418497457846004561693531      
   127.618089269184562431225727812250807      
   127.506209614219993044138034388975194      
   127.390691911981578453682422009143639      
   127.271417862247791126854774129321900      
   127.148265317969022412412252549224420      
   127.021108160178330005232459871295301      
   126.889816168834594977731603313392619      
   126.754254889465820484859452022172583      
   126.614285495476003227260875502904820      
   126.469764645974567876762384931566421      
   126.320544338982769381557746929579905      
   126.166471759866733679595051534507847      
   126.007389124841919009280676649789555      
   125.843133519388732710626703783482409      
   125.673536731413826988505357261521299      
   125.498425078986216225785986731074019      
   125.317619232471802577321684430468405      
   125.130934030884160056340957816257095      
   124.938178292263504268087805329248237      
   124.739154617889659285813412927772569      
