   525454.525862565396802216791768930826      
   450391.254384831389346456983805652030      
   300333.976388407996886864380158085363      
   173314.181694282128951551801640854162      
   99811.9116261987205061405966414993355      
   57123.0314985397812431819768948727954      
   30201.2657796125964988205902283872316      
   14827.5984161550871316579764344472581      
   7358.37521446648074109443053127660856      
   3596.86081757955118333031038396116563      
   1767.80905346561300116335882744386763      
   981.917352295007881917023747559442538      
   595.096645987114841419462877940641296      
   359.749887965245001920313348679745196      
   230.970682277013432817862856269447578      
   136.344731686835934035752653738692626      
   68.8733366193680206052085414959271499      
   34.4062218784513380576197574368278854      
   14.1422039368126738663988449602334557      
   1.51796900959013119214756748141065588      
   0.00000000000000000000000000000000000      
