   626.778067026173310651030607075557203      
   564.177586031186894821051498299298625      
   426.604176188470470941494169828600684      
   297.214051463713119810505382603222759      
   195.518600596094299006091767640795150      
   119.770653017137616688477655240557289      
   68.5785305993392295767984856521889401      
   39.2339442715040260249560812981913452      
   22.4482244157456251671958923005752490      
   13.0708323978454278343981060758745214      
   8.06078114542742043387465076473058666      
   5.21390327133159227367206684279066575      
   3.26029631198515967783586799888442366      
   2.04005449273364645276826482710724558      
   1.18174140374152188896294642873478483      
  0.602903580787785093012673721430682932      
  0.272776525829282328724595403810167299      
  0.113137631494501390931190759681867642      
   1.28184049698722189559127920652455384E-0002
   0.00000000000000000000000000000000000      
   0.00000000000000000000000000000000000      
