   598855.616088380218088296995549976325      
   412999.397846893135926864656099802622      
   178526.757272755456497890273922424591      
   132205.500337421313651368406411796072      
   96396.2335739299907146172058787808206      
   47817.2734677468400465690100267412111      
   30263.0577814142845125734271370606187      
   14700.8393077750068021038886766572690      
   5955.08079818477960517123736185343927      
   3194.71039943636402303422231095409486      
   396.170518154373063368831498278963774      
   319.279869762966259185111357848634217      
   65.7506494059566976742073580792949385      
   1.78148505961398741718040777579896547      
   191.392799119155760608208865365188264      
   51.2430552884519980511787877845322252      
   113.553080822048074425097058092098326      
   47.8212141474134664797533868504069502      
   22.1908154706171534391126869333697411      
   19.5196085057999100683466748833420277      
   0.00000000000000000000000000000000000      
