   19914857967.8426171969615271056547244      
   510825307.539194443378722740954909407      
   313454956.600444294341069852690241565      
   149300919.469350629218385197629149276      
   65357636.0044818771182405532714260648      
   31481518.3277286813306194504647884390      
   15844719.3295818890734247555746371565      
   7307466.91736218859449066725981903033      
   3178315.64498482084379288100543465651      
   1395545.18046773020788501611791261766      
   585082.607924833874369680581612924930      
   241949.824190955514876079340640314908      
   116379.135410372176796004810662681415      
   62151.9920411709949864425136311168549      
   36892.1517905175470953713166618755099      
   24032.9793683637529352322635299582620      
   14008.6432207898975419172112773868398      
   7619.28108233048125062162788297219391      
   4099.05477123705560233177940673571239      
   1475.67642722301500899900171055924861      
   185.169715475582368885074059499083968      
