   157.330016402440159708965758605296958      
   131.677818501222838845119367459181815      
   102.372882747150634807403942734907153      
   83.8017685320005926306926396414552960      
   49.8861203864431240557568709696189629      
   31.9972677295559492281414204564643717      
   18.2634910421439822561335223645698764      
   7.70909368730955122969167804554953302      
   4.48501192617182819501971881681408118      
   1.45517509323959471151180910817049743      
  0.580198620446072630406510161673317259      
  0.929608761690317914445147424808025048      
  0.162745079668040472759871643480372836      
  0.737399772630774806599751703117288735      
  0.242272832882425609903937432982330896      
  0.310263207269939842916612650636993985      
  0.176567519296377848819825400668188864      
   4.83695281757624064427034443160298330E-0002
   6.35238518901412438215358453777465104E-0002
   0.00000000000000000000000000000000000      
   0.00000000000000000000000000000000000      
