   158.216172920905136943645987894132959      
   130.690625789820793860840053685315148      
   103.204284296198373990409189723724110      
   83.1192461332155204401356662290511976      
   50.1354104063422494279202792174210628      
   31.9579409312268890531342930814122360      
   18.0824404691546125772929051918179807      
   7.78121774136940009713385331027327609      
   4.45373286887659542369784858609806158      
   1.28681909275572520938606561954113135      
  0.749814687734115554777607183057148297      
  0.687535605433590586376920710493781495      
  0.297888370257231431979150267197775726      
  0.611452556254539312668618669304554133      
  0.255301131715286846758971392112065550      
  0.294476587278959049049250666034235367      
  0.133843762856260574149629398944050697      
   6.10014327530082446204843407421155105E-0002
   3.53906554016770020655609111924280858E-0002
   0.00000000000000000000000000000000000      
   0.00000000000000000000000000000000000      
