   1.11449120603813789153009301038963794E-0002
   4.53467176686825383743502398450577123E-0002
   4.87074751916355840589251876213258077E-0002
   5.23178868571849219068655570703215610E-0002
   5.61963215564448088391303861821381971E-0002
   6.03624742557891727610837539511918098E-0002
   6.48374602172907021785776654225922943E-0002
   6.96439154017354813980265354673851212E-0002
   7.48061034514672925448064719072023166E-0002
   8.03500296708915755698115348144730045E-0002
   8.63035624420147471721283586747929594E-0002
   9.26965625315963602704784607027688378E-0002
   9.95610207657598200045025789518005710E-0002
  0.106931204567462991431376504371448173      
  0.114843813872166069055181202924848232      
  0.123338146957355798934173381072672180      
  0.132456276742244130016044131629729871      
  0.142243238134872261123367661909490456      
  0.152747227024912582454666359328318180      
  0.164019811541554852960831969447120867      
  0.176116156216866586504755391979461895      
  0.189095259715805490060746042131768843      
  0.203020206814512480587771327881291856      
  0.217958435328506610811123345987950719      
  0.233982018711829322785330880628448288      
  0.251167965066940606629559161685117581      
  0.269598533323170060946392121122115688      
  0.289361567358700611058797102135160317      
  0.310550848857366984275082574262760307      
  0.333266469706966975285961282910356115      
  0.357615224760328282297762177369768219      
  0.383711025794105165837731136364422360      
  0.411675337513303396865304503126372291      
  0.441637636462011645318279776925847133      
  0.473735893712978144495621175771464569      
  0.508117082220807020391720193398491706      
  0.544937709736084936945251113733517594      
  0.584364378190968797874427240068292483      
  0.626574370481667180654505830659691212      
  0.671756265589854044682549944801797067      
  0.720110583004795025956221111961148162      
  0.771850457431309300988755544049383543      
  0.827202344796842729625154416346459324      
  0.886406760604985831904555863777545648      
  0.949719051724010125504056737111128917      
   1.01741020274893105752819759575703443      
   1.08976767813516095891081174650919759      
   1.16709630137418640517122070883251073      
   1.24971917256606641258087401717809599      
   1.33797862584452312617145832745866173      
   1.43223722822785504300159077216167852      
   1.53287882160594714863491960178392484      
   1.64030960973162942192495521413055046      
   1.75495929226618143909992234286965574      
   1.87728224813549554447037379592571259      
   2.00775877068724580935673276266477675      
   2.14689635740304120033471617074639270      
   2.29523105721326605333147267312702158      
   2.45332887878952593711085717731717444      
   2.62178726354995963992554351225829112      
   2.80123662750866642764398981710801142      
   2.99234197653171207311390853923280706      
   3.19580460002947075975647460416690095      
   3.41236384861794381914262333322820411      
   3.64279900181932503277945163810800008      
   3.88793123244314954176127591594865457      
   4.14862567489225125479863370420534851      
   4.42579360527057575157574269645912555      
   4.72039474183217567308567126769510278      
   5.03343967500313171031687583078401635      
   5.36599243693731964921520642213188142      
   5.71917322134565139953788180155376369      
   6.09416126519485726520838477632986001      
   6.49219790485453198429532763813665936      
   6.91458982046138067896312442535402539      
   7.36271248379342870836646765382784145      
   7.83801382698872196809260118244655741      
   8.34201815225248607510752837868624710      
   8.87633030657478107253822230384307428      
   9.44264015072721787923441683066715122      
   10.0427273585762672394772318180421709      
   10.6784665907754851633854696580455402      
   11.3518330950198014616911168851798360      
   12.0649087905734932992252938087852849      
   12.8198888929332574686767029435862100      
   13.6190891185675834505987908986543854      
   14.4649534733637852893212395312733296      
   15.3600625716059553610675337994056556      
   16.3071423701531279360468203772836759      
   17.3090731715669317032469017204628152      
   18.3688987981090251892242263524611344      
   19.4898359880709095173175998586236748      
   20.6752842682561065076390462471156170      
   21.9288366954448977443320503237306376      
   23.2542918399487512587410019617635327      
   24.6556672353822459039523425012083349      
