   525098.146731697995306287478360921643      
   452241.802857543152676611945800013768      
   299384.504684876505481080554039163990      
   173105.259187826740864705124168369346      
   100102.938751229550289154439214521460      
   57141.1853739667462270147668513016612      
   30072.6961480392615535245348356727229      
   14907.6592047385018498617877815732263      
   7327.38119655490966450938345658407493      
   3598.95464679664566176018508896152498      
   1770.55771863980023013007222885829541      
   974.706027825960068877208049369536191      
   597.373023019622807244733035535983800      
   356.795767065338761567002509023983594      
   230.449568879385565867484412988691865      
   134.589176784902761540937632138939139      
   65.8115834261549892841868679191220104      
   35.8235880674966635557564084880589849      
   10.4844193315648228972044533838268874      
 -0.464849638577844333783689204934069852      
   0.00000000000000000000000000000000000      
