  0.463401232417349211501049189793275102      
  0.472491535665028627765016649502205368      
  0.481764594039500556382479608498012256      
  0.491223418961058656104957488800057298      
  0.500871150165842240176218207208835714      
  0.510711051434235669107047709927617572      
  0.520746506636394915559806696284316806      
  0.530981016127762626173411187882454199      
  0.541418193518735774071625064410576015      
  0.552061762828336479065255968483623197      
  0.562915556025921281929097268318462082      
  0.573983510953168018193121231186486454      
  0.585269669618143865789311788841287946      
  0.596778176844514633893276173482839585      
  0.608513279257960287015013337113280783      
  0.620479324590448949701995812231231572      
  0.632680761278736082717332079126225711      
  0.645122138338435823690891562076900919      
  0.657808105489742376839770865817967683      
  0.670743413514622024425209935090961915      
  0.683932914827054401064510906169697189      
  0.697381564235671562917174929843175913      
  0.711094419883791244362880015813334995      
  0.725076644348882533325827995085781113      
  0.739333505889668663176437677987363052      
  0.753870379826145631235422650232403261      
  0.768692750041777551297551637693814587      
  0.783806210598192037018844936710769550      
  0.799216467452229694597747469926585835      
  0.814929340269593415572995506571670904      
  0.830950764325725040463918950372328842      
  0.847286792490831018297646234977004508      
  0.863943597292055461956658801785098867      
  0.880927473049497986217244806183668329      
  0.898244838082553114354692474055711079      
  0.915902236983263189608125658889680404      
  0.933906342954926235765045281789307151      
  0.952263960212705027637937290925891335      
  0.970982026446728867531691833892880187      
  0.990067615344195285738565942242735779      
   1.00952793917151482821767485409910889      
   1.02937035141476624464262429208945141      
   1.04960234947812678988024430900268028      
   1.07023157744098783674823907980703019      
   1.09126582887256619583101323448401299      
   1.11271304970497237100142122720370023      
   1.13458134116473386133646455531741672      
   1.15687896276312958233461837623239453      
   1.17961433534594547276856913958044850      
   1.20279604420327002715840335001999658      
   1.22643284223969686115480646742174602      
   1.25053365320622966347528338938113168      
   1.27510757499385400389078054981104901      
   1.30016388299057707591400176961590665      
   1.32571203350202665291397829576799144      
   1.35176166723693497165978025133559738      
   1.37832261285840761858377365495312631      
   1.40540489060191841871771701032665211      
   1.43301871596097200374735464410663250      
   1.46117450344195599277877730194089285      
   1.48988287038839012959044550970431444      
   1.51915464087662246887414150151541386      
   1.54900084968338810576634440701676457      
   1.57943274632670844627474085823864831      
   1.61046179918127097263072896747823709      
   1.64209969966917119011659875912517347      
   1.67435836652759844712751338448691247      
   1.70724995015444842586594871771256478      
   1.74078683703300931748273298820245691      
   1.77498165423704800078858139765606373      
   1.80984727401744000041020391151780222      
   1.84539681847177601999831106974987459      
   1.88164366429771650022021916434566375      
   1.91860144763203461521403562997534780      
   1.95628406897579771426067531830915117      
   1.99470569820768446304517851330529690      
   2.03388077968609883686931363320302782      
   2.07382403744170017308764136159462793      
   2.11455048046145693728874979049967100      
   2.15607540806545123633742281827584603      
   2.19841441537775209816415273363345863      
   2.24158339889252942957492402001604417      
   2.28559856213665609234645216503209849      
   2.33047642143006941963795777179587738      
   2.37623381174491533598686750216018723      
   2.42288789266494636036821333566910231      
   2.47045615444612419033270075213230378      
   2.51895642417955288239037200437106219      
   2.56840687205811469339545557368616974      
   2.61882601774765040265537003100603980      
   2.67023273686391894666676487314842277      
   2.72264626755622280700255838131758651      
   2.77608621719893213607498293351485683      
   2.83057256919165071658190190646887513      
   2.88612568986901266746193849916765491      
   2.94276633552106690010971767697109189      
   3.00051565952489700853587351167423790      
   3.05939521958842953257167104852684966      
   3.11942698510692928958956172017465966      
   3.18063334463298350202379237732442024      
   3.24303711346030287044988227412141956      
   3.30666154132208118397256280184023981      
   3.37153032020403110914979814107562280      
   3.43766759227251091242322588992407523      
   3.50509795791789115733395885488691567      
   3.57384648391315059895050156988123515      
   3.64393871168776179245830777666261154      
   3.71540066571653563348283830901714346      
   3.78825886202317516907757435283232633      
   3.86254031679796365773470386727466383      
   3.93827255512903045645218768211093071      
   4.01548361984625886819486368681662705      
   4.09420208047683945452807370844257015      
   4.17445704231130707343623761494870443      
   4.25627815557844927972286939715152420      
   4.33969562472759266307034712376249422      
   4.42474021781617904233090361235263260      
   4.51144327600048541401576941126314896      
   4.59983672312699976468155825780519338      
   4.68995307542165207908693091400995044      
   4.78182545127368311772478647820018340      
   4.87548758111082544926846589988211073      
   4.97097381736177199097837355832120320      
   5.06831914450174548839179649952723498      
   5.16755918917652248010741621431027906      
   5.26873023039963027388704116142150302      
   5.37186920981719885418153117586573170      
   5.47701374203425982616581003609508469      
   5.58420212499575885139476319199390131      
   5.69347335041502058403521941850497547      
   5.80486711424165133227642493496715864      
   5.91842382716038291861648200292430869      
   6.03418462511142014991280555237082330      
   6.15219137982226336679026044378303359      
   6.27248670934011399215798109579422792      
   6.39511398855307867356491674803114541      
   6.52011735968749448184881678400311990      
   6.64754174276779304510236834462069608      
   6.77743284602409735127128939666211699      
   6.90983717623192045433423107678428611      
   7.04480204896686288302973866757151728      
   7.18237559875626863987482257214711062      
   7.32260678910820253804443602492831727      
   7.46554542239696218849139093920767212      
   7.61124214958268883768329736471850543      
   7.75974847974114476283954046423696221      
   7.91111678937810582652333037498269465      
   8.06540033150096989678785649379604250      
   8.22265324441840404297047310383286864      
   8.38293056023688449425459871477507638      
   8.54628821302088513709504957030983809      
   8.71278304658128697568450846927501448      
   8.88247282185435972195548385871294640      
   9.05541622383109972417656445869865713      
   9.23167286799431493868213989783242508      
   9.41130330621804743011173632141894939      
   9.59436903208116976827694067124956285      
   9.78093248554404791261664600851418053      
   9.97105705693403252281428842102277894      
   10.1648070901823420415099351433113399      
   10.3622478852515492365565399935767350      
   10.5634456996893308107201993075533480      
   10.7684677492405210825913776967832928      
   10.9773822074457441384616701442812659      
   11.1902582041509501175192028744886475      
   11.4071658228481824783884175390775241      
   11.6281760967637680231325237667585740      
   11.8533610036058568166416614422211561      
   12.0827934588789614856800532486841509      
   12.3165473076687521342443217750745950      
   12.5546973147959934607985431977472867      
   12.7973191532341016995834771700543355      
   13.0444893906805504599889518713178847      
   13.2962854741679529858127651921136275      
   13.5527857125968929163473538993937745      
   13.8140692570684381048882345093938143      
   14.0802160788910861776062512164108054      
   14.3513069451337199216484071845955770      
   14.6274233915937810555984826099282099      
   14.9086476930481804206524538024093070      
   15.1950628306536218850689386556254360      
   15.4867524563634758614568020497569034      
   15.7838008542299715812502230964872953      
   16.0862928984638718696820519540985290      
   16.3943140081293094608364906453051909      
   16.7079500983590563403314780166444400      
   17.0272875279862972628242936980003236      
   17.3524130435027143321910255208371582      
   17.6834137192706989473340710990087399      
   18.0203768939396968145913375114588694      
   18.3633901030443884942676662394797589      
   18.7125410077959591397783477079316257      
   19.0679173201183600378819074645019330      
   19.4296067240296948103368839486329182      
   19.7976967935265232010382560142876517      
   20.1722749071959001091691029912785726      
   20.5534281598590500742871484761815215      
   20.9412432716415792881656373097715239      
   21.3358064949707997732668591054259155      
   21.7372035201212700524366210519969672      
   22.1455193800677941307374798263878207      
   22.5608383555617655345298141848354071      
   22.9832438815238000346988232328704900      
   23.4128184560455027185345111957441038      
   23.8496435535165578388452130823059047      
   24.2937995436440514450746669607934491      
   24.7453656184095196414302179247703262      
   25.2044197293188069197642961038788731      
   25.6710385376427639601120175200411008      
   26.1452973807254819548996509418746685      
   26.6272702578532225931661960211814139      
   27.1170298396348754264500741813120232      
   27.6146475053448352380342957196555070      
   28.1201934132239087794643610588328914      
   28.6337366093247256207095124681772058      
   29.1553451811242627121666937977064631      
   29.6850864628069694717026353940876092      
   30.2230272998433326935740791520145258      
   30.7692343812447398981157995912552415      
   31.3237746486554682020259659826517923      
   31.8867157922330660932932620698152954      
   32.4581268440490872664621797743222501      
   33.0380788804875621967784023526952456      
   33.6266458457964475336445662744358329      
   34.2239055095178055287257137356662495      
   34.8299405709386210327050086832468647      
   35.4448399239119455466890221527928273      
   36.0687000953373828431617559757400169      
   36.7016268701962650683364704021570109      
   37.3437371152439491081315972421794798      
   37.9951608122047466072878452530941186      
   38.6560433095354941243962418241822656      
   39.3265477994741882238902076919289268      
   40.0068580241402065767442655369182711      
   40.6971812108953876847124596459054704      
   41.3977512330330112865151670119746727      
   42.1088319871914532102982223932501492      
   42.8307209737865141301228846518334821      
   43.5637530613569301113560147964663348      
   44.3083044101967268897298967601453367      
   45.0647965252163467764210019999939248      
   45.8337004028705061869183421976952943      
   46.6155407324698125644745705220463263      
   47.4109001085144639756486660715392925      
   48.2204232080986767223025111404906418      
   49.0448208861520588998426719916922275      
   49.8848741414830319778527155661442744      
   50.7414379083842535578518019430430647      
   51.6154446319950712559857524841809792      
   52.5079075906563138818571025376779996      
   53.4199239350218548198196797145780021      
   54.3526774215082398130965038654145640      
   55.3074408264926787223105773084446731      
   56.2855780371673880934957693178514170      
   57.2885458247297109723457582414218197      
   58.3178953152087628016981414173321618      
   59.3752731822714745818643353296730270      
   60.4624225944128473873615655064442897      
   61.5811839556766270225904104974935150      
   62.7334954842296657561353734701073459      
   63.9213936766116557327774927154623500      
   65.1470137073450705005902316040517937      
   66.4125898140396357851889370616479429      
   67.7204557175743631407990457335023618      
   69.0730451259969729289205004920554530      
   70.4728923702541917217741568128332705      
   71.9226332207725801526320119919629370      
   73.4250059374931742267943430344978147      
   74.9828526137387150993830814845049950      
   76.5991208881257951896892128023198619      
   78.2768656020703729981170926113289554      
   80.0192535991245258455157868767690842      
   81.8295642910947739255940117496183870      
   83.7111961641744469531557472991140954      
   85.6676722224180689380764445568781829      
   87.7026477265986424941573391723708662      
   89.8199203731327702055375712520266865      
   92.0234437339038956402234492585958894      
   94.3173450186584238092720643987661972      
   96.7059484962158835919898930535001226      
   99.1938061985750853358021018651459844      
   101.785737792223991062440095865959874      
   104.486881664058698298738796688373895      
   107.302759230282403145215155455496332      
   110.239354093900521294126699175745205      
   113.303206783596703321019617318261659      
   116.501524246241623300050061958139885      
   119.842300950366992455299386651417687      
   123.334445461849177544086446914453246      
   126.987903004437537543413294643505366      
   130.813761458231183529443375804435664      
   134.824326390312526133805854386931011      
   139.033151038293833073665938432533717      
   143.455010387642436463609939109403867      
   148.105814618143942438440422255264925      
   153.002465288442110277336056768700594      
   158.162665788010173420456379355168222      
   163.604703465455877161589959918687291      
   169.347222473967080355303507921412053      
   175.409003047806847495036512861056165      
