   635.566086886549253563866431596029844      
   562.413809085278618751896339887624579      
   412.220513996146084643435503089909700      
   275.593203862797157352995624038496720      
   178.692433842229967800640862026856048      
   106.829569808212074753982214659711867      
   49.2291216337237183315785523260175317      
   20.3043781260321374339134624482597015      
   9.14854298738990320725772975088557877      
  0.182328082716489408214098693782284167      
  -6.34789935555792256259939357054130550      
  -5.51193611977426735736852448207862454      
  -4.86116807394162334376962040774000329      
  -6.19118561893304205460727523017642024      
  -6.87941947790837841595390195548497146      
  -4.23771915059269436336334365760936877      
  -3.73842890332028277778682452044962803      
  -4.22584929045523635475803785873018471      
  -3.11005617364255558857784727165886609      
   0.00000000000000000000000000000000000      
   0.00000000000000000000000000000000000      
