   634.641173217550111403345988481424765      
   561.509932577491891279459962026148007      
   411.503083655842245396090614229874531      
   274.758606246621669247636045962530736      
   177.649870495204051216534828114380907      
   106.227687270211662369961478545858383      
   48.3326616239231530856855556085412428      
   19.7047238257369026906189074492935763      
   8.07351354436976480953871830176579797      
  -7.57711728824659363453932004676295597E-0002
  -7.38112182789979075865478664936751269      
  -5.80037079753403011989521778916023091      
  -5.79825120436023464625159387913506308      
  -6.26991243341018761465431923555450694      
  -7.72342986395535401123421267782633547      
  -4.36921222216762297888341893074455729      
  -4.27747328198517336245991371008679201      
  -4.25533266903210680736612448611618430      
  -3.54633000109536340090053944628839288      
   0.00000000000000000000000000000000000      
   0.00000000000000000000000000000000000      
