   1.14106246197215123306231928783589661E-0002
   1.33129171735461407603111800132919317E-0002
   1.58084233516491037223320717464656646E-0002
   1.90292138391246154075131921659106306E-0002
   2.31325761039950007258175476853723071E-0002
   2.83049541736141972561983090957286882E-0002
   3.47682873110834637454652298996726423E-0002
   4.27912773776160965731906356782205236E-0002
   5.27056697281873330550210209914775757E-0002
   6.49252132626953734534774782056638231E-0002
   7.99658689848750864414512683692525139E-0002
   9.84682429607654190321969223732392050E-0002
  0.121224403792391228879416142117230251      
  0.149211161900724466794112512048793189      
  0.183631603788667935814615457540622994      
  0.225966709692584403654851116297623041      
  0.278039231975168028218094405421866602      
  0.342092561163254484389020683064573609      
  0.420888003166727389015579608155595325      
  0.517824740746277816930620966434253226      
  0.637087791727403319645809048655420722      
  0.783830559054880490165769340575927155      
  0.964400160043266616875788189593628950      
   1.18661570639920135760456233907586600      
   1.46011218571071178494434015631011245      
   1.79676569893783230901563326769218261      
   2.21121970121907732002346616644749990      
   2.72153678234876313914047087384506624      
   3.35000666857382830553000073361591449      
   4.12414885064425560426785668135155765      
   5.07795793384136983061201077926538666      
   6.25345191916803971181996952095272296      
   7.70259866095353900276313866032793649      
   9.48971418211837657239384354778985443      
   11.6944486330726844506397886425896911      
   14.4155010727828083585597643112848845      
   17.7752311675985852306133029563497634      
   21.9253611307611567399259570893219181      
   27.0539848621908804510794189011418387      
   33.3941451313516286075970678684270810      
   41.2343825737744290282264619460550981      
   50.9320485073338336677788942169417613      
   62.9308735585757060713711017176313764      
   77.7848043867700062552267687937663251      
   96.1886301329713174188056583103364959      
   119.008751888672356083251283874966363      
   147.290273541021323580302946683099694      
   182.188647235917934015612931623211180      
   224.746262618209713332807923362294918      
   275.444089509006380304453207410869070      
