  0.303598515542434963227379547371091511      
  0.195517982648939396424004992997346735      
  0.180923910062855166642957721680285666      
  0.163181578179832001561334122735516875      
  0.140832516054770422187421936094724196      
  0.110765588174037222182376141314126083      
   6.27117561874215629447757422985082555E-0002
   4.62873111197469090127576296792329502E-0003
   1.67684906268361174080510965072190550E-0003
   9.74429902283804879443626874047645228E-0004
   6.61244112259703675076476855743448054E-0004
   4.84790528500641195599276859465756790E-0004
   3.72154762958318167279544424554516092E-0004
   2.94457720348254536003932280790981368E-0004
   2.37974565277396520824407006180855906E-0004
   1.95347993193532239584511887180129969E-0004
   1.62279845137478318781605364818422355E-0004
   1.36091248935197822748811149297462362E-0004
   1.15025976221007778388669951248510826E-0004
   9.78848574854370732636905910954162915E-0005
   8.38211143515186327874476881106047131E-0005
   7.22195219027302593638257963076065405E-0005
   6.26217313276888149093474630630231167E-0005
   5.46784344569852046795481452700744419E-0005
   4.81171691722744960102113182641737253E-0005
   4.27203070602101971906012876688262008E-0005
   3.83095739794272705929964227545409568E-0005
   3.47348703945176013708804305696085996E-0005
   3.18661435495507013997099619106416227E-0005
   2.95901963343094263577285595848195906E-0005
   2.78053576740452366099178484260234042E-0005
   2.64219446434275525553267706182298595E-0005
   2.53614855481143878642039583655616981E-0005
   2.45569740519282029746034720656517887E-0005
   2.39520748363040529811137200039071325E-0005
   2.35009746058690565937023495516916735E-0005
   2.31673170687964360022413556530491058E-0005
   2.29211317345350971901579638282597342E-0005
   2.27408968792313524509053643377259815E-0005
   2.26094857468445767893522259435684886E-0005
   2.25135024196642138138571926444489724E-0005
   2.24446441406895725761772134663603883E-0005
   2.23949434649957166693079408088929344E-0005
   2.23599402244153713316068572268494915E-0005
   2.23344999272259556968049793157369443E-0005
   2.23164057656855060697163844780801658E-0005
   2.23036760496667251778828708396746799E-0005
   2.22940499816881972531925474869506220E-0005
   2.22876591246517124675491690019514791E-0005
   2.22839621665333669488360202799642838E-0005
   2.22803987881748020184751837121917380E-0005
   2.22782617703451206042085304418652005E-0005
   2.22775518007553848058339708648421059E-0005
   2.22767484795564078892045684830091417E-0005
   2.22761243739715936392778903731944211E-0005
   2.22758712847220232469055934398646374E-0005
   2.22756196881423396523110850355199078E-0005
   2.22749491117826558189982032808278649E-0005
   2.22750500063786123817878797119074380E-0005
   2.22752670914907578121331159185194695E-0005
   2.22760180320449530909555279812616939E-0005
   2.22762129410875367481451655961935124E-0005
   2.22758027360367924255266312876619128E-0005
   2.22768014474647558421076469165794235E-0005
   2.22771242248049867360066777067858051E-0005
   2.22774565483431201471824305347932789E-0005
   2.22778355444426346472767148214542009E-0005
   2.22775078027851896988502261465539692E-0005
   2.22786598099549718272604519777314849E-0005
   2.22783011584938806288721199555844411E-0005
   2.22795909017981545835707282479944256E-0005
   2.22801574173458591058494051024304838E-0005
   2.22798626107549838936770848042974993E-0005
   2.22805012595121299784958319620814998E-0005
   2.22810939397882432850962109770796400E-0005
   2.22822762171174799704758454503947877E-0005
   2.22827976741677858718171815926756112E-0005
   2.22833987827664135190718576601987355E-0005
   2.22839455670250766862750618483243647E-0005
   2.22843171674960306830992465732211278E-0005
   2.22846524134987615952977104145254000E-0005
   2.22841203127419157665042869397073136E-0005
   2.22845669591369980424974106851043518E-0005
   2.22842853124720786138209282609799420E-0005
   2.22822898176437433768160108009445088E-0005
   2.22777388615509190117041340025418033E-0005
