  0.986695175512913630488983528956047398      
  0.635433443609053038378016227241376962      
  0.588002707704279291589612595460928367      
  0.530340129084454005074335898890429879      
  0.457705677178003872109121292307853632      
  0.359988161565620972092722459270909772      
  0.203813207609120079570521162470151854      
   1.50433761139177454291462296457507092E-0002
   5.44975945372173815761660636484619273E-0003
   3.16689718242236585819178734065484664E-0003
   2.14904336484403694399854978116620625E-0003
   1.57556921762708388569764979326370961E-0003
   1.20950297961453404365851937980217731E-0003
   9.56987591131827242012779912570689528E-0004
   7.73417337151538692679322770087781695E-0004
   6.34880977878979778649663633335422433E-0004
   5.27409496696804536040217435659872664E-0004
   4.42296559039392923933636235216752759E-0004
   3.73834422718275279763177341557660157E-0004
   3.18125786827670488106994421060102947E-0004
   2.72418621642435556559204986359465303E-0004
   2.34713446183873342932433837999721230E-0004
   2.03520626814988648455379254954825103E-0004
   1.77704911985201915208531472127741942E-0004
   1.56380799809892112033186784358564579E-0004
   1.38840997945683140869454184923685164E-0004
   1.24506115433138629427238373952258095E-0004
   1.12888328782182204455361399351227955E-0004
   1.03564966536039779549057376209585255E-0004
   9.61681380865056356626178186506636833E-0005
   9.03674124406470189822330073845760629E-0005
   8.58713200911395458048120045092470441E-0005
   8.24248280313717605586628646880755210E-0005
   7.98101656687666596674612842133683243E-0005
   7.78442432179881721886195900126981908E-0005
   7.63781674690744339295326360429979396E-0005
   7.52937804735884170072844058724095856E-0005
   7.44936781372390658680133824418441370E-0005
   7.39079148575018954654424340976094456E-0005
   7.34808286772448745653947343165975895E-0005
   7.31688828639086948950358760944591595E-0005
   7.29450934572411108725759437656712599E-0005
   7.27835662612360791752508076289020391E-0005
   7.26698057293499568277222859872608429E-0005
   7.25871247634843560146161827761450755E-0005
   7.25283187384778947265782495537605404E-0005
   7.24869471614168568281193302289427120E-0005
   7.24556624404866410728757793325895201E-0005
   7.24348921551180655195347992563423078E-0005
   7.24228770412334425837170659098839202E-0005
   7.24112960615681065600443470646231513E-0005
   7.24043507536216419636777239360618995E-0005
   7.24020433524550006189604053107368500E-0005
   7.23994325585583256399148475697797008E-0005
   7.23974042154076793276531437128818657E-0005
   7.23965816753465755524431786795600672E-0005
   7.23957639864626038700110263654397115E-0005
   7.23935846132936314117441606626905625E-0005
   7.23939125207304902408106090636991792E-0005
   7.23946180473449628894326267351882803E-0005
   7.23970586041460975456054659391005021E-0005
   7.23976920585344944314717881876289181E-0005
   7.23963588921195753829615516849012099E-0005
   7.23996047042604564868498524788831316E-0005
   7.24006537306162068920217025470538570E-0005
   7.24017337821151404783428992380781661E-0005
   7.24029655194385626036493231697261574E-0005
   7.24019003590518665212632349763003911E-0005
   7.24056443823536584385964689276273230E-0005
   7.24044787651051120438343898556494387E-0005
   7.24086704308440023966048668059818860E-0005
   7.24105116063740420940105665828990732E-0005
   7.24095534849536976544505256139668676E-0005
   7.24116290934144224301114538767648715E-0005
   7.24135553043117906765626856755088316E-0005
   7.24173977056318099040464977137830558E-0005
   7.24190924410453040834058401761957341E-0005
   7.24210460439908439369835373956458874E-0005
   7.24228230928314992303939510070541904E-0005
   7.24240307943620997200725513629686714E-0005
   7.24251203438709751847175588472075559E-0005
   7.24233910164112262411389325540487736E-0005
   7.24248426171952436381165847265891352E-0005
   7.24239272655342554949180168481848143E-0005
   7.24174419073421659746520351030696604E-0005
   7.24026513000404867880384355082608586E-0005
