   24347799804.6588456058403080417855588      
   3149622509.80849620232179664443160067      
   1054008722.08317328299805551185090398      
   205749544.045650995922822144925426800      
   157224499.359251319904807574895269806      
   100108824.150755681931904109901322623      
   40849255.4281000269858799485137697930      
   26251128.7065070300151894446899145807      
   10784219.4815913649740739014577527812      
   4559281.48449221528123858007143234896      
   2228055.95063155634955724123749675755      
   184601.939741923797618640121451552718      
   208667.138690051695862446322792588357      
  -64048.0171454085285159852722190420679      
  -41597.2873916143197765788748546279982      
   52923.2948802587495984429608545990082      
  -8044.38334528600933830439183556016041      
   45320.1817176542393292981846050603372      
   10354.3813350146199761213917831694732      
   7880.67908494679618552942320473617779      
   9480.19630534722904755558795717114363      
