   599349.160100805634566238747594860115      
   412364.561664376063506131600678494564      
   179399.498037264556241938238293144792      
   131295.556732889276162296411748838329      
   97099.6950671891993683172467524572634      
   47442.4794460656612591169448462329218      
   30360.4834490519195750126597629546956      
   14763.0774845699469460582055282318114      
   5859.42243506263331627891503862946343      
   3259.92007490831701835233463321586963      
   388.274618140450123489930280135622858      
   289.187026301776216135171191701047525      
   117.519542325346319053262552227412639      
  -44.6775051890871268335356914744938899      
   228.535354113207744728253952320801537      
   32.9701810655180383112589216380708825      
   122.689892854231018274483243033424871      
   50.1304784617675243701016951264244822      
   19.9647657961213771597066218161846686      
   25.2798873568664825230530102465677457      
   0.00000000000000000000000000000000000      
