   157.449633975754185195299923034901467      
   131.571151714932231698240396119516943      
   102.455444745401664563753574272451801      
   83.7491421265050145570443641238517101      
   49.9216922115831737079526552706886319      
   31.9715317719258247922886166156720982      
   18.2905035092517603357566306857186336      
   7.68314694178039760881051031734313125      
   4.51126185479219512327300774046180170      
   1.43519760904194641769624406674276626      
  0.595651764324230009402772162336936131      
  0.921532158023937697970578804217645242      
  0.168091478879164142435825502914448118      
  0.735606250219036284358473981373500115      
  0.244467840575887759823287017660361660      
  0.309270806686307028927672534057001660      
  0.178370971334556363695682606443281101      
   4.76405685616413653595566018617091902E-0002
   6.43700373866269902589670717222019845E-0002
   0.00000000000000000000000000000000000      
   0.00000000000000000000000000000000000      
