   647.343160432633121007521929102378185      
   573.909199158608017761140402055617534      
   423.049257143352804587109567681173436      
   290.448101462904649500629261178368340      
   191.387365796778304926863697495602633      
   114.355151281317781782621449750078180      
   62.0329750174659544847265639945484905      
   33.1506643505653763426049197641363027      
   17.8558675327472163197649207949528350      
   8.84449866049122188977047025444129038      
   4.81961905098043177342496649294821385      
   3.13613795754777898769296937282517794      
   1.81546295889746281512869995436913246      
   1.17786991761199528430541105827608248      
  0.755618055616461469142998857777728312      
  0.350561638824217682127116734079820228      
  0.223485788258853512998489974131540597      
   5.36905434634329698116598498951156672E-0002
   2.81362685100477664401178849321974445E-0002
   0.00000000000000000000000000000000000      
   0.00000000000000000000000000000000000      
