   628.230512885646859717119272834381530      
   565.562275474966040106364445389048565      
   427.912999306609871650107057748197479      
   296.424032739067682701756515975838948      
   196.893629389795918031022979990174768      
   120.982507669306578223935279525538409      
   68.9109397209200190268463961463090524      
   39.8244171148547800401141122797402485      
   23.4359389621754336768237965614633316      
   13.5297574351281662340976230714353448      
   8.64179143789460484193345558561923193      
   5.87415464760180911088265270375640135      
   3.68735074110126618712353128700905131      
   2.48508484942193058187288101110702405      
   1.67250486984356896789476115935363300      
  0.878498512256418724152776189272343075      
  0.530741507703594246844402554565585596      
  0.397111371163466343111591670052609367      
  0.143729627440207301080491784308902285      
   0.00000000000000000000000000000000000      
   0.00000000000000000000000000000000000      
