   529128.637207871090589860002937199356      
   448406.185450549596088844065615866417      
   300702.832735494859943661948038399007      
   173279.374113318322119120898605224817      
   99924.3105137280476782315175116764079      
   57038.5236097340885516741570855463814      
   30225.0011108073125217976300604970540      
   14822.7514435603747636596326668956069      
   7364.93069536651915004308926079713603      
   3596.80552558640726724260605540844396      
   1763.51777915543605713448952163993037      
   985.099678631555439719785529970425534      
   597.365564032953774798144166165801104      
   358.424884162396854058660093008188198      
   230.785663575034160128761698646052735      
   138.781381194885652607490776785856275      
   68.8119017677813024308317683831885599      
   34.0342198115519882572312226940441082      
   15.5469629882457112704468500137209559      
   2.21078105950998288655873639821320736      
   0.00000000000000000000000000000000000      
