   127.637201000000000000000000000000003      
   127.635011630029018449776882389469585      
   127.634952461421268588309054535779210      
   127.634891693757996152274605568460829      
   127.634829283824079787356946460486629      
   127.634765187236492030099852073522760      
   127.634699358412736173591989924464088      
   127.634631750538430126698258657691908      
   127.634562315534014213994010401981754      
   127.634491004020559240545813077768751      
   127.634417765284650505832828373730493      
   127.634342547242322793961107421496965      
   127.634265296402020692421810654343403      
   127.634185957826557898503582688839764      
   127.634104475094048460596128000907513      
   127.634020790257782170510187748976305      
   127.633934843805015572068679760476954      
   127.633846574614649280060748489676141      
   127.633755919913761511646464588744785      
   127.633662815232966918891678384641370      
   127.633567194360568975721610110087482      
   127.633468989295473314614061227117187      
   127.633368130198828527198509087464054      
   127.633264545344360037959165520368341      
   127.633158161067361730814767659877283      
   127.633048901712309053804462587029730      
   127.632936689579056346768819519561221      
   127.632821444867580130080582120695656      
   127.632703085621229058435245446345383      
   127.632581527668440181721542977754702      
   127.632456684562880064301221452833187      
   127.632328467521968193860416570372128      
   127.632196785363738960554910646188515      
   127.632061544441997305640414778979442      
   127.631922648579721925316523324764468      
   127.631779999000668669256179682883037      
   127.631633494259125493355089981161506      
   127.631483030167769011707293566949700      
   127.631328499723571342759215240254137      
   127.631169793031704558054888695163638      
   127.631006797227388617973611495345550      
   127.630839396395627216365378739827868      
   127.630667471488774453968986651847004      
   127.630490900241873717884531914390278      
   127.630309557085708560069123311996263      
   127.630123313057503740705286953272690      
   127.629932035709212931198653835727660      
   127.629735589013327855306665628933197      
   127.629533833266141884262701073813511      
   127.629326624988399291486706053124623      
   127.629113816823259513276723422858791      
   127.628895257431503852433490336270288      
   127.628670791383910100724594991224745      
   127.628440259050718542050957477899683      
   127.628203496488110729704326951148455      
   127.627960335321620306729067636722245      
   127.627710602626392956613982714768563      
   127.627454120804210330788712615041964      
   127.627190707457190498090825194314560      
   127.626920175258075097867506681422436      
   127.626642331817010950998951887421073      
   127.626356979544731390152903074843231      
   127.626063915512040010228409898664521      
   127.625762931305496910400975764211213      
   127.625453812879204798570808670724896      
   127.625136340402589555420359221587881      
   127.624810288104067006734253498512476      
   127.624475424110484727098356134457437      
   127.624131510282224693494524473525318      
   127.623778302043849521506906990514634      
   127.623415548210171847659920949749324      
   127.623042990807623166563531770980040      
   127.622660364890795088733456479629010      
   127.622267398354022551805177169265683      
   127.621863811737874991929682707331825      
   127.621449318030417860918180696680318      
   127.621023622463103155617394105248422      
   127.620586422301143806401638155516957      
   127.620137406628222848846345320786665      
   127.619676256125384273810342320152451      
   127.619202642843948313435862045107899      
   127.618716229972289671033443548042157      
   127.618216671596312838431459084606053      
   127.617703612453454162033260425352673      
   127.617176687680035715351228883044523      
   127.616635522551791307902569442662048      
   127.616079732217380104694258633842279      
   127.615508921424698343641021777613426      
   127.614922684239794516604139528178165      
   127.614320603758188119667983842126326      
   127.613702251808386676044743115545069      
   127.613067188647390186774004332767800      
   127.612414962647966466217079276376439      
   127.611745109977474967183922319787557      
   127.611057154268010690211404995508191      
   127.610350606277633598761329442819140      
   127.609624963542442622535107479344156      
   127.608879710019246820201097554751006      
   127.608114315718579585969929858515497      
   127.607328236327794916877377661634496      
   127.606520912823977704459551730457633      
   127.605691771076392770715516176620021      
   127.604840221438189928696403813548580      
   127.603965658327074707447082519708656      
   127.603067459794646533922744460323970      
   127.602144987084098105327963991962808      
   127.601197584175961408348489281945845      
   127.600224577321577341080097806802689      
   127.599225274563957163058980727002022      
   127.598198965245695032455673413288992      
   127.597144919503581680833075532691628      
   127.596062387749559818339834535642865      
   127.594950600137652149087548423506679      
   127.593808766016482900836358438758021      
   127.592636073367003527894352441154966      
   127.591431688225022724035864296285047      
   127.590194754088130075779407736158736      
   127.588924391306591587852572591865283      
   127.587619696457783914215993141108173      
   127.586279741703722421515424062213654      
   127.584903574131226188954911409831203      
   127.583490215074250700784916725703321      
   127.582038659417906306095864364386587      
   127.580547874883667496381442973655828      
   127.579016801295264675124881048525231      
   127.577444349824736355952797544962457      
   127.575829402218105616925485534692405      
   127.574170810000130148255975823566771      
   127.572467393657560348868141079196480      
   127.570717941800324643133140476883941      
   127.568921210300045491994353408546327      
   127.567075921405273451340543963724569      
   127.565180762832810073450584916027958      
   127.563234386834473442836060543442256      
   127.561235409238642673757658429495724      
   127.559182408465899760667835192269457      
   127.557073924518068752080538482377200      
   127.554908457939933299788810101225961      
   127.552684468752894205488873056584347      
   127.550400375359808631907209088083355      
   127.548054553420232151274126471890518      
   127.545645334695263755868846077824926      
   127.543171005861172338408758803305914      
   127.540629807290960948896263666451485      
   127.538019931803002333382056410321071      
   127.535339523375855842738788251028064      
   127.532586675828351749310318155964605      
   127.529759431464004309105941415337241      
   127.526855779678789539480367672828999      
   127.523873655531297628938500312208729      
   127.520810938274243138301345910963905      
   127.517665449846288671937043407130204      
   127.514434953323109474556177741051647      
   127.511117151326597423122208135968983      
   127.507709684391073114122545448845485      
   127.504210129285344172613017884032627      
   127.500615997289416509345489198039842      
   127.496924732424633003584952989010255      
   127.493133709635980968984750434104362      
   127.489240232925275744563082180475931      
   127.485241533433892818220598679382717      
   127.481134767473685011513700271661179      
   127.476917014504684406035986715160589      
   127.472585275058150847556232986312150      
   127.468136468603489997102305299103713      
   127.463567431357523980826204102454088      
   127.458874914034556694348573070331136      
   127.454055579535633713207008748087280      
   127.449106000575353519078895411586483      
   127.444022657244542340864617898909388      
   127.438801934507059298918139831718831      
   127.433440119628951697262807814076479      
   127.427933399538132199217982697884528      
   127.422277858112700212273541854701145      
   127.416469473395979063146652009677347      
   127.410504114736288427651078035404448      
   127.404377539849417955240990002873783      
   127.398085391801713056794445700755789      
   127.391623195911627367283442285911012      
   127.384986356567538412288127680642570      
   127.378170153959563457617861726516850      
   127.371169740723051362252359754791983      
   127.363980138491363442918680227087142      
   127.356596234355491849205448284362152      
   127.349012777227997695308358602061417      
   127.341224374108683151184774482600611      
   127.333225486249341813680910010038514      
   127.325010425214859907385684366029125      
   127.316573348837867154520827557138185      
   127.307908257064060450677772509747168      
   127.299008987685245734822211368085064      
   127.289869211957063592415903738845097      
   127.280482430098282122967119266394750      
   127.270841966668456379496048810246334      
   127.260940965820667187393580550045537      
   127.250772386425963312446247617364735      
   127.240328997066039709219689115244803      
   127.229603370890590876653013427824711      
   127.218587880335682110978865456876561      
   127.207274691699382608509708949906866      
   127.195655759570802862131179026494549      
   127.183722821108574543330096496203029      
   127.171467390164703992118706329949365      
   127.158880751249620474155108737578037      
   127.145953953334127429502103862143210      
   127.132677803483848950498778771672002      
   127.119042860321644604656618802500009      
   127.105039427313343377621037792987458      
   127.090657545872021864056885154980936      
   127.075886988275922791468299736000703      
   127.060717250394977431679999887997548      
   127.045137544220759342739384131531662      
   127.029136790194557093550198806949778      
   127.012703609328110055206575999475768      
   126.995826315111403894661863544912147      
   126.978492905201770973181496565417111      
   126.960691052888385326300994650342438      
   126.942408098326082173136383126637652      
   126.923631039532267857283222821446954      
   126.904346523140517642530420481624618      
   126.884540834904285754391685712364861      
   126.864199889943974349968471620123240      
   126.843309222730425587525515407828867      
   126.821853976797713523590296407296594      
   126.799818894177920056079748210677328      
   126.777188304550381420007778263568874      
   126.753946114097688687132066453921509      
   126.730075794060517178054871549550497      
   126.705560368983145516494249288203764      
   126.680382404641305088375229563483344      
   126.654523995643774756624817543591319      
   126.627966752698903665432287871362141      
   126.600691789537006680257401205551260      
   126.572679709479332282574972780409758      
   126.543910591644051397196052253214298      
   126.514363976779457496261757987883127      
   126.484018852714303214092895429711432      
   126.452853639414926432463101648396526      
   126.420846173638539162916418286427919      
   126.387973693171765362610023528352508      
   126.354212820643218868593148170052006      
   126.319539546898609712678193429225396      
   126.283929213926555969695256462025020      
   126.247356497322958774700217114159062      
   126.209795388281469992403535407453899      
   126.171219175097245001335376203177336      
   126.131600424170826926389211937805060      
   126.090910960498653170239982309665350      
   126.049121847636310003911215935869149      
   126.006203367120286019833144871250780      
   125.962124997333590160438926656518462      
   125.916855391800204537830414687469633      
   125.870362356892936074049141730613063      
   125.822612828938813828151811528673858      
   125.773572850705750438945566356075741      
   125.723207547253746096202003604629346      
   125.671481101133461545521516847939512      
   125.618356726914522511385443286468508      
   125.563796645025441259251811744976750      
   125.507762054886551471840276124485837      
   125.450213107316849838871064570442302      
   125.391108876195121395920771967656449      
   125.330407329355195329520917917929246      
   125.268065298694633315015631967181551      
   125.204038449475593083682560317628511      
   125.138281248796035428408310276272465      
   125.070746933208852844248010638333935      
   125.001387475465892041898231604694347      
   124.930153550363220237544360809864564      
   124.856994499663345969132320604415673      
   124.781858296069448762324208965609203      
   124.704691506225997802408005660230704      
   124.625439252719447381806859603853268      
   124.544045175051985794180662987909953      
   124.460451389560584029731503221427840      
   124.374598448252840572848295619382812      
   124.286425296530348279251469207405888      
   124.195869229769518167507605471817877      
   124.102865848728982436553002322929151      
   124.007349013751864538865714936033494      
   123.909250797730347104713123842016927      
   123.808501437799088316993831338708804      
   123.705029285723133352634507412064581      
   123.598760756945039092423348713802405      
   123.489620278254976796317387260195490      
   123.377530234046598167562918457016194      
   123.262410911120444490003135883676760      
   123.144180441995645603480127205149476      
   123.022754746689594647705663631117586      
   122.898047472924195000960776699516719      
   122.769969934716156891683637860910185      
   122.638431049307671972675015644996951      
   122.503337272392613902041563858037953      
   122.364592531592200832773889243177575      
   122.222098158132810811999874311097181      
   122.075752816677362546148798083527561      
   121.925452433260360890267108395679988      
   121.771090121275357834728345021440419      
   121.612556105462194731527086001728764      
   121.449737643839969040270552936812762      
