   19278894450.8050191460912181619583758      
   625626535.462524019103808536290162008      
   371367913.952506583839455288266472821      
   164695283.537906963636555452164980779      
   65194269.9109863367156151082260013025      
   30823769.7019092870800651661217438625      
   16508375.9700927534314383674912090668      
   7577421.61407227638417078707710055457      
   3085992.30019651182511067957240253576      
   1391234.07039469709935675797208435677      
   587370.465066504814388069677436042832      
   192460.333661970244425298623068434022      
   79172.1283718738072203655733049767831      
   40867.0904071676466192380684940907956      
   16991.0497723494503008933760342768835      
   12613.6297299402525896133620958399395      
   8920.37240201154984702078702718679016      
   3860.66420418025980635832350703172597      
   2710.01752877389343728427476708373484      
   1366.54367242295289431574339472933499      
   30.2064274728385279087175279338643561      
