   24330777576.2495831340472756335997966      
   3163667941.17030130713613543650920287      
   1046182390.58699129688081084618700137      
   208136012.468078477088220835782161102      
   157768213.068895530240439415274436924      
   98768203.8273730230788384114102540270      
   41898601.6248574062144386970921361850      
   25752837.2535712000157216765618714326      
   10867832.9918285069724554694544964524      
   4671054.62246413099115744240150483311      
   2082811.82485564480329986950360260368      
   286442.742110644345937627598947492080      
   165147.508498436780355954903093727373      
  -63466.9859382807755193135271157586717      
  -21421.5788955017977302326886089571095      
   29193.5031468069530080054262758272328      
   10050.8572354684698750023112635628056      
   35529.7263132127071758275183973604534      
   12893.7306486614271333003200905934287      
   10277.8651282614580010698920685641940      
   4468.76146853224369190372941886776994      
