   19318128302.3102775859918423356066592      
   604428997.843016704480363521002401063      
   372404218.818746952572253663831039347      
   168072878.936580536809921990357090185      
   64482769.9596661542508415905199836807      
   30125583.7129312663483165337305518822      
   16810429.1918786913415423475283186004      
   7725398.64991122289005403465913400977      
   2959773.72684512409568567265998516092      
   1369441.03625110345025666795238564759      
   641528.109722913096023050701084459603      
   182522.292482898282175758891956041513      
   60320.5936937470518316859438977690602      
   54127.0922716560684732407347839781246      
   18628.6625521642995700263154297095651      
   5005.20273925858979361378075117158552      
   13035.0605533570131971884051277001144      
   5518.37637815724731769103202977998180      
  -1037.68237257773209319031841757101897      
   2237.40955200324403085973127705507026      
   2031.59511536204208183091733392107687      
