   592552.938087923804732737753175956645      
   501778.794314801546399631546534306747      
   323059.973416184557742393156486861669      
   174906.801118876834051510619123343677      
   95969.1299847877940216524316149058811      
   58573.5669761629669661834335693812051      
   31998.2686744994050734221101932176591      
   13444.7322274213499859886198929187429      
   6326.39917452379296404738453690054301      
   3802.86122783889401879666582552753023      
   1383.55932436790386024483867086370902      
   242.814179867812090348711996640569265      
   465.187151693710871780256123576367606      
   358.857192963704121618294408907783709      
  -16.8272328216782557383288098174183178      
   20.2872810502990502766207663455925031      
   164.458176929066383062212570998127964      
   1.81882477203048495186913004927655521      
  -95.7376936852844083098395388663698887      
   74.4327130516799508708302951692568829      
   0.00000000000000000000000000000000000      
