   19330165617.1567333157070464345111580      
   598077697.000781815688344223170594121      
   371285426.240850762484250310074957040      
   170186128.952471917560050428899650878      
   64719060.4957142996409947450940998953      
   29036008.2411058451083741021346949011      
   17049796.4097115362171156365810578917      
   8159413.75207879013743469438473436086      
   2675665.58217298300375973466475708911      
   1285949.16865986067433212848452488663      
   804723.611766011483619854018132087073      
   156901.881706498888204227209255543131      
  -7775.44965936513962739828645086828477      
   94566.9778221754068556304580894429260      
   39302.9682937890077712292327571640240      
  -28209.6476726770935775089331136297859      
   17786.3271649773399661628297592723686      
   22915.2617494864114797507223324757050      
  -12028.0990957794706716822228228177925      
  -2436.55547059372285383718690098895195      
   5976.00241146852735659754165464434085      
