   647.226500679368297602062478176273962      
   574.193000480136043863541381538807140      
   422.846339087854737113781227590624375      
   290.063436488810070935213554099043441      
   191.831467827076347114398110032668260      
   114.138900715217500400811380051614435      
   61.8767806884722722919241593540494886      
   33.3593469509310481116145023365376891      
   17.6138148303651979398778093953995046      
   8.91532826857298413581283846905134936      
   4.85666144099210476955330050960535050      
   2.93498884620856222943657545479911492      
   1.96421706851652783501568672730090698      
   1.11297205764924671945306616552435583      
  0.669564678581327959269711381181986192      
  0.443713581914350716326666924505568143      
  0.173901393218918515611778159208452191      
   2.52903613961802425793725812396928469E-0002
   7.25357796928238787343160686641350413E-0002
   0.00000000000000000000000000000000000      
   0.00000000000000000000000000000000000      
