   19326755550.2330556613780682162044518      
   601785546.404097090980714753001221077      
   368116192.247760827142509211088577633      
   170958432.669336373877924016844618586      
   66128858.8690493078896782597730591149      
   27726548.4228786823065613756622796038      
   16878642.5048006486476222745493685630      
   9021566.82661293469939286076845265548      
   2382620.31622119919303974306494332388      
   932866.083927183459145093007146460812      
   1081176.90821773751182185921351838460      
   263407.110612036273071792820106353594      
  -167904.815820830274650976051761182782      
   27693.3201764008726878066936067825433      
   176855.730519873547414474272871568642      
   11661.0543152013179944558117224461168      
  -144629.527945052091716694021850046454      
   64654.9841755824818776048506498371918      
   118867.624390777890347396425117205955      
  -97753.5737915103639416064220343274022      
  -93310.7450829417224145210150317971549      
