   24413989130.6571767189258897958019737      
   3284815489.69535655796978427908750641      
   1182197244.46167647387285109981020999      
   375172973.983729121767156281017567945      
   335134235.534708617618240583842033632      
   261599131.747188637557474065224424373      
   182363916.750594889429287268671309900      
   136416093.956267201191385624110759451      
   94257516.4067736804414798993909458159      
   64682249.5085051239240549060119372428      
   42959294.6612153753794561504281035671      
   27111638.1300897162819730814933075943      
   16839008.0659078226095725328417800337      
   9928355.69074597038976848162529826803      
   5774731.43715529460157673563189630247      
   3312603.20204108179006246744742716386      
   1911818.19056652327127841523124796671      
   1172686.74886281939812081872166135164      
   742523.438494936978578893670735304394      
   498805.952324445393542337115744919355      
   324827.362118080805752822888634778499      
   196011.055265078431436156255162455817      
   96455.4609001697414509890752842662099      
   23568.7040432019004756728821734512427      
  -20859.0199032169240525137837650281419      
  -41848.2776700112748697518610128074145      
  -43400.6576322686615337303141575053396      
  -33385.4488435145853192042618115980877      
  -18396.9338422573151399556778618260745      
  -3835.20972531440706228866592921642139      
   6723.54738607287579195791642146804138      
   12327.9090244200334199420783472628975      
   13098.5948589665913009652873810397180      
   10684.0661693079799036373184711223329      
   6608.22607875503220956240514147409143      
   2521.11739424377807364217020138944110      
  -624.054043850302320148306595276625106      
  -2344.14106811045514833049880620768901      
  -2677.85655033834594125913682248313430      
  -2000.83219692013940646767502023977090      
  -786.658315628281159146331523943528065      
   490.550216790283200663921601181128753      
   1500.16502287769488291336127513906237      
   2083.93422457137901159673116006966629      
   2217.47034876032664698020660384833219      
   2003.16351967758638909914740860520908      
   1585.29884071560679280907495197107367      
   1091.89586306983413867847373514241851      
   655.923410910699296298505155845970601      
   335.780687965646368501729973362182573      
   97.6779114874899552921166867081669399      
