   24412909998.5355756208724197922487391      
   3285676142.28463842897546195052720297      
   1181734357.95941517112143299751696987      
   375331341.243593211538902093000569868      
   335126257.009009108731027642349583207      
   261562624.266393917268215263681475646      
   182397142.843726223909644105765953040      
   136397518.492899200503902148506585573      
   94264027.1319756237144145416059957457      
   64682134.2828050500646564542682505483      
   42957329.0854840276930276440713080506      
   27113503.6944040869126350690022476461      
   16838036.6670571396935158359094810323      
   9928541.09658462906030385931896418163      
   5775046.27516617853540431040464877592      
   3312110.84231808673444120926074012367      
   1912282.36974084503847169487643326867      
   1172327.09117792575796369666753533312      
   742748.527153941023172773272521033701      
   498674.659689386515308230029476627291      
   324890.306051847356272685028795351721      
   195980.692313796558032682229792176317      
   96473.7938156096118862996326693140705      
   23555.1972422793658471226234089511616      
  -20841.8191026164963893903126704688852      
  -41864.4838069770827437326669020891693      
  -43383.3309131864814604714091048951143      
  -33400.8006022362574224911900094700823      
  -18384.1007299733854933157654020077294      
  -3846.27793672492289685201111919890134      
   6731.52663540579896427384236001585273      
   12321.0663517483555820889078300767354      
   13103.4350186857838791721701507897538      
   10680.1438287105068133509636429597627      
   6611.27381439083139638743465911311933      
   2518.92793708872543717769129468432050      
  -622.142474746205798470657645688439829      
  -2345.42441986422971703648033472891146      
  -2676.69866670223008692998257697716625      
  -2001.70310462445789233847763933165916      
  -785.945137893430764891430803990769843      
   489.885777232393547919203106690683652      
   1500.63818843664268440641690577472737      
   2083.45611549721185265008429093577537      
   2217.77969586301553876700546115122049      
   2002.89302413690153394434378140938609      
   1585.46954547103462607551210347775736      
   1091.78111960545600006558011317501381      
   656.026400359944927708509042110262049      
   335.696005690638414251586750202051698      
   97.7986174346218391681946770519347829      
