   14469426106.7559404797645778839165886      
   5764167698.12323293628112830555202108      
   978784968.649866882523330490370276246      
   539245451.939725891918899606421484008      
   383859025.244740037451344911705425861      
   271579997.262654070813748686406708207      
   189977892.973269711300776653684384945      
   130132848.299002449309771639335981320      
   86751035.7977948886469545943243645668      
   56370704.4646527093142427189055976516      
   35951768.2004393544027816352278559233      
   22758142.1784690407615750355035121196      
   14502442.8481613537651525816918408999      
   9418203.52711399525054433984236139381      
   6252271.40970654942310493150429190650      
   4196142.73013160407495947534070427336      
   2780498.30540398813066053427211875574      
   1762335.37980195860353077616852904026      
   1027472.23273947574412528498770861299      
   520042.211114971687187576823018716403      
   200788.669585991234075995583823446374      
   29150.2826708141526155709056745230216      
  -39008.1290227933069809923256731172904      
  -46287.5794502888356617350445192753646      
  -27523.8239504519995302665947588228417      
  -6021.34701568074415077335450116183928      
   6745.53049185497376890599304643959104      
   8617.02055705015031979243274513237314      
   2921.42537307434048742943862589246882      
  -5252.06215854620954714154485865342403      
  -11680.2831427302553899677546871369912      
  -14246.3229065799947574727766730632238      
  -12940.1147189852709245345703775208305      
  -9143.66957562684175856911056774883815      
  -4675.79768586971784240749128661124199      
  -1039.56976818466864355805379628877306      
   986.899189128440893063822117003544179      
   1361.63065990993598765152440960231281      
   565.663491187251950102948204580687866      
  -729.766247736502342848301089664756235      
  -1923.79188963273386859805997580016696      
  -2658.52848238152065393392120267657296      
  -2832.73874495903156523704953191982509      
  -2553.34479011438013139114643421491244      
  -2014.69742415626907636409431626480573      
  -1418.86502533351726080493147751196603      
  -898.804316020775289883139577010180458      
  -518.722448206498636060205423994471979      
  -271.957774273964852884562751319429804      
  -130.724147984007380852931436310212218      
  -49.4325147517820602765034982995113239      
