   2904724287.30593058398156450587340177      
   7633006627.77100067139338651879589582      
   1556217651.24057462660683564571433573      
   805206906.031667135172169856832389686      
   495010377.006690838380035106005622079      
   313911700.989249514675130955034822678      
   198656218.745595624292094881338867143      
   124436894.215800393992486053696989302      
   77515184.7536374378098238470128264316      
   48547007.8903043851806815866115464465      
   30927412.7194695098099921622194263224      
   20155073.1175480744850003701295182361      
   13366022.1446130190945004343002822785      
   8882615.43971648319023951224987821089      
   5799284.41231018761011663764145336226      
   3650755.11993529217297965441743531031      
   2185009.41320205051311631564285549878      
   1234490.03990776635089712423232683291      
   660591.234045801106614888843657916665      
   341189.959157816906474004984693532894      
   175661.342311224924822874157085690426      
   91117.3484064622320434501810218663998      
   42984.7715426012497960252778097487539      
   9661.21208791824192399940674268802901      
  -15796.0519534817188782351500032457395      
  -33655.1333249979958535656766337659546      
  -43047.7739792599096072570424730642531      
  -44548.4066517139176923204368875452446      
  -40418.7117820002787583244413515558196      
  -33663.5529432599209924031240381877559      
  -26904.3968239839276014638656580805060      
  -21697.7160815049137346247944085835869      
  -18432.7727415993622464486713927477514      
  -16672.4002599288508252175925825797246      
  -15640.9827178309107936654677586385477      
  -14647.4850536822439845635917621623200      
  -13301.3695842524224609477755883140059      
  -11542.7708779219375327155695990374317      
  -9532.30880006272435591209014124334368      
  -7514.44479519804393801093407021728236      
  -5695.62696834214114958859208682489201      
  -4194.00006711281954526574134055408555      
  -3029.79590177440291795363621502167639      
  -2162.84377686772960152196617780895150      
  -1523.53403797139693169402048022259737      
  -1049.81567581556237320037440930051513      
  -693.374170889210751169413411710733805      
  -428.351953267094607799358076501188601      
  -236.867830219790009229338911114463562      
  -110.089602853006741856563813181878805      
  -34.7407120623029918525016563614415309      
