   24413973394.7020285512291276263194151      
   3284828047.57537023319335428501745410      
   1182190484.15417236069732910805186859      
   375175286.483496740102928561068284403      
   335134124.082273544996100183468158331      
   261598590.750061540300482429924980111      
   182364409.721426877664044121177178808      
   136415816.659039001448602235493253332      
   94257615.6711096809340867478719313907      
   64682245.0023024801266203870344237695      
   42959268.0096498847397462189802917653      
   27111663.6695600263873052148393535662      
   16838995.4317054992771070623190701828      
   9928356.92894778120809352788956059533      
   5774737.39728915861830192072714246704      
   3312594.78401053639540330395567334593      
   1911826.03938645813959165391395176406      
   1172680.58762211110512170146351064696      
   742527.490315606629090005328919343834      
   498803.395450484675543699528757435755      
   324828.822606030102094430833934132699      
   196010.149618866710675564988108216079      
   96456.1289454268577577070876003736404      
   23568.1566004407979221604946272310667      
  -20858.4614550557625979391844706934118      
  -41848.7851907840904569947663571524100      
  -43400.1668798936736162439376805376890      
  -33385.8818278119902527407615587911402      
  -18396.5636268184794285013412267825109      
  -3835.53125322444137413992937282299844      
   6723.80396820226341253577016126798794      
   12327.6865946602463494717294552747280      
   13098.7731101259993026448359522040292      
   10683.9145191165421331827816696426487      
   6608.35359880759604194374322731263609      
   2521.01236389669564041749424682616309      
  -623.961838248794952840877094507736640      
  -2344.21647412211308234183153162829102      
  -2677.78978125721777439812835069422684      
  -2000.88884337314879159322731075946394      
  -786.609252859126316496300353815486040      
   490.506525492062791646543818035302132      
   1500.20181359124830953470344875757134      
   2083.90103201382114054453959739579271      
   2217.49786121389845958915052581430026      
   2003.13945746311927192104990493988226      
   1585.31891671973721743023447249574950      
   1091.87885804838343555192329756068304      
   655.938258156483442570223998118479571      
   335.767865348855984501619445578249239      
   97.6897081012289251924006071139036589      
