   24413931996.6299494865982360792117906      
   3284861083.71398146336489593632659993      
   1182172700.55541956821845283924721022      
   375181369.894731995175546438648568319      
   335133830.007087501392459205840889709      
   261597168.900132624420596065738157850      
   182365705.256483564702733403600498646      
   136415088.216689577902459859277799929      
   94257876.0554625968628373589995455165      
   64682233.6843950927143116376365104372      
   42959197.4822388882571357131375697216      
   27111731.2145590624419181402491840605      
   16838961.8636577054279318593013803818      
   9928360.50063757267427824328160640997      
   5774752.78290075734838803047376146341      
   3312572.90751243616405023807575173814      
   1911846.44675046171818508425300029124      
   1172664.59113432646779732116434036592      
   742537.963524551966309591857352684705      
   498796.832130524603903822863377745439      
   324832.520341687399559488815848887728      
   196007.895928502060847710566251239703      
   96457.7704029287572517624985925837403      
   23566.8215409634753584229456098475786      
  -20857.0878520802122732399512470531937      
  -41850.0332655742562020124250984030895      
  -43398.9551507890003243626434106773793      
  -33386.9485652287338606542099921517837      
  -18395.6556391621739799296650820783587      
  -3836.31692298931188661184698037506564      
   6724.42395115136350593082173593318814      
   12327.1517712497501142659915441749409      
   13099.1958847082240530169771743654884      
   10683.5579343968890563387322665310848      
   6608.65010814353879624223515013391534      
   2520.77192969626417376752127140637994      
  -623.752331524703608888480855127965894      
  -2344.38433455054648596966025844179173      
  -2677.64230521158588298152650030339369      
  -2001.01181520264759529421232395063121      
  -786.504280929386304466087553071981386      
   490.413898766369384916685547697511455      
   1500.27792254405998101674100320751671      
   2083.83288265100680206176667192762879      
   2217.55244697418998550456092879509499      
   2003.09267550805603926477745571950570      
   1585.35637971259331020239718380569979      
   1091.84839708619123103076026979952846      
   655.964033066381165710629906497107498      
   335.746504012240851194486432682010397      
   97.7092112570746652081026233364633120      
