   19933103570.4384959152160085719243153      
   505527263.352355537832592643479573164      
   311998410.635695966176531161822763775      
   150370202.238793157143269989984656516      
   65353938.1927527069852199502818255615      
   31317736.7383158936241564974406694094      
   15865637.4005430126409075553168152330      
   7341661.39509390889356488609411277853      
   3158728.94225083128861507406412302501      
   1397100.24454212672423377735670036923      
   588706.093207145338626910844370438083      
   239950.776605243445832974684667417055      
   116514.888065554254390698472494025705      
   63007.9370413392050049807176591120675      
   35985.0265636705529289355384426680162      
   24296.0367622015074267008135031221194      
   14290.1337696603401461579595379025210      
   7279.27578396003517212537200364059441      
   4118.80486344184370984364840073086037      
   1652.69936177551265703654572387426563      
   164.565709459031138768940085475438663      
