   1042232.19646561340462553159707991023      
   840343.318817652307942555395046364044      
   595166.790593364341974304252015804631      
   529848.741374849666132399502909036724      
   445463.714365582581904770966340273956      
   348427.288140103987605444784010479424      
   273285.037121374387583460666967993831      
   201685.462698176884028029098732846751      
   146136.502337439443503434199036164078      
   101603.123035825205562648354532282468      
   68159.6649065106542777287397057477106      
   44662.9817336451306858857275302639539      
   28208.5883215835539515379758335408050      
   17735.6022756617790690146786715972845      
   10961.2261952690654544268186514754939      
   6870.87247819221468630271018294973856      
   4346.72050207712577438755893349144460      
   2746.00851307020421155317336837277357      
   1709.50748250319697091672422339588246      
   968.602716373616649835503568765080483      
   466.136192146694015289550113726644978      
   122.955314947002488121951991545485586      
  -71.1143349096378995260866948117220365      
  -149.254420943267756863012500474504405      
  -143.358483178627306758896876145862051      
  -84.9304409635912110820897886472473001      
  -10.3377954432196444372958331968913650      
   58.5723159267098027940774676273802178      
   104.387551351061535179873220537943675      
   123.433845064090930501090446221182054      
   118.387558425244962138708903538220762      
   97.2987686603199523399424040673250347      
   69.8443193045793571357270172171775746      
   43.9932714048472777487292643677028612      
   25.2869260130090071833437066445468847      
   15.6202385415466345981268207593532380      
   14.2342083818073497726091205423770189      
   18.5015617464047962223626819597688144      
   25.1275490664928255065304832749335067      
   31.2067258844154880755887744560385150      
   34.7204936679939961108091455631072067      
   34.8780147384482874244559571955624329      
   31.8535241505959324301798014767546287      
   26.6071030668267623361072350705808355      
   20.2714554881652561244416879128832918      
   14.0471038985657770000311111209172518      
   8.71384590216889606144920767437711915      
   4.68043782920285494545328598669612131      
   2.13290388489293235224597832253915752      
  0.617693034698256656895102568567791700      
   0.00000000000000000000000000000000000      
