   1042232.38763863290977472384985235452      
   840343.230685219587998136565474934425      
   595166.778313825608387176065840954893      
   529848.795739125271916910012883659504      
   445463.654877201489479830077704443139      
   348427.324335049303043419121246747888      
   273285.013599351686598584453134113133      
   201685.469016637560751070598476382521      
   146136.502176079352937031980783279742      
   101603.120096781375434961761260547304      
   68159.6701263018691157858661394754666      
   44662.9798910919253251490291457567851      
   28208.5913585282606791080324666651765      
   17735.6023436006420496819053768288532      
   10961.2263605985645852193237120385069      
   6870.87293277960939835824454950717705      
   4346.71937144004238761809113204093560      
   2746.00864862242416260714238867622011      
   1709.50641427442798074757524754528226      
   968.602693879265844974801529167873206      
   466.135695022121133852564993989751107      
   122.955401814946507023195690812025531      
  -71.1143832490861909377914942005318532      
  -149.254210073502509085378223210748840      
  -143.358403354969661238587981417517560      
  -84.9302430697613030922514379826512757      
  -10.3378005857461871183797210002133549      
   58.5724107575935408403725577035378155      
   104.387434023211352931075302578761791      
   123.433857251097494312382394647453871      
   118.387406372841297494370041988900012      
   97.2987672614191999213683031160198848      
   69.8442045434444937220040150457057951      
   43.9932984182519359445082927250837503      
   25.2868644047378973726143789916516952      
   15.6202886888209873128888597350108978      
   14.2341749729827829955757483767063494      
   18.5016089469185872518623321443523755      
   25.1275163954591074209426529028656629      
   31.2067539204277839747212485106500934      
   34.7204535698313966135499973369533288      
   34.8780258625191381157212046122438462      
   31.8534844157281550804183199153975553      
   26.6071080323845099057030233874837506      
   20.2714258019487052665654769340822611      
   14.0471100639347495913533565254888357      
   8.71382906354477708232126646274963685      
   4.68044552108159390476888480491107514      
   2.13289695137044883489422528890279277      
  0.617698639536248165414542338142937564      
   0.00000000000000000000000000000000000      
