   1042232.63965981248354449565351032760      
   840343.114499429926144530287133640386      
   595166.762129894277059216153874319191      
   529848.867402039526523037288417061039      
   445463.576458912600893480368716324822      
   348427.372046880853185653150191988816      
   273284.982593170964612495372500473024      
   201685.477344303386408570604914468272      
   146136.501964778884394291684599143896      
   101603.116221027559569021154500622877      
   68159.6770086234930140820507499497202      
   44662.9774608754818381823841048993043      
   28208.5953632882226945935728293145410      
   17735.6024319240441485333679988966525      
   10961.2265797695034253347432369807245      
   6870.87353087078833390398176453391400      
   4346.71788207012006326873957490553459      
   2746.00882625487720593856136253468032      
   1709.50500703905354760606315952457375      
   968.602663289177496979074433483975101      
   466.135040534600599004728221856939375      
   122.955515503615922948074455315133915      
  -71.1144462131062178308922314205531500      
  -149.253932825661224028139760709496412      
  -143.358297445374670989318696211335628      
  -84.9299828485468514874758576899693061      
  -10.3378067579288669764776911159104061      
   58.5725351866474864409990360818436320      
   104.387279889487006582541126783422915      
   123.433872801856649255563958925419692      
   118.387206394493584762523946422344151      
   97.2987649674833917547050090354927418      
   69.8440536608333432521316232375162009      
   43.9933336409593903672157814308035932      
   25.2867835323484651133457608509379489      
   15.6203544658754315608959422998262901      
   14.2341312198005268904784774596721305      
   18.5016708930408422929295133494483780      
   25.1274735634118132594434767591616690      
   31.2067906524042575717594548718359345      
   34.7204008988331494339926812092573410      
   34.8780403461943177774327521151173266      
   31.8534321790625782903463888358803795      
   26.6071144402378972075611573352455382      
   20.2713867709458237762532873985620760      
   14.0471180928891875020727126478546887      
   8.71380693136568480581849499876197582      
   4.68045559851670794737975792972577191      
   2.13288784234305126251783998588868526      
  0.617705998554854031611917758488450531      
   0.00000000000000000000000000000000000      
