   1042232.97189653649547320595160249007      
   840342.961331220021844118015172831833      
   595166.740799248263438844783649260765      
   529848.961869174600878402288311455598      
   445463.473085709684977732249301535269      
   348427.434941642680018620538121753113      
   273284.941719953862706416694691219102      
   201685.488321834708553662511827135750      
   146136.501686331479165106397395357617      
   101603.111111890250957679574119688702      
   68159.6860812255213881744467047348416      
   44662.9742574271833284293224539692673      
   28208.6006425542064493715448214649904      
   17735.6025485443681263115687467637502      
   10961.2268686015887994336882665851504      
   6870.87431955245821645367693366791533      
   4346.71591845260845787213966644554137      
   2746.00906079215761442274421490633475      
   1709.50315152988670965702905466224311      
   968.602623476612927935914942089283412      
   466.134177219521996931516860421711968      
   122.955665999387690853747733186428329      
  -71.1145298204913989721279240650754928      
  -149.253566644364151114937329654000094      
  -143.358158477245532157354572677582454      
  -84.9296390719394287227376086898664921      
  -10.3378155716750059138269270258082985      
   58.5726999742727076960921377905245706      
   104.387076006025241042471086342733277      
   123.433894066167520532653560739266867      
   118.386942071325824977454617500915227      
   97.2987627026012173589482112618237689      
   69.8438540695063680840432187446187339      
   43.9933808149878611211326709863434733      
   25.2866762588295124063618004721066516      
   15.6204418869983921025588881390122268      
   14.2340729189905753913232881364367701      
   18.5017532184576054162191482400052080      
   25.1274165295378867986141115940595568      
   31.2068396799610245628228061865662517      
   34.7203309596422034390888491210573866      
   34.8780599730100166877981563901587356      
   31.8533628897428048625346465716933948      
   26.6071233373578448885240777188758541      
   20.2713349796481236938515264230354163      
   14.0471290317067198587332873684695345      
   8.71377751852515703866918511561600829      
   4.68046913086816086283987621224686595      
   2.13287571028725930701937173891467622      
  0.617715829036930591571366954432848503      
   0.00000000000000000000000000000000000      
