   1042233.40988527321942104642829965375      
   840342.759405217046664542202445310787      
   595166.712688159042835727226595239783      
   529849.086394526378025394604951374645      
   445463.336818513830394764810640418759      
   348427.517848773452550099071143062466      
   273284.887841436933200950446866580060      
   201685.502790844509941152556908464999      
   146136.501320757559257453082863382302      
   101603.104375551213433431898604935330      
   68159.6980424281592194558229245705582      
   44662.9700334702784160796671576576854      
   28208.6076031926497616269636630833003      
   17735.6027012928218634722123850120690      
   10961.2272504420233148294941945039335      
   6870.87535837892061098132802822762824      
   4346.71333068585067762861786168642791      
   2746.00936937150148049918937131869672      
   1709.50070595213576930730084979122213      
   968.602570676457588821547886630018268      
   466.133039356979184407281214661084407      
   122.955864312454908040358589648449866      
  -71.1146399992153498515532457842409641      
  -149.253083828414895865791850313132201      
  -143.357975369591065593092652402044376      
  -84.9291856679736611261394076057606176      
  -10.3378273838892492138436960112203100      
   58.5729175161186132628752331603009542      
   104.386806951023285936328830328140815      
   123.433922479248927511167806703061429      
   118.386593269924721870496719849697719      
   97.2987601542454163729121734995140133      
   69.8435905530585482205961585091222628      
   43.9934434787077567676864301144962640      
   25.2865344150505978154584145553630133      
   15.6205576260280640412333488307424908      
   14.2339956274878674585426903748569543      
   18.5018622389287612542370082707533463      
   25.1273409195187873789257577404949236      
   31.2069047847559089576169735775311647      
   34.7202383656653972282560545525702948      
   34.8780862817204313041972065649429017      
   31.8532711984062424983762494415470227      
   26.6071354465765790292142725646411577      
   20.2712664183929325828347836693116520      
   14.0471437612028262315164205800398660      
   8.71373853770559861340255751900353653      
   4.68048719197735925362583555193418722      
   2.13285960584447556425968422249351645      
  0.617728906871974022679368951053476563      
   0.00000000000000000000000000000000000      
