   1042231.66165840536323719680159347764      
   840343.565364622345947078336860891896      
   595166.824954844024822841138425838936      
   529848.589279368004076478306707495066      
   445463.880794698295555445951987066359      
   348427.186877587542740134404621966943      
   273285.102928633933922689256688117141      
   201685.445020273854563926102391541149      
   146136.502789534999715886063231183452      
   101603.131257784821853368075392451058      
   68159.6503040052582309560377484087676      
   44662.9868882818483079623120842378333      
   28208.5798258368797065644172084538605      
   17735.6020855080199225556657433462360      
   10961.2257330030503034453202373162117      
   6870.87120648077514075378620868008293      
   4346.72366507276903764502211787219374      
   2746.00813416039162175722882764770634      
   1709.51047055755709381150514374408409      
   968.602779912267120231123068053499784      
   466.137582225725805124173524597898417      
   122.955072776891689470567633384742887      
  -71.1142005112337250673922613676144360      
  -149.255009854854791729861381190195258      
  -143.358707435175951095091092772795200      
  -84.9309934711441227048030755426199375      
  -10.3377820795229093230090928177844101      
   58.5720518093824933164609008067919395      
   104.387878503622198079750373000577928      
   123.433812186510743711276082383225569      
   118.387982689388948876216832680552760      
   97.2987738045397004856624890059593402      
   69.8446392400141424189260271031267867      
   43.9931970533323263726551014376932200      
   25.2870972751410477659770558900632823      
   15.6200994346678900070758545081265046      
   14.2343008066256791658728745597719185      
   18.5014308195793076559011027116195917      
   25.1276395048453465874349492303925879      
   31.2066484818238588585783167463329895      
   34.7206049858787715956459254247490730      
   34.8779845337720192309779512677547214      
   31.8536345776835190296867359147374604      
   26.6070899531275155304896762698756993      
   20.2715379527473084972777195239174497      
   14.0470872675047571485554532055365770      
   8.71389259726647727048336029524262988      
   4.68041674414340422438315812082418547      
   2.13292306489219418477689523620722993      
  0.617677582440372934339436455570037129      
   0.00000000000000000000000000000000000      
