   1042241.12191295107279186681127551714      
   840339.201883529248435739974527349063      
   595166.221858349294510824113666006319      
   529851.273943087688879366621922360601      
   445460.942310779873738390654961290455      
   348428.973519861211345482771938452219      
   273283.942591259105586630138971709098      
   201685.754639561578809101992466801022      
   146136.497401679079151225220987699230      
   101602.983312290239562118871526154709      
   68159.9109348375834306547321642134489      
   44662.8932517063601136894371925270222      
   28208.7324694382697334728264457516816      
   17735.6029774278655194530238212552105      
   10961.2362842034231822966666437082899      
   6870.89130220023630610865543379989555      
   4346.66999923609480431332930410763177      
   2746.01257144574671846209024953509697      
   1709.45975235225837917404477877517097      
   968.599534031962478021702303322221307      
   466.114978571548080064838219530600356      
   122.957365273255875282943280485268345      
  -71.1147279199032117843339637617708574      
  -149.246462223209462660198247522554058      
  -143.353011774332578338338420860667722      
  -84.9229691559737984236066496032212336      
  -10.3364064119565741799319471287122123      
   58.5750976322749671282524481150629136      
   104.383584084650082352527511501638554      
   123.432892157893884212477787041608828      
   118.381846184076408703883482393310272      
   97.2973067859040315544468385062571603      
   69.8402202775697817531490115167126381      
   43.9932632682995490087352257223472183      
   25.2851782917280589759642314582624775      
   15.6214404207608958816374613123011459      
   14.2336451979134254031874318059225440      
   18.5027590708658385265873871845476080      
   25.1268862753946637402584192382548737      
   31.2071643870189414738423015147708032      
   34.7193474529903753434475565235159793      
   34.8778021950765274590883651395005733      
   31.8522552666392341783221775668081382      
   26.6067440397754623548268144173748384      
   20.2705131865386109966342434286487037      
   14.0469445270720431901219437132656446      
   8.71335812443150966073886644030809900      
   4.68049607156843984648323992447663392      
   2.13273065900491983450853169669913723      
  0.617802922868390471566911968745176912      
   0.00000000000000000000000000000000000      
