   1042260.39416303019356689789984186988      
   840330.303664098089130014465151744013      
   595165.013142444418358314565713744896      
   529856.719004410194307017728329733684      
   445454.978523007581930988182156993013      
   348432.595715137233681480088850340568      
   273281.591735782211214435880915022742      
   201686.376023030982646191059788981982      
   146136.493444992958723025073370819000      
   101602.675686433919668683774598621913      
   68160.4475220382528800956236685946667      
   44662.6964581549416407858547251739852      
   28209.0493971757241741368737661048201      
   17735.5985221977396077932509738075693      
   10961.2639207150657206899107804601931      
   6870.92619297092163742134670102573088      
   4346.56644351726502649802347114850179      
   2746.01612339166601199799021192280218      
   1709.36156191753537666529238713718155      
   968.588028894317995852432987463855996      
   466.073448006773313397793421713922827      
   122.957638016280151264822199332916245      
  -71.1117671339660724240581060678135805      
  -149.233040338624051290681873111666170      
  -143.337748722376954772036670588215202      
  -84.9102502559553641897700961176022236      
  -10.3302722355795324996851737478282115      
   58.5780186218332507910580586984503282      
   104.377847775885972058057188371744196      
   123.428062697599521228806549627278303      
   118.372037591654972732559986201318777      
   97.2916753200675618784253349027759382      
   69.8335972177382693099005163255277853      
   43.9910534965403067839168743145075777      
   25.2833480057695413101913132275170542      
   15.6221155330916136822907566519312045      
   14.2341033072832272879756991638848473      
   18.5036881228250158672626439917299023      
   25.1268719770009545625297521094004514      
   31.2067106749732836886553307840044895      
   34.7180400961060656799879584548231237      
   34.8761903899369847884526551466758101      
   31.8504395468093448494062683838833386      
   26.6050563180521296625367589349653904      
   20.2691642626325604346140771844464400      
   14.0459223032945822027530414371344182      
   8.71275743602904774933071944997376256      
   4.68017338153877983676512694895992124      
   2.13258087733167515611768551036211055      
  0.617817566238581724731880840492618867      
   0.00000000000000000000000000000000000      
