   1042297.68573396114271373622661006578      
   840313.060446135081355137199294973269      
   595162.733020137933925238814032363348      
   529867.184380387659985183902611156098      
   445443.503281770959268233894272995251      
   348439.557038138907890181765870220972      
   273277.074791671182187451164820457545      
   201687.558947630246329707854423575186      
   146136.497449529292084896151903049473      
   101602.071748791085655322252965999946      
   68161.4930476774779345710056634964238      
   44662.3074038198380932193508225025500      
   28209.6713914337963251930089691836928      
   17735.5804480371742286627853589081698      
   10961.3270678478059893298721181803789      
   6870.98461310239669340368215093198420      
   4346.37477154429437422687505017975201      
   2746.01543020997806354476179888973338      
   1709.17844322101766280581624869747112      
   968.559833021294163090304788783724820      
   465.998309351479807605346958352646572      
   122.953475870472468444005535835570019      
  -71.1019479306903386941695016256958416      
  -149.210880852563538935645928367128450      
  -143.304850527880521174998930297488012      
  -84.8887752185268489291431589056890703      
  -10.3155772691624596582604095374181912      
   58.5811064943845917870891746607766746      
   104.369089209366202602127883263455132      
   123.416645908299892625272763974452929      
   118.354941805107493208192730344541586      
   97.2791228210164235723453223205433448      
   69.8222559861781090124889136970892590      
   43.9854707114075427707224017479437952      
   25.2809393482472122751653351565739742      
   15.6224089211716571649995392163363275      
   14.2358499126751192694198560009682725      
   18.5047204153408157723515509684364721      
   25.1274870947632660262466583580170044      
   31.2052719649990659733027881167481226      
   34.7159762927196583398586361220324888      
   34.8726753063188139297357379435288634      
   31.8472465762431254457664019265598686      
   26.6015234694113292481627557022515023      
   20.2667570659589657493099705719210016      
   14.0437767667872291486686583009116458      
   8.71170736984993585411315218003248238      
   4.67945662836288114804187994159283816      
   2.13233702662930639379440342898500010      
  0.617808332965700660524419674474090203      
   0.00000000000000000000000000000000000      
