   1042318.80279498480246549051491117723      
   840303.282593695549589419650484921014      
   595161.473792175802305375254926300714      
   529873.072121648658720658530281023446      
   445437.040109963285518026118819143780      
   348443.473736362036099434783242053557      
   273274.533370757380778926026267931219      
   201688.219450920492284569747927236749      
   146136.504672390790113269846451859813      
   101601.726459421476872326092665347268      
   68162.0876421092169460407107042606861      
   44662.0839483612391268506496344702363      
   28210.0271162790380784420393814841678      
   17735.5662798741839252371806934596287      
   10961.3669626136129611677735567982487      
   6871.01385177242670656706679760816513      
   4346.26992111672405069661986157560396      
   2746.01195255479141488272387478388021      
   1709.07749997091013894062468196808576      
   968.541603876567629171816342731681759      
   465.957678211169752171026279115378986      
   122.949459815645113499544490646642732      
  -71.0950053517395759068672044193411645      
  -149.199595372389983047108798333081249      
  -143.285146695826579465474096641985164      
  -84.8775946483069453821367639161412549      
  -10.3063883053883877273321209666288586      
   58.5821018382347247097661783030836653      
   104.364815750916200215059203853037883      
   123.409614862971279542728806578970180      
   118.345775859613160576395025772867899      
   97.2715988966741393174644001860064367      
   69.8161991622822273162091204173705631      
   43.9820119689462526945115888081650459      
   25.2798239842346605091216430761319390      
   15.6223712255011110247179789986124098      
   14.2370033701895922308799690687152117      
   18.5051744139981842062073700467455537      
   25.1279405977043774103181908798317244      
   31.2043817458360041481462373950276894      
   34.7148702432844960427282791810812897      
   34.8706477515573578711364994895402592      
   31.8454702716460391509692282295836046      
   26.5995103426384752299069272771466185      
   20.2654049005676957842831208066466880      
   14.0425628616640122438719542134028455      
   8.71111237950958449863873398846292126      
   4.67905720852358048354390605271394807      
   2.13219560608996939796141914656394125      
  0.617808703410171760742068933565494076      
   0.00000000000000000000000000000000000      
