   1042346.69942643257516382033122622220      
   840290.351452181987542740183648754911      
   595159.843929556944744206419761564690      
   529880.809558754931245246531674996941      
   445428.538560577698699250165910072589      
   348448.621649157220696772012961432715      
   273271.192605022772666312121310083549      
   201689.083005464656252839765749479332      
   146136.518468441789946203107052620417      
   101601.267817062797127203886888053032      
   68162.8748636411261555742511088282793      
   44661.7863371940990171102537037416073      
   28210.4999198924165178777079671671251      
   17735.5441961342359526747557734414893      
   10961.4233107366752577765755670262949      
   6871.04910976805284498234458047233719      
   4346.13465343806744553006301304144817      
   2746.00471952589700016706541313999722      
   1708.94646419093678134546411444935111      
   968.515689704905230563098161992318019      
   465.905498393697458395592265850939395      
   122.942896463588097653374727434799107      
  -71.0848372023502657970883250419858031      
  -149.185590244912841680081398126177100      
  -143.258378772566028942445946378294681      
  -84.8634926126141545692921435868209540      
  -10.2936673675118388763596010169996536      
   58.5829291523083338107897995123411508      
   104.359616647560994491877819662135419      
   123.399982887939292500120207570044583      
   118.333982520213886002602060860415490      
   97.2614267194558484078546173740213986      
   69.8083996661387058527466683726039363      
   43.9772932812184748544226415209934789      
   25.2784682621721772433020031220240242      
   15.6222343149200539212639870241084905      
   14.2385899769570853465031014717353102      
   18.5057332234185124628456707314630438      
   25.1285688407608393798479206701044976      
   31.2031965832582062435079691929394416      
   34.7134172197431031109550766957073148      
   34.8679790739013120229171415173141118      
   31.8431185680584143062783810789321506      
   26.5968693488796746734609714446486499      
   20.2636066336576945319793460230736943      
   14.0409789207615315636154989688018701      
   8.71031367924639712158549501484551362      
   4.67854552160659227568732575010979947      
   2.13200070775999680013520274197631026      
  0.617818173753824290771333796493312423      
   0.00000000000000000000000000000000000      
