   1042383.57501101688686970437190317244      
   840273.234636387802155583129072932256      
   595157.746009283034982152282420857595      
   529890.969221694172389894653757439254      
   445417.362005526626021080653027848063      
   348455.382879087898828914765694692085      
   273266.803593517882999787611574874400      
   201690.210387923932027609664591505361      
   146136.542704666432710951031928725403      
   101600.658505781102404198160936849578      
   68163.9172672387966348784693799791508      
   44661.3899153186979299202933860562784      
   28211.1287930198268538389263052352795      
   17735.5102203207461651161498652154241      
   10961.5031319239548429031451059193099      
   6871.09079825930372362943713264727938      
   4345.96061263764685109741583721509989      
   2745.99136911642107421973463473576299      
   1708.77653311578544861078520714081977      
   968.478919756064188111661699767835597      
   465.838504548154138843634359016681564      
   122.932593769609979703385077001243917      
  -71.0701739897266012964403026816516340      
  -149.168185192779869665697119251145281      
  -143.222128832369561413949360218894148      
  -84.8456364981286065745135564212739970      
  -10.2761774195035120471477795256737513      
   58.5834750543338417337759145966881983      
   104.353252436014453001907017384868579      
   123.386887115211934556748363260952430      
   118.318733954267597937789241574574874      
   97.2477539472798132335368684076938808      
   69.7982844745422824720510326116580786      
   43.9709277821681044814576328793394331      
   25.2767671789351420829805055060421830      
   15.6219961042088670688216938564815842      
   14.2407170911606785666699376534248686      
   18.5064645997469188995990586221345990      
   25.1293973615320730700745965999354999      
   31.2016542544772454883458426848102962      
   34.7114783978576488209933508363697698      
   34.8644909966839731407421074563014314      
   31.8399836350143742661280094912712415      
   26.5934204887054196839244874646073173      
   20.2612013813847434157321398553757007      
   14.0389217400562339367876627952213016      
   8.70923438097770060999227706600195164      
   4.67789538240799563726884745123295240      
   2.13172983254939723763554169634050299      
  0.617844188070888624391563289349103260      
   0.00000000000000000000000000000000000      
