   1042696.40068876199376892658766557109      
   840127.082990401006285224185296537590      
   595142.264194778188621166997775781313      
   529974.358395312862421323518287652564      
   445325.043709010242496651356853419781      
   348511.001738200633552393233964728808      
   273230.591488124523666192072692531196      
   201699.300994095425781289156522080546      
   146136.874307908200834366731216585595      
   101595.483091858137949387674730211368      
   68172.7212333967615740114174771439459      
   44658.0071345034226850871042453475554      
   28216.5313758870242288739700672072655      
   17735.1095761394975148054208825335286      
   10962.3257205232345595828125996417108      
   6871.31013752896884678559087777342006      
   4344.61887158046625320251527935161858      
   2745.77814838287538867713217309160473      
   1707.41826817398518283295730240912320      
   968.109880334786037501964879228593831      
   465.308761229554665640718577013430154      
   122.816226975966937685913977970733405      
  -70.9300499413651618215474111612130893      
  -149.035766967343112710172256334014522      
  -142.905921956325654614477959149649150      
  -84.7028982658198897610800291732743241      
  -10.1205402662461028770063071131516700      
   58.5832876455804038196141641346273804      
   104.304948667270502466182821023464295      
   123.273727175505457034617470511558376      
   118.192369474253817660044433743995747      
   97.1314942860991979280398408813160843      
   69.7128035780049126125981626838630121      
   43.9177287004964482314288607672570567      
   25.2610161137874962350573498466176106      
   15.6214279882492060885217821411417399      
   14.2569135982464726240604151897544284      
   18.5145015575045431331502691600296839      
   25.1347121533577785287846474063392693      
   31.1905087177633631020326246891163306      
   34.6936316445997985319396824358498676      
   34.8366741856059063465399641975397213      
   31.8122603630580990440782238027676206      
   26.5655851943061514939665798706293194      
   20.2399017120657316597110191263440565      
   14.0224730249390918322960636464807580      
   8.69945426510743865776433271066845348      
   4.67297938993617187959550861224825943      
   2.12912872109129386942185360111938795      
  0.618320646527990242495150479894193493      
   0.00000000000000000000000000000000000      
