   1043320.60920294991515059455423775949      
   839831.385126197679985585786542358197      
   595121.729199612484703571976743087719      
   530128.176216501347707850827504956384      
   445151.932343543320802120405224836148      
   348614.444153813154678903121443959608      
   273162.434342253603955393655705742892      
   201715.892706626644844925250298069169      
   146137.445103944864906801547369712101      
   101585.762692478803697458595600330222      
   68189.5183761221014426895424305452778      
   44651.7040170229028786400681197177002      
   28227.1611094089490147715961847311375      
   17734.2084401635442099752486594830604      
   10964.2876725707140548236443129433316      
   6871.43847713650325941885958673389324      
   4342.29786285288264825291992433445157      
   2745.11931338848849023097788264179149      
   1704.89241283426615958407948300683165      
   967.276764751121629524910636212550526      
   464.281948634288454899239983318744717      
   122.571884947008766122990246344169452      
  -70.6835368270367159427226706589642454      
  -148.754852303409033392620246107946832      
  -142.307555391868308671164802332814078      
  -84.3985652940783513058149141872808439      
  -9.82435257926279072155219972584380610      
   58.5992220876099838080964652854298241      
   104.204923934433298504161635610645328      
   123.060894929239588867222866027950428      
   117.936992494390080418848524489963796      
   96.9094629851875859981499513662255888      
   69.5356572144893335100791505853209706      
   43.8190953718751168847370676034615010      
   25.2213613104429857952922887020801494      
   15.6263402501544803878770230422122786      
   14.2822069730452840928087333753534458      
   18.5358282088177384332137724826217439      
   25.1407864132942786944639688779966372      
   31.1728646569586375996163543119086592      
   34.6555697517105307140484991701782334      
   34.7847476165879099421227928414373491      
   31.7555617007838441981966198823219399      
   26.5124042550074672365704466201280524      
   20.1964352274745434026412623102856245      
   13.9909132047250535119313399480960157      
   8.67928333286572597204497058227132318      
   4.66364011526602239099916233360850401      
   2.12367630143932144682661415245037011      
  0.619310472095687528448068207654590101      
   0.00000000000000000000000000000000000      
