   1054839.76424600372662554105042066779      
   834041.487750432571083883115638142708      
   595835.842686869369170733934171474783      
   531580.710145066611629493219706783043      
   443178.327061704596014114068807802158      
   349700.244522064839847546221816321623      
   272304.597768115381198134731743924291      
   201900.914550759815323305456422609946      
   146065.990732156983303071584569896203      
   101535.464506011936744716602119550818      
   68352.2024292948356937595971892918481      
   44643.6646938011189117913826899014473      
   28360.3912684072336013088010404738563      
   17753.5092568085285776519480733446379      
   11004.1251141714673622796131145439730      
   6870.05889393524973453861278451455444      
   4319.46122578631596504304655206346476      
   2721.60773717825883673333633314698192      
   1668.90951684162251990325230413876015      
   945.070027087196297119003787666757066      
   445.143759036482860129335282809252535      
   116.094960887469112857004447363326335      
  -70.1271076088497182152986141188382711      
  -143.045314009458253546250145794912706      
  -133.979770319605839598334237575951120      
  -77.4808821366280161967787972179789184      
  -4.80147339473535733761236743566017085      
   60.0790621088166991226082841824465113      
   103.024026339633419210970191471180495      
   119.809123123247117723863589858072393      
   113.807572613732880620879833311008161      
   92.9617928001635910352187302537870634      
   66.3827858730580762909920575918750301      
   41.8627545693303169358146555457430307      
   24.3394071763441065181177292080853012      
   15.5708703811398148773146676821116441      
   14.6244199182802657786050165211575337      
   18.9075245577826919863271004344399562      
   25.2643744952970445675344327889182379      
   30.9245021072441493889782398073878753      
   34.0434231057697244610604718081224521      
   33.9164179837045661240394050856140739      
   30.7854213713472131933981902445245110      
   25.5789930969818155900853770986880437      
   19.4194947067145727296947914838101077      
   13.4120210692665679024882212448674559      
   8.30322554322883617961445545422889373      
   4.47122788743174685930435205133557665      
   2.02159992969675397124272105460875850      
  0.616219142670036675916321887621251596      
   0.00000000000000000000000000000000000      
