   1.47783703612703472356823651660712078      
   1.50842866134429102400495295882513989      
   1.53931923597593749970284938289675844      
   1.57052200941198839845945130495715542      
   1.60204995466063890823200562861787218      
   1.63391580605468075031025871320278634      
   1.66613209305307058821718372510037937      
   1.69871117065522406709129377038129993      
   1.73166524686796816250521805572966052      
   1.76500640760054840323060571028237194      
   1.79874663930921187859311512197607776      
   1.83289784966772508734208955450523740      
   1.86747188650217996761824080053613669      
   1.90248055519633552510450110745981080      
   1.93793563474652553719645216161331876      
   1.97384889262200800883595921866437037      
   2.01023209856686956932612253290115328      
   2.04709703746267661609431105858253525      
   2.08445552135653214681721940756565869      
   2.12231940074667916076236869177104945      
   2.16070057520697841687738119867569579      
   2.19961100342222265132077683248517466      
   2.23906271269811603032950729655096938      
   2.27906780800266663589433165656382503      
   2.31963848059179063656583071830028615      
   2.36078701625084567290925902381370476      
   2.40252580322627663520439021095880421      
   2.44486733983841054095525345206536363      
   2.48782424184205723723479563749864227      
   2.53140924955057593155319605282003607      
   2.57563523475218707296165680723140169      
   2.62051520744247994884460764015764469      
   2.66606232239481392952167231255018930      
   2.71228988558830749888960943364195342      
   2.75921136051132317194936252239504608      
   2.80684037435676138196344620189018440      
   2.85519072412404918721872101796004084      
   2.90427638264143011338431829304728601      
   2.95411150452101202153870115785597358      
   3.00471043205799521869083673683356519      
   3.05608770108456975484943133927766325      
   3.10825804678812715382228877573651574      
   3.16123640950266738748519581302930784      
   3.21503794048158761488826251270066719      
   3.26967800765940714898690044970734549      
   3.32517220140940458582927543482465412      
   3.38153634030361773684878172764987338      
   3.43878647688116665358605365506421586      
   3.49693890343041588247493440830242427      
   3.55601015779007621065889727012523633      
   3.61601702917396157906366324697143445      
   3.67697656402375747181931542047766793      
   3.73890607189382020818903606586705172      
   3.80182313137170929768986076000917960      
   3.86574559603785383184253357187733763      
   3.93069160046746751294804230539313774      
   3.99667956627755180880590127511529382      
   4.06372820822156148161154064125987185      
   4.13185654033404912039466297867396267      
   4.20108388212735338871049650446724049      
   4.27142986484214782029043692067890798      
   4.34291443775342133852997298372868080      
   4.41555787453321677335817552386895069      
   4.48938077967120783249164500290753596      
   4.56440409495394684069128091975667872      
   4.64064910600336349298821691324834047      
   4.71813744887483770537458501704807150      
   4.79689111671490570911713754417245740      
   4.87693246647838631860218213735648352      
   4.95828422570443304182332202796545578      
   5.04096949935072508735528215828257886      
   5.12501177668470568956932718500341986      
   5.21043493823045755899346455226874239      
   5.29726326276947157145774961385391301      
   5.38552143439321435183320739130629075      
   5.47523454960501877528322443127162587      
   5.56642812446850513920094283019860347      
   5.65912810179916668396650301715158634      
   5.75336085839550539588106892383996562      
   5.84915321230554915512549089506372268      
   5.94653243012410107567675869380274829      
   6.04552623431557612349546196652464664      
   6.14616281055673157919329828816844503      
   6.24847081509302090426641933551073305      
   6.35247938210169224954577365253836156      
   6.45821813105410620351345850228169206      
   6.56571717406905911180540078362511313      
   6.67500712324817911980205428300847577      
   6.78611909798320297837856744410462314      
   6.89908473222749850548163064026673676      
   7.01393618171324756707794875315586274      
   7.13070613111217862737147619273980081      
   7.24942780111576778343013932004657233      
   7.37013495543261288897428619440995648      
   7.49286190767492591201381950385255537      
   7.61764352812679848216719105556858151      
   7.74451525037283125975983645841366012      
   7.87351307776879720822570006943990866      
   8.00467358973388682863481888250837788      
   8.13803394784279677226415424647424277      
   8.27363190169460479975954337341014458      
   8.41150579453310188145752522017254758      
   8.55169456859258093448790426511551164      
   8.69423777014058068792733523181532011      
   8.83917555418758489521522319087919069      
   8.98654868883127158017720699689931563      
   9.13639855920213350438078950906093763      
   9.28876717097339919724784313651681966      
   9.44369715339738460624175930261411095      
   9.60123176182744299693472667949926820      
   9.76141487968236612732139751850289733      
   9.92429101980760022358982129560233154      
   10.0899053251849482921743479519610726      
   10.2583035689397001312380111363488002      
   10.4295321535914287406607224857568772      
   10.6036381094909375570008151571949075      
   10.7806690923854366839963270315373637      
   10.9606733800441865054469130256874114      
   11.1436998678847732979175600506151386      
   11.3297980635243857563557936174194357      
   11.5190180801858126907552041722095400      
   11.7114106288803992830345327571135834      
   11.9070270092876178815354889809557915      
   12.1059190992465587232007717071060008      
   12.3081393427716024023719755349839042      
   12.5137407365001550828727442999433238      
   12.7227768144760744431620630699282836      
   12.9353016311706171283139643927354776      
   13.1513697426329298522026903165908386      
   13.3710361856675038157150755815122881      
   13.5943564549237407773432453358144975      
   13.8213864777808963887335882632545914      
   14.0521825869124080361609499582396450      
   14.2868014904031229567978851906489872      
   14.5253002392930383828419330474426881      
   14.7677361924223628677658950503751948      
   15.0141669784317178552898114388478750      
   15.2646504547974722349209077369579365      
   15.5192446637501194728525108428399091      
   15.7780077849405972273835759586279411      
   16.0409980847103108731298094310002359      
   16.3082738618153711683519048206425128      
   16.5798933894659038120820140383998786      
   16.8559148535312219747447073082610838      
   17.1363962867618397780852306038981992      
   17.4213954988867540816826849673574402      
   17.7109700024425342159662689539584552      
   18.0051769341886548442434201233064935      
   18.3040729719804871628591403566780069      
   18.6077142469540515423586733953386580      
   18.9161562509096382558884830508151984      
   19.2294537387618942310817633405776871      
   19.5476606259517152818104375933714103      
   19.8708298807153384146719811238044901      
   20.1990134111153783713240951458320800      
   20.5322619467621366450351623464146715      
   20.8706249151547706078452263841300963      
   21.2141503126008931570421511643931921      
   21.5628845696769740191359074726629384      
   21.9168724112401227984021263706662615      
   22.2761567109779028405783278149328800      
   22.6407783405706985261912216429308821      
   23.0107760135161134491808636372547958      
   23.3861861237286262064254340181421886      
   23.7670425790506969565106199407546201      
   24.1533766298693848137973474110162145      
   24.5452166930404143479164291968053506      
   24.9425881714164478226580818616940814      
   25.3455132693090517743317092286693440      
   25.7540108042627860851184091309187821      
   26.1680960156174410904052781453452412      
   26.5877803703791005974806334707547256      
   27.0130713670364882485533383036453587      
   27.4439723380139941034872852493724990      
   27.8804822515624624496939021819701021      
   28.3225955140296143526239417902097417      
   28.7703017734787338788318827679709453      
   29.2235857258420051342570035903234974      
   29.6824269248173245156084565301772234      
   30.1467995968910072681640424391236631      
   30.6166724629241550468927814206303959      
   31.0920085678450880109214656904734242      
   31.5727651199975382403924493546190310      
   32.0588933416873428919334186229841355      
   32.5503383323519526397989522918376328      
   33.0470389455362170027404189217046274      
   33.5489276804477232157317071096342858      
   34.0559305882042217298476502528097973      
   34.5679671918915787728359446872301554      
   35.0849504180968331445195476235469607      
   35.6067865354923170646890617982584702      
   36.1333750930856341058669941911703788      
   36.6646088465743964190771294229107325      
   37.2003736553439666336653466345694179      
   37.7405483242855710493215988125201168      
   38.2850043526217648648213739492154606      
   38.8336055345473042111587534918270753      
   39.3862073308061070712089918902621081      
   39.9426558916364174685897427015886231      
   40.5027865518114760101158312198184159      
