   647.702503353453317082037886042734803      
   574.986462856757103658201013531361978      
   423.469949573318238103643211653523510      
   290.059115622797949646786467049590674      
   192.143563416848608170072350927518171      
   115.045750646927555375339855022104208      
   62.1538786698654518454069553471237669      
   33.5079663210187427990117889458410847      
   18.2378667280011378255401024318804151      
   9.29735194048832422873118781639931746      
   5.01329717626640912439135400836534154      
   3.41379720683792057203764307254498787      
   2.22299002531703559965015635053319049      
   1.29989117194261500095741524856172023      
  0.990769779787981830951844303420780435      
  0.619723657837763889999064624455345871      
  0.270361919008922984604250802713396012      
  0.227962528621019422729540480515754046      
  0.130118218189851445803200174797989430      
   0.00000000000000000000000000000000000      
   0.00000000000000000000000000000000000      
