   19913605454.0328478359776102575074423      
   511533137.157605930275425811721557471      
   313283096.559448041903282008606654414      
   149298314.915032248210149581743251979      
   65365948.2620491242759190765369892740      
   31484619.0289251685952727727098962741      
   15842170.6550557217061306136297732031      
   7307467.67968902491560893592418658405      
   3178619.70900657016271340728896049224      
   1395722.69984455305754628157307319770      
   584841.230349768899876961947299143741      
   241979.423746578492889401728599173785      
   116439.312939812148314741058482021485      
   62139.2885256561283203924863119847114      
   36858.9372915364496405724197850118550      
   24057.9365527365968447417303698827939      
   14011.7237043921231921959443211680801      
   7608.42607672833530390581650584998285      
   4099.46521139745548398824349176615426      
   1483.44866960955076681852984388185107      
   183.612326046534207625086285977298783      
