   260.282765332760110956303275001491259      
   260.267541916943170310890996349528166      
   260.242125445562054674357869201015624      
   260.206491309567219306327325944023892      
   260.160617613200084331987046069657453      
   260.104487062015777079119271021523860      
   260.038088501430212379722344805174444      
   259.961417576545986764875415040674626      
   259.874475140267787055211080013305359      
   259.777261676551102222157708258893467      
   259.669767074849957580365813274410882      
   259.551956988894144670085477912047949      
   259.423758321356124918693082195713305      
   259.285046451083010284851854592699134      
   259.135636026266716967336075434359207      
   258.975276170924939558453573344576228      
   258.803650226987659269654915271547235      
   258.620379740213546283559271971256979      
   258.425032152272289649028570994342124      
   258.217131445919735900790854348065419      
   257.996170771422315986774112100844595      
   257.761625913067724831042536927978014      
   257.512968407061977259168072320380134      
   257.249677233378430484900300879522440      
   256.971248258281332981240440583643133      
   256.677200945604907072934141271061225      
   256.367082213642344876269827405492076      
   256.040467629695974590976637656255673      
   255.696960366681160785720731520234472      
   255.336188480771316717207577341269685      
   254.957801111133438230000945684683903      
   254.561464170342307631134068970373538      
   254.146856010567988682248770793742708      
   253.713663439418969888684094519427661      
   253.261578340038699729337392948987725      
   252.790295037141911277196752913412503      
   252.299508453273010094187317433554503      
   251.788913022225917248841355111005633      
   251.258202270352585906565292653154024      
   250.707068940121153119305699470222855      
   250.135205511109098631928410517400147      
   249.542304968361764889084914485736532      
   248.928061673354959889650916277168136      
   248.292172205553717789782982754593821      
   247.634336060052736076032813718931730      
   246.954256106791576277129765854674848      
   246.251638737611836842363590137839017      
   245.526193647652820484698929780906397      
   244.777633216334444796934626713982249      
   244.005671469833062904834605685822681      
   243.210022621153167786815340350830419      
   242.390399195468642568653644429768860      
   241.546509757336020785238219759682697      
   240.678056262762394136641061057592059      
   239.784731063114370510967554277471455      
   238.866213589701909682717027378087229      
   237.922166747809903710073247960909804      
   236.952233047238933421670135807230171      
   235.956030493306145996846095656415917      
   234.933148257984416146927826787250697      
   233.883142145633759888857709462809021      
   232.805529861783796478652786636077011      
   231.699786086803727528630528321628145      
   230.565337349153019028056326668153691      
   229.401556685305629474338812600779216      
   228.207758065404345357565728867200666      
   226.983190555208478223662121973858369      
   225.727032175877323226580499722022415      
   224.438383413469036153323654432166491      
   223.116260319559266416333259980814532      
   221.759587132871680923863183569477593      
   220.367188338971853184239388967773631      
   218.937780070539329353068934207179870      
   217.469960734041846457329217511069144      
   215.962200729219354482718274592723965      
   214.412831104931228330853171289345192      
   212.820030967738728984256380197119044      
   211.181813426965603585895161854038869      
   209.496009820487300970564612778194453      
   207.760251917336262871945455081264400      
   205.971951734058495189834036625554016      
   204.128278528612012282252444144121789      
   202.226132444541841551361027621435882      
   200.262114164040896961364357991351010      
   198.232489784463527877941170768685892      
   196.133149949718760303094560534768316      
   193.959562033322223710401611529771345      
   191.706713866747961216032073839984166      
   189.369047111636809091423810846675817      
   186.940377854580599069186531345674469      
   184.413801312134279875524116527466005      
   181.781576604669817047463249798390116      
   179.034986293363140764347964355255490      
   176.164163630730290691073967063911092      
   173.157878033898927994558444407665660      
   170.003265815684877525746519549780669      
   166.685488172968815380759994975529672      
   163.187290981251152253382882068110195      
   159.488429661654299182669494891794555      
   155.564904846823965717016878860958059      
   151.387926480732466559504422320653713      
   146.922477447302364424962447914039873      
   142.125267687134722813410725699697244      
   136.941725564582817508801075316118374      
   131.301400277699187980145482837969385      
   125.110600772236241623195327893020338      
   118.239913655344602369947268438922569      
   110.501451851226105905399048238995276      
   101.603280466504875130797938637254660      
   91.0453193782877942316044484364497902      
   77.8284127672106666461197858851979251      
   59.2754066041969278391611865094068300      
   1.41583667151745241999169812981334853E-0003
   1.20871735491172402899898344778311017E-0004
   1.19918609482197190355349691822146666E-0004
   1.27374743973160407695038882145675416E-0004
