   24298602328.8781119939237045914105428      
   3353040114.06071580583012981202405264      
   1164337306.44419765551861077885929161      
   374261524.988951715149880399072985900      
   340166330.903469711148230410385231151      
   258266263.889250178418617697343353518      
   183428494.548894583079641766130028549      
   136229760.165309462671606932658060137      
   93827475.2190555573503874842110416979      
   64980552.2461499910702578356004676685      
   42705079.2312727476863065844068251832      
   27239418.7568670233083640758703029578      
   16829573.3587151090680842685783496196      
   9950455.06459059493688090182683778675      
   5820384.21016987491000553851481813603      
   3307273.92800519036557392003521562637      
   1933534.81086188904548512911311152154      
   1163475.47074976913055534572352232526      
   740587.857553464304577078902441937668      
   490797.162084174677392025656012754555      
   317116.416595196292116064818540784586      
   191870.005708267325331403592095944427      
   92797.3770135540213047119085183130257      
   23556.5383362857052726008925993976830      
  -20101.1331356855442742323490774856253      
  -39905.3580442047347270151998401969000      
  -41394.0800501212711636687130134952159      
  -31867.1201194159431186952195469601792      
  -17372.9236825250421157130440658540398      
  -3620.38105119356475721766081277390109      
   6533.86122129228161458510947463045358      
   11744.0568976032403305327723144707443      
   12493.2420315548782909813938310566244      
   10126.3050949683426834249914685876547      
   6258.57452343115470852521980818633567      
   2368.25981815533670926577627456671981      
  -600.272113639582859350755653443720279      
  -2208.09834210653083979615847639474078      
  -2507.49119727392369921140470613475636      
  -1844.73497676674377042243603597546922      
  -688.279092674963270961224605710440180      
   524.458734084460924851510518743105572      
   1476.96919193364444375196389015155878      
   2020.08618302782542201498107267207483      
   2140.88762383265053890910311861547026      
   1926.21321042069408178441133865877650      
   1527.15138984191111260402084141423268      
   1050.11314937626565447196843680072902      
   634.800447575770819963911377057168474      
   326.444270284785102910569056340629783      
   92.6675473233589954556197136022511342      
