   24296017752.4186464536608412060058929      
   3354619898.48179807827318191990591617      
   1163784397.89119775259263167428547675      
   374384093.941510103607225858629173217      
   340200940.827757001539921732223155476      
   258211067.035080629709009649554381748      
   183466679.786479826727045893892900620      
   136204131.036974702681791617218932261      
   93836312.7883713389316035339965186762      
   64975955.1226913136630846122182684209      
   42704218.3494756449866500726517700053      
   27240946.4309712656752976527647960403      
   16828346.2808478825744280471904414912      
   9952168.02091244556475453813997448932      
   5820165.78008822197454871464232169451      
   3307957.12987934405879873063788434603      
   1933677.11523183578710081127848321608      
   1163462.11939625799187249090853946053      
   740643.477948768432411794782464365381      
   490575.011064961200631071426067989185      
   317064.783337274860870921276265980333      
   191710.965909402143057063764807124885      
   92747.5379032131050525288406303084855      
   23517.7029556813444829907567515780135      
  -20101.1541614400682126573636092574768      
  -39875.4935008932035956441427527359581      
  -41366.5842128693203672214212472161254      
  -31831.7709533463822447581585095633534      
  -17352.7858603979328595497094515357792      
  -3608.34631510163049712432044511606127      
   6534.94960258134829495224074737550532      
   11737.0537829962933817289952710789577      
   12484.2261317655906920025813176201196      
   10115.7643530126301374558435336175086      
   6251.44847129396166108467506552097062      
   2363.68407857796632447139154061742111      
  -601.237077140205407169763557821535845      
  -2206.77574135360814454005464323087847      
  -2504.97955775706527715824828982798475      
  -1841.92982019303624600776422525327140      
  -686.250071541411922489596749626424889      
   525.592489700952835910237487658437618      
   1476.96846858652614114193377707721966      
   2019.36775843358087852895472543703740      
   2139.62810647407825459939546358014495      
   1925.00260864845072953795711088568381      
   1525.92285071100167405676908419883192      
   1049.41012245289632662922774204889126      
   634.232199340202159504223170825518648      
   326.221288390332946134105212103468787      
   92.6853855328277333102163239117031161      
