   24298622580.7828240724462535066803561      
   3353027725.00407958634554858439508139      
   1164341644.92004731331785091144202622      
   374260566.586671269535170529030821351      
   340166054.571422170702150790683871615      
   258266701.649229545109675956424212854      
   183428191.527656822441499939016027925      
   136229963.266402089217797359871649166      
   93827404.8150360159111257762634333382      
   64980588.6344776153939417110432852289      
   42705085.9141440576038349003662251288      
   27239406.6763443678303395183655194190      
   16829583.0516752794978670117341009973      
   9950441.61267363251131510998950359454      
   5820385.89512979446370141470171712767      
   3307268.66046464738716311377031984095      
   1933533.60303512866073152506801304472      
   1163475.68699434420942292426854211564      
   740587.329015255966273685983519977683      
   490798.986965449684317929683582969491      
   317116.754100513869238904585013737497      
   191871.303552382617879366387690146185      
   92797.7233086954948828208035284884985      
   23556.8753417374219511782699788230569      
  -20101.1639209413965752752169778987632      
  -39905.5667562520612406808275398288394      
  -41394.3198348744964046100565344466557      
  -31867.3745757253927782197376169924968      
  -17373.1021707725442406584551589204584      
  -3620.45512232456384543665268435650418      
   6533.83461003245251093760806400313196      
   11744.1292852026593653573108619690727      
   12493.2968148576145487363504127275458      
   10126.4025814784093269581549575453159      
   6258.61644576632466515137904834063681      
   2368.30850958611564362490630890014906      
  -600.276810440324966400734195225477534      
  -2208.09731736071886874047018034139145      
  -2507.52179429706658434951544723314037      
  -1844.74661127087691017345489138328391      
  -688.304872235706563865393575682487554      
   524.459368452137390238668360207847766      
   1476.96010408665737665409217458816853      
   2020.10062647193866756360459029140169      
   2140.88901652141225834753822617409356      
   1926.23091388758074777349553714963598      
   1527.15304623252240492385069953334224      
   1050.12639259428271303677134291636317      
   634.797349736127823035018952781837401      
   326.453376804111293484928620840734245      
   92.6601956234253033312578326216618585      
