 0.11174265202507E-03
 0.11174591996998E-03
 0.11175137665312E-03
 0.11175902832124E-03
 0.11176888103029E-03
 0.11178094024144E-03
 0.11179521047236E-03
 0.11181169501075E-03
 0.11183039569698E-03
 0.11185131277818E-03
 0.11187444483138E-03
 0.11189978874957E-03
 0.11192733978261E-03
 0.11195709162659E-03
 0.11198903655844E-03
 0.11202316561834E-03
 0.11205946884988E-03
 0.11209793561543E-03
 0.11213855501198E-03
 0.11218131641685E-03
 0.11222621018984E-03
 0.11227322854621E-03
 0.11232236659372E-03
 0.11237362349911E-03
 0.11242700372283E-03
 0.11248251823942E-03
 0.11254018565075E-03
 0.11260003310188E-03
 0.11266209692308E-03
 0.11272642294481E-03
 0.11279306645969E-03
 0.11286209183392E-03
 0.11293357179612E-03
 0.11300758645166E-03
 0.11308422208470E-03
 0.11316356981743E-03
 0.11324572419728E-03
 0.11333078177944E-03
 0.11341883976458E-03
 0.11350999474200E-03
 0.11360434157744E-03
 0.11370197247365E-03
 0.11380297622116E-03
 0.11390743764707E-03
 0.11401543726123E-03
 0.11412705109295E-03
 0.11424235070553E-03
 0.11436140337289E-03
 0.11448427239961E-03
 0.11461101756501E-03
 0.11474169567120E-03
 0.11487636117585E-03
 0.11501506689147E-03
 0.11515786473449E-03
 0.11530480650930E-03
 0.11545594471438E-03
 0.11561133335964E-03
 0.11577102878635E-03
 0.11593509048270E-03
 0.11610358189021E-03
 0.11627657119766E-03
 0.11645413212109E-03
 0.11663634466965E-03
 0.11682329589844E-03
 0.11701508065063E-03
 0.11721180229224E-03
 0.11741357344384E-03
 0.11762051671414E-03
 0.11783276544142E-03
 0.11805046444934E-03
 0.11827377082431E-03
 0.11850285472233E-03
 0.11873790021400E-03
 0.11897910617689E-03
 0.11922668724552E-03
 0.11948087482991E-03
 0.11974191821488E-03
 0.12001008575309E-03
 0.12028566616667E-03
 0.12056896997346E-03
 0.12086033105583E-03
 0.12116010839262E-03
 0.12146868797658E-03
 0.12178648494365E-03
 0.12211394594327E-03
 0.12245155178368E-03
 0.12279982039119E-03
 0.12315931012831E-03
 0.12353062352323E-03
 0.12391441147161E-03
 0.12431137798222E-03
 0.12472228555081E-03
 0.12514796126158E-03
 0.12558930373470E-03
 0.12604729106065E-03
 0.12652298989069E-03
 0.12701756588658E-03
 0.12753229577606E-03
 0.12806858131347E-03
 0.12862796551184E-03
 0.12921215159723E-03
 0.12982302524322E-03
 0.13046268078044E-03
 0.13113345225301E-03
 0.13183795042362E-03
 0.13257910712980E-03
 0.13336022879299E-03
 0.13418506141415E-03
 0.13505787010876E-03
 0.13598353721609E-03
 0.13696768437551E-03
 0.13801682586518E-03
 0.13913856320392E-03
 0.14034183492511E-03
 0.14163724117581E-03
 0.14303747140283E-03
 0.14455787656470E-03
 0.14621724796554E-03
 0.14803889806590E-03
 0.15005219381687E-03
 0.15229478786061E-03
 0.15481596235329E-03
 0.15768181722225E-03
 0.16098366119270E-03
 0.16485228517919E-03
 0.16948381426151E-03
 0.17519044261718E-03
 0.18251119665649E-03
 0.19249277264140E-03
 0.20758574597847E-03
 0.23600961569964E-03
 0.40362902824013E-03
 0.58605354299851E+01
 0.10810876550370E+02
 0.15432278500799E+02
 0.19891912147485E+02
 0.24258153698162E+02
