   627.830220609006941103284984108451218      
   562.670399570155384358931689934615169      
   426.771121178132470760201482145562664      
   297.684719819517143599878089973276359      
   195.665975252542166989781375628203885      
   119.290249040968239238037952253796224      
   68.8104407270690615233255522440034983      
   39.2327267443662499442621010040220118      
   22.3810259479884212887163981381969114      
   13.0705257291828748852907180860320039      
   8.09988631226141396333863469129648493      
   5.17041898404363568265409553865111048      
   3.28155030487859491566444477937722402      
   2.03639889568573886902966829901600865      
   1.17016452401101662090738366734875670      
  0.603753222164688139239820267914688159      
  0.277907176863598117191931226568970396      
   9.92658567491414082498022530561333389E-0002
   1.85153901755197310547804459208844072E-0002
   0.00000000000000000000000000000000000      
   0.00000000000000000000000000000000000      
