   19880105844.1375495950005411866250038      
   523892543.744103118118463587570520706      
   313123794.200493915624968949020398879      
   148315793.725722782015908874114778879      
   65419135.5950817381628616507968063156      
   31660215.6777180523659085840902161515      
   15800144.6723594773417166118396183923      
   7285083.71452367413982447171455325867      
   3194222.40719786647152924736318664258      
   1395557.26702729667747219952198689824      
   580888.276864195465937321375998944511      
   243448.970130885351940256488928370399      
   116452.780950603713866070925439313146      
   61813.5761982914883228346291734146140      
   37137.6297973240782149973040019280591      
   23961.0744615593355043139204321892340      
   14001.6281052534350117847819391196443      
   7718.31176002971152960568703645205347      
   4023.11558644214842667986978405309339      
   1483.59230844815398539721595188963468      
   248.233816295094529936475050307157647      
