   530976.395636183577273435229306991064      
   451691.759181198328177541121136565108      
   298135.283508419890701906922511429312      
   173359.478978055806769336315173500202      
   100380.899657894125693976799449084128      
   57058.7946420334967338994732087546320      
   30024.8608826670535072790330259514909      
   14925.0784531722165541642626770846970      
   7360.15466315830177452786089819805172      
   3567.84373566416372178962154101067349      
   1777.92516210763381430610418252595982      
   986.118565370587073443031609599986834      
   587.729810450271800818949410625844642      
   365.037225280100097506252043111325256      
   230.584715591992435729969773876330405      
   133.958587099344326288794568441309447      
   70.8442405633540337363720357291185993      
   34.3914600993505748719853553135971161      
   12.5281014588015842392110916064765712      
   2.20652848452965833053933275952371435      
   0.00000000000000000000000000000000000      
