   9.75800767030885480696575674323162107E-0003
   1.01431960947013081449765983812134561E-0002
   1.05439313931336250054880081125211552E-0002
   1.09608049259316754055437797696517075E-0002
   1.13944335644393813623092007180154209E-0002
   1.18454606465040098030390551717617494E-0002
   1.23145569521471163689816710285916005E-0002
   1.28024217041507940005727732366833282E-0002
   1.33097835981178985258972792129020812E-0002
   1.38374018665435902893112789598733180E-0002
   1.43860673811432420749844518742404929E-0002
   1.49566037975448354851770966751394988E-0002
   1.55498687461316983269396868829568027E-0002
   1.61667550726081981058538408023603115E-0002
   1.68081921316551379205188159544199024E-0002
   1.74751471367888076802818651325900112E-0002
   1.81686265693943300413758463187024121E-0002
   1.88896776497589218648495305288144048E-0002
   1.96393898728288930174358439215966838E-0002
   2.04188966113176824609111959420055417E-0002
   2.12293767887931861818397768518892305E-0002
   2.20720566253598628066821980932455449E-0002
   2.29482114584921899329446459777458591E-0002
   2.38591676418046920531101167047901022E-0002
   2.48063045243618601317296624758852277E-0002
   2.57910565134641008257866670742125740E-0002
   2.68149152237798957234529937424503679E-0002
   2.78794317158643784153962988712816458E-0002
   2.89862188273030368485064794275521906E-0002
   3.01369535997202003505413387627880053E-0002
   3.13333798051647151861866003389922352E-0002
   3.25773105755207423666105884035162800E-0002
   3.38706311386822863898973118305837986E-0002
   3.52153016655321252647413681917520808E-0002
   3.66133602318077521941917824211839323E-0002
   3.80669258992610629584047522033007291E-0002
   3.95782019205773341272642145895084326E-0002
   4.11494790728739018429975152983739121E-0002
   4.27831391246154887258526294450168084E-0002
   4.44816584411748924478096099255198995E-0002
   4.62476117344338044116796483683105314E-0002
   4.80836759619040015025495263909229710E-0002
   4.99926343813809878602725137585451535E-0002
   5.19773807670565982297301157571213509E-0002
   5.40409237935266192840022118934824327E-0002
   5.61863915942425014664556449347945176E-0002
   5.84170365012745645990365663238353909E-0002
   6.07362399735596511559322879249708932E-0002
   6.31475177210251633345558075318260743E-0002
   6.56545250323601200865175223916786559E-0002
   6.82610623144594790392717522751699121E-0002
   7.09710808519525938801806086300818419E-0002
   7.37886887954076774939423108198039082E-0002
   7.67181573874858686356151586357837810E-0002
   7.97639274361858816809036673266052694E-0002
   8.29306160451964469089832160482094858E-0002
   8.62230236114459312772566553011992590E-0002
   8.96461411004443785258869865210024421E-0002
   9.32051576104302857548611197295626682E-0002
   9.69054682367879063215001813745880464E-0002
  0.100752682248622046503224601571508877      
  0.104752631589885325842009646897495163      
  0.108911379717912370751153258285875119      
  0.113235230792736207067342806094599230      
  0.117730739231114089365362827429725774      
  0.122404719639746146958393818823496558      
  0.127264257142651090997583035491485900      
  0.132316718118402576897268762218122013      
  0.137569761363467736066277276898298305      
  0.143031349698495675553314217722972212      
  0.148709762035211013740649675282173960      
  0.154613605922072122811361301224428627      
  0.160751830587750871317977765388864084      
  0.167133740502212383689834173252958941      
  0.173769009475732025578388010290653579      
  0.180667695317440876276426318697457928      
  0.187840255075358657195220279718924620      
  0.195297560881105471751990724608921763      
  0.203050916423182443508253999533816856      
  0.211112074073798597105422935164013995      
  0.219493252695092903060998290110037800      
  0.228207156151727664041203684895700279      
  0.237266992557816864431110328633917980      
  0.246686494287292662382000751451943230      
  0.256479938777994609266507359890504108      
  0.266662170160887168557302330753012110      
  0.277248621747109864575266301044225019      
  0.288255339406867080265430546279818185      
  0.299699005875471471082517413768284206      
  0.311596966023238210702071810069604147      
  0.323967253127442496818077811042279728      
  0.336828616185995434022905699584101314      
  0.350200548314110464459246368717667073      
  0.364103316266804232127036037877129474      
  0.378557991131822322445937948302569915      
  0.393586480239315387424052247888163349      
  0.409211560336411800633080879802391907      
  0.425456912076731993234719429467193709      
  0.442347155876898462670418070562070800      
  0.459907889194070337927380256518435480      
  0.478165725280773919784520903077637263      
  0.497148333475357395265506925720075177      
  0.516884481088875856965575463087950185      
  0.537404076951467640489067773320164149      
  0.558738216683793453336149302695472454      
  0.580919229761771585225540454801136774      
  0.603980728445368602250354786724098282      
  0.627957658645170591048958357267863476      
  0.652886352803144014848054597044994446      
  0.678804584867209984032255619019752478      
  0.705751627442220322649933775516824965      
  0.733768311203197003976932497853309772      
  0.762897086660165575046589743869284200      
  0.793182088367153919263731450673855335      
  0.824669201671985043219014369187415678      
  0.857406132106679342479508897734800804      
  0.891442477522776792520633946378229628      
  0.926829803079559577763219144568221869      
  0.963621719197522211693928194787442347      
   1.00187396259380293009808169887506246      
   1.04164448052084997376163072893915672      
   1.08299351833423204105835080605212534      
   1.12598371052055840703744853690480508      
   1.17068017532135579966346163406488188      
   1.21715061309422581767097083580484297      
   1.26546540855793886116470738859897398      
   1.31569773707388617968777946653816620      
   1.36792367512213980424658570790722631      
   1.42222231513660387605700144032761849      
   1.47867588486991231737534237049082444      
   1.53736987146550866109989117226320791      
   1.59839315042102560118699938953518330      
   1.66183811963424448917291076913527370      
   1.72780083873024640925193327650946580      
   1.79638117387596171118699242799360145      
   1.86768294829629947931425833612535370      
   1.94181409871412096028342280880831919      
   2.01888683794494397194126878768892822      
   2.09901782388597958104875828690741255      
   2.18232833514826055748885852051619590      
   2.26894445359015427455519071282290718      
   2.35899725402019607226467224194424717      
   2.45262300134761795022192785458627689      
   2.54996335546915801544293485703024121      
   2.65116558419198904643137994416974023      
   2.75638278450367356900356131186359130      
   2.86577411251193586358317020365972672      
   2.97950502238917847749227324184037495      
   3.09774751466917879486049786766822462      
   3.22068039425670403704393211519697717      
   3.34848953852399631040938846143505491      
   3.48136817588234743315575058407950112      
   3.61951717523219516565744688373246399      
   3.76314534670745241804663102349334144      
   3.91246975415113620929789191368732749      
   4.06771603976864028403215225965080366      
   4.22911876142742517440247702947853620      
   4.39692174308667471486756130929144785      
   4.57137843885959640201350314196175159      
   4.75275231122974076646364073449574026      
   4.94131722396264659858135835441036429      
   5.13735785027459283568676625012747644      
   5.34117009684162786729985571177335238      
   5.55306154425471111715150980122192350      
   5.77335190454970050100298076388871408      
   6.00237349646596964233543513476496707      
   6.24047173911262234963535773973335640      
   6.48800566474846358620267420300453120      
   6.74534845141000508205249981697901707      
   7.01288797615168271291616844953656247      
   7.29102738969372480166089247335842118      
   7.58018571330651098195241817861977611      
   7.88079845879514196782879344291431368      
   8.19331827248543676035949600874164808      
   8.51821560415210057256234743716637901      
   8.85597940187208364900209461628334183      
   9.20711783383115561862876210985853858      
   9.57215903816008955744645987656816670      
   9.95165190192842597998899961722282927      
   10.3461668704793492069815555225483909      
   10.7562967883490764773488402924554494      
   11.1826577730784611606392320729878114      
   11.6258901232943595712634720308822176      
   12.0866592625134269381437170405960312      
   12.5656567202029359896327171271814052      
   13.0636011517219902429843198883388840      
   13.5812393988628968076467794759279811      
   14.1193475928179886087486434284561812      
   14.6787323015121737143160412246072203      
   15.2602317233672692433800262450443210      
   15.8647169297025659022122627702651782      
   16.4930931581274472443215331576366998      
   17.1463011594499372064403164616031497      
   17.8253186008093882499309045222690264      
   18.5311615279471590802002100180144042      
   19.2648858897566175600045581167467821      
   20.0275891285093943344096220916864596      
   20.8204118394383017150533168466382938      
   21.6445395036786270164327354147261934      
   22.5012042989297290041242555406397893      
   23.3916869926065589325410489410742417      
   24.3173189227139233748793784032768859      
   25.2794840722008775804390911048761126      
   26.2796212431511756240315807282075641      
   27.3192263378475966034920337233042416      
   28.3998547545241216042318367180141631      
   29.5231239065044860157086889181177099      
   30.6907158744303962649538107573292821      
   31.9043802024221087684632292225503247      
   33.1659368502965353317512416244100336      
   34.4772793154076731523186670910006667      
   35.8403779392762797572301873432349033      
   37.2572834159345345444652970665857347      
   38.7301305208307624317445147513309095      
   40.2611420811864642741789152274038630      
   41.8526332108454646942561623588922266      
   43.5070158348435301281806191108958794      
   45.2268035310655324437529436367572135      
   47.0146167183377358492076285047078719      
   48.8731882219481668537366935537861314      
   50.8053692486914882297992810425467624      
   52.8141358038092185730349950771018174      
   54.9025955812909736755148144898536288      
   57.0739953564695675980311201593769630      
   59.3317289051516344268160152653427928      
   61.6793454660287324569854331073654862      
   64.1205587520704823278846672313120096      
   66.6592565011629163939648098169866196      
   69.2995105354954494755047851126937308      
   72.0455872721478308247788723463562264      
   74.9019585930197978457564459700184925      
   77.8733129398205257218201194860136508      
   80.9645664486469612005606058274693873      
   84.1808738784618552658988927239260575      
   87.5276390188322456065817019408728852      
   91.0105241856868521930649137659975212      
   94.6354583316739813051496275464541529      
   98.4086432132092581970516102862728228      
   102.336556974028989076492418403366787      
   106.425954430770948510662828900728980      
   110.683863286505376852070371501896916      
   115.117575460368992179680658275993469      
   119.734632712246573908148557802681450      
   124.542805766075459575184886260604340      
   129.550066196497223500924568271877189      
   134.764550440327446569884548453278624      
   140.194515421579168435220964458676577      
   145.848285427515302168636076849288601      
   151.734190031553540747902811457302208      
   157.860493014227020716582243084615672      
   164.235312375314529807566455103537699      
   170.866531653191888822754082275383815      
   177.761702873242490105148750218020970      
   184.927941545964963714556586796990827      
   192.371814245001954508094455340265823      
   200.099219438535001771747060322832727      
   208.115262448355659253348119008498189      
   216.424125690126362752373487884041635      
   225.028935719071514731472636709980593      
   233.931629070214143013030453524354195      
   243.132819431837604306019357920854068      
   252.631669303699288544797273316053143      
   262.425769935835485610141496293451005      
   272.511033979870007476044085823266294      
   282.881605868087532361941910470351818      
   293.529795420217737640509287125062783      
   304.446040519822558912026078986149217      
   315.618904862415055712878973851842409      
   327.035116724840355981977156405872762      
   338.679654419118135484195788887766488      
   350.535879590354441689428472885060606      
   362.585746236853989920844139189690922      
   374.810030812860551119184457972898044      
   387.188661833889074500705670686165615      
   399.701093199647898505513368981212439      
   412.326742514637329125148819672500810      
   425.045487748725634620671419669882765      
   437.838216872858101028022336303391279      
   450.687422177733489281671207659620767      
   463.577827289016096159767347257561008      
   476.497030183666041715505007860266699      
   489.436139556598945262950583846865887      
   502.390374559601144487100266616764131      
   515.359589358374354024411162705280686      
   528.348674704321146605372396736820132      
   541.367780084951340018201466954772977      
   554.432294291447891575979169445474497      
   567.562522937018505428196522740995209      
   580.783013280505795582204535510112019      
   594.121504974165549039716601407547315      
   607.607534495772463411329766547351546      
   621.270791934861824149308352483787081      
   635.139415284751286531186125689144174      
   649.238492998174895484077678063005112      
   663.589103259904761747188732030021625      
   678.208215906834713234943598104452522      
   693.109694642554885455514711930512579      
   708.306459906546179984083596949676290      
   723.813636487096396142790305714627800      
   739.652275243215257997739998148272708      
