   19326100938.3646104665103648100805866      
   602304459.271488806670997144859083745      
   367893676.085258214055710470013398102      
   170941311.194149597382123965008343302      
   66212115.6043459261741814197627252226      
   27694395.6604237567370874592083480783      
   16861301.6666099657596268534623976196      
   9036405.88728208708041984695376517023      
   2390504.62435452007270363383426316757      
   920757.157606778882356399738788095994      
   1080832.98406813407965699203509614339      
   270700.921789007179477408060798453605      
  -170869.570269137374312807109349696102      
   26349.7913852945683694455030059255339      
   175857.305803725500152047190186177861      
   15440.1193504742053200223449361225735      
  -145657.976612520067265296729271984829      
   60862.0639212616009872491827219939544      
   122988.020641439383520741078888705307      
  -97978.9562307562688443518600488691497      
  -96255.2206231196740821401089097349191      
