   647.365668443526106567148721004908676      
   572.728114510321036222661763600634605      
   423.505221167796412186001339166381517      
   290.948435836040105024688833772283519      
   191.104871891894179308720788530851680      
   114.054175137140078568748864013283834      
   62.0988560770299206981134462583555236      
   33.3516211121317857901033059064794124      
   17.5618405833937097559905418484271986      
   8.85892797462494215102480456186010512      
   4.88060011239491082949590291317489029      
   3.01742810256952409783672051570293498      
   1.81809686119003598333943438265816239      
   1.16123174827154074078615968735767215      
  0.706564509096866128341821680153574981      
  0.366624296326570607393397659545530252      
  0.165314431680411285236486744468842125      
   7.50504904908036977911117212031755684E-0002
  -3.43156661640183273590957478647448294E-0003
   0.00000000000000000000000000000000000      
   0.00000000000000000000000000000000000      
