   602342.999673515898711380675754850777      
   410158.070098094048103772108850689240      
   179985.630975497976336251634233544256      
   131938.011350641234136483521361406837      
   96074.2848168104166158142713930752707      
   48190.2800824388095043560604559093359      
   30077.7848331347241490631917200912383      
   14675.5273618743097563685581837194534      
   6089.21820969503124185635586140521184      
   3041.53856694180426013305014483371606      
   500.445947701624483628765979293097694      
   269.430643647866885070543120215375144      
   65.3686768478563492435801794971921178      
   20.2508399647477292391568962251382646      
   165.207115866847560270909816199020337      
   64.8898028738088279323087248495774185      
   105.974196230219717025589670718044448      
   42.6572170860047647896533875476868430      
   26.3105680717638688866372212018062174      
   11.4160526828749318842509662274005739      
   0.00000000000000000000000000000000000      
