   19871122622.0722880202946514447992736      
   528734640.066738995331253576482751374      
   311956065.621874303134380540139592196      
   148351208.622117327208259022370496626      
   65448210.0239612194545791270768028510      
   31679768.2553460269347233844100670841      
   15786546.5252865818304419849568878485      
   7286715.70509048955463447075304747009      
   3194541.29053165903498421584360966405      
   1396385.85891371900165584913116990434      
   580201.440878491847155235106013069103      
   243346.980812589991844431309902814585      
   116692.675797965195483843404374434905      
   61824.1959631966853014131680441572456      
   37000.8178376773848591126078113393468      
   24028.5161233527078763439110707475070      
   14038.9677605858297830736763393547707      
   7671.90523895360383153473904755957072      
   4025.47269657583107578039573769259496      
   1506.53505848395824243806422783772172      
   252.878583390526073039802589897570309      
