   24342456239.5275616664745981597864102      
   3153914972.11930954394554195524633080      
   1051921047.06256798910439198329713007      
   205949639.269183984493270414337421240      
   157942296.811165125226623021867062293      
   99283142.7176724215186412886764043552      
   41402276.5509753562664190379282742727      
   26015400.1560469171804969093051784306      
   10808300.2453625394595964472495619742      
   4624855.76833223232486694634447013445      
   2154453.67248355258503571194213530309      
   231141.009625094502799514097833282527      
   193028.613766643706310651937471984942      
  -69249.2581344429087823210847285931255      
  -27605.3914798270993981005274238577632      
   38734.9226439375573964858327406488392      
   2190.80007549909076122633213579457897      
   39904.8766705852835583017245520923949      
   11788.7198059016318712940109881726539      
   9128.82515123073167601549362995931958      
   6747.52933988236944567939202519345399      
