   589911.776953543076638016311053256840      
   502421.284463440076981171279170655217      
   322600.653160480060761089438468727293      
   175080.601669375526426016769345473929      
   94637.4246087961745210561616699487190      
   57617.9527303381987823166725855678766      
   32975.8825431384064017589036269583362      
   12574.8526792883037773788784262875204      
   4943.22531137946685674680001489462960      
   4120.26376065317554448540531472062391      
   1176.87824001977515639528058445874063      
  -680.609282550180490155358042290728454      
  -91.0706959696005869211915337301772660      
   204.408314738943516512044055170132057      
  -253.271201055797533374928437112589736      
  -904.490047516266493418945796716479639      
  -309.446880670010542618612751961665377      
   115.581529809403849748187342785376958      
  -818.010718627500207567752611900288372      
  -806.927942731030817902710138999937480      
   0.00000000000000000000000000000000000      
