   19978581896.2842988543725101082652291      
   485165378.662997860631092492778749707      
   312102692.796009728516650023141878979      
   152934598.681697308490403240606897240      
   65106076.0957366200751912557734878471      
   30749740.2649399325718639922728102067      
   16085425.4832664331366528124204773962      
   7403658.58430374136926625869509868957      
   3085684.19076119553277695617102988085      
   1410333.77498344679200992008422756030      
   601220.702664414706858483676457573276      
   228892.319864564680681755863737407131      
   121831.100562001687802875260002048997      
   62983.9474537777940218521288305478906      
   32124.3970107938029166187934640205125      
   27732.8657659747530850249314795203603      
   14719.4213076345170815991989135087103      
   4385.30629538139712604341135026119178      
   5020.44482750720559619214472040297894      
   3787.20237222705722782730937515272445      
   747.230305569629186861273470806272425      
