   637.815939238160772385182904780540756      
   565.497398325708458555052089637504383      
   414.114113563966162311061839113868519      
   278.254399234788860045961772811124953      
   181.637187268809158424488450251302550      
   108.683183525627840336439012743691256      
   51.8467762311300847870797463772752503      
   22.3093991099623168002450134632488680      
   11.8186310496846674100036166375717403      
   1.71712440544989201883565247805738097      
  -4.21945851651643461470940933633110319      
  -3.56965044049187042738779982365371275      
  -3.28951984277556539838731414320545094      
  -4.77678572480605994247990811184009461      
  -5.37898758212045011908057010394994998      
  -3.11661968292994073614768277967647548      
  -2.67344962135840284793005646223384767      
  -3.80161718457175165306306407522814831      
  -2.00696195699546395539841405702390805      
   0.00000000000000000000000000000000000      
   0.00000000000000000000000000000000000      
