  0.430665497564818645619016756611133643      
  0.439106575732170557165457124955922511      
  0.447717152138329971636382874180529378      
  0.456500080517219570661514731489610102      
  0.465458328249577898316065267751749621      
  0.474594972741897991116143004305853676      
  0.483913198118352681345456841182067975      
  0.493416292256668979483679662491232213      
  0.503107644174705020159282485533507036      
  0.512990741768340965395146930575192071      
  0.523069169902480656258940744391429720      
  0.533346608837909621925629194347675523      
  0.543826832987179376723096394445062287      
  0.554513709976939886220929788164129021      
  0.565411200004481539361209890673305277      
  0.576523355462765983904429012401640907      
  0.587854320819562976042574320984436929      
  0.599408332728172447803844839566345619      
  0.611189720349017028156526444384742400      
  0.623202905871386083462342584458773535      
  0.635452405207424724830019192238085109      
  0.647942828853491965200186378754719668      
  0.660678882896234224124784789534819304      
  0.673665370156378991597172547442485040      
  0.686907191453650542754534366047594054      
  0.700409346985579175587629023796271376      
  0.714176937811219285966758865128711224      
  0.728215167427582949766285953048164827      
  0.742529343435982655939114368903449177      
  0.757124879291782658714941367854020415      
  0.772007296128745967905307989082718898      
  0.787182224657439180997749037646065918      
  0.802655407130715000353393630860270210      
  0.818432699377876287572255638529530975      
  0.834520072896852081090727955459568864      
  0.850923617011163016598066089095551645      
  0.867649541083215758899222384239217870      
  0.884704176786573224026599715749061011      
  0.902093980433472173844643691500481997      
  0.919825535358688020105670525238770219      
  0.937905554359447046922200346401491616      
  0.956340882187925365464398715377992900      
  0.975138498101630191479863811786779152      
  0.994305518465853666669460436675796487      
   1.01384919941331972158281674217558912      
   1.03377693955829842671381730347369131      
   1.05409628276705301999786578008720701      
   1.07481492098466557344855895505442821      
   1.09594069711909785078118868547261295      
   1.11748160798326222809676243508094730      
   1.13944580729541209912404554056476500      
   1.16184160873919074076112286950404291      
   1.18467748908492978830910894804509510      
   1.20796209137051369162129306425835594      
   1.23170422814702820501084532220673211      
   1.25591288478513756807947282134062436      
   1.28059722284888698717583896561423007      
   1.30576658353226627981994819697140527      
   1.33143049116503771222557222690989419      
   1.35759865678475561836464389284464337      
   1.38428098177863937963840781693075436      
   1.41148756159629130551135888620541752      
   1.43922868953303572924967711040542288      
   1.46751486058710728028451892817139332      
   1.49635677539074488898382332139567368      
   1.52576534421699410884320668013935700      
   1.55575169106344355258343189113559524      
   1.58632715781444202102329989468692122      
   1.61750330848297471863388511484819194      
   1.64929193353405907573261243685801865      
   1.68170505429079018321756445628777378      
   1.71475492742402323317741905750827000      
   1.74845404952890513351163491970880219      
   1.78281516178753618350403355868217473      
   1.81785125472118512202402513662911541      
   1.85357557303258863979629216589790453      
   1.89000162054032905758144413890304584      
   1.92714316520687799265209921585231357      
   1.96501424426189769208800349442586337      
   2.00362916942243428292369564724695403      
   2.04300253221187875337700534501449390      
   2.08314920937922896394018303233904509      
   2.12408436842044854349372821355521321      
   2.16582347320369070629772167281826705      
   2.20838228970007136447327700642795823      
   2.25177689182214260021090959038762207      
   2.29602366737120542528378114590228248      
   2.34113932409602211898769819967553119      
   2.38714089586429160855566137270344356      
   2.43404574894897622759409785052035545      
   2.48187158843131207056685510337430717      
   2.53063646472232846168954273716132637      
   2.58035878020495429740805555606860418      
   2.63105729599844234814428056094873322      
   2.68275113884723228961799543438903270      
   2.73545980813602739507280033099124524      
   2.78920318303320217585082528735377613      
   2.84400152976435030895656692877371587      
   2.89987550901811796673934465201254686      
   2.95684618348607142538354136333915179      
   3.01493502553881787920753987238646740      
   3.07416392504011879994915992661800711      
   3.13455519730111883959982182514216785      
   3.19613159117661624749498564323360196      
   3.25891629730528825261913093797945151      
   3.32293295649583276005376889452936926      
   3.38820566826094118450951500871017150      
   3.45475899950103802003232831054784642      
   3.52261799333959967702726869210400173      
   3.59180817811197831821679961593103478      
   3.66235557650948792583926100722411783      
   3.73428671488055632903427071467338763      
   3.80762863269066313283667302605419200      
   3.88240889214282593933605759510701837      
   3.95865558796009826745642782927020929      
   4.03639735733182587758420604136733488      
   4.11566339002507371032763007870005969      
   4.19648343866263363691583786140878237      
   4.27888782916896777913986388888972035      
   4.36290747138538380372694883593589965      
   4.44857386985547898341592974253023464      
   4.53591913478192023051566131885710628      
   4.62497599315548459713957689807773315      
   4.71577780005709642049262941192773207      
   4.80835855013345056891914702974299156      
   4.90275288924668970980702576171937728      
   4.99899612629843125882390066287159846      
   5.09712424522813309369318828815810233      
   5.19717391718575441305582877167462465      
   5.29918251287829648263332125121427971      
   5.40318811508959917456478957593913936      
   5.50922953137258480473948609892088407      
   5.61734630691265939704802867083510502      
   5.72757873756093077710971899084084128      
   5.83996788303528297318250072923919616      
   5.95455558028725241450142778002829640      
   6.07138445703201119238411562588277809      
   6.19049794543855920331085933255067705      
   6.31194029597659339756242352541078439      
   6.43575659141614867179582330976456918      
   6.56199276097553812268732137279581736      
   6.69069559461255483336500422069910543      
   6.82191275745326510819856203941639800      
   6.95569280435216462978079114541378377      
   7.09208519457663453627870463052326226      
   7.23114030660801865264712804451917475      
   7.37290945305074762054934425371137800      
   7.51744489564014067437781947105530925      
   7.66479986033855848848383256483592386      
   7.81502855250863469816760614118425359      
   7.96818617215123607117259371726265653      
   8.12432892919472196708534487368777205      
   8.28351405882085085074010951157022568      
   8.44579983681143580083360101304949314      
   8.61124559489849232370223579098174765      
   8.77991173609918214919576601296213599      
   8.95185975001534741155924109912102473      
   9.12715222807577713475799536738353968      
   9.30585287869766381291657594913570213      
   9.48802654234185559863831851749582726      
   9.67373920643459852669159624236274356      
   9.86305802012640714307208587548826565      
   10.0560513088565643707198517112180014      
   10.2527885886894652154933925802279955      
   10.4533405803866422512117401557518065      
   10.6577792231757831245434927775112091      
   10.8661776881754350679557860696990100      
   11.0786103914313186854236069300825975      
   11.2951530065173314484296399910263721      
   11.5158824766512842730701050910695086      
   11.7408770262723665366092237713353659      
   11.9702161720240893004802862420763055      
   12.2039807330832282540552289598042608      
   12.4422528407718055875572886505162503      
   12.6851159473859347314641844520148225      
   12.9326548341716702630296975550634733      
   13.1849556183747332687781396824459993      
   13.4421057592875454014287489198585248      
   13.7041940632136584089421175112351967      
   13.9713106872666036693682283791018037      
   14.2435471419171785355780074009188663      
   14.5209962922007392862152733335922658      
   14.8037523574937242994331066655410885      
   15.0919109097672281285049126852239950      
   15.3855688702243866801532154467798044      
   15.6848245042284728822786807970403515      
   15.9897774144296442715879330065807131      
   16.3005285320007329889524091425036153      
   16.6171801058967133223336874027246610      
   16.9398356900583948294822084656002894      
   17.2686001284895993110655180575185534      
   17.6035795381481974408223150525364032      
   17.9448812896061907613366965120782302      
   18.2926139854524880413534338333567386      
   18.6468874364354333191213577994066751      
   19.0078126353703263185988533210449235      
   19.3755017288722626736341094631098868      
   19.7500679870160422191413980290146502      
   20.1316257710752578616852073845503953      
   20.5202904995514939515684290454244580      
   20.9161786127744937281253925450554735      
   21.3194075364357337402043777680935433      
   21.7300956445123365127787882821034764      
   22.1483622221486355184609065867849314      
   22.5743274291878129853554417897939642      
   23.0081122651912512045023991572203925      
   23.4498385369469889228964165951229883      
   23.8996288296548693234404875460026743      
   24.3576064831858582964683191079285895      
   24.8238955750483656802636162910933544      
   25.2986209119573562743530645490786726      
   25.7819080321942270701514758592385856      
   26.2738832212690571958190817548793307      
   26.7746735437525526355279827296054004      
   27.2844068945353300236828437947807277      
   27.8032120731976725339298426014668325      
   28.3312188856332960480083567607221448      
   28.8685582775682862007591014131194247      
   29.4153625051479451690156062603002650      
   29.9717653483302941321081641503753241      
   30.5379023734216682838007849609329773      
   31.1139112517129690707478971433906512      
   31.6999321418194662408581795408429039      
   32.2961081439833952526518943362333109      
   32.9025858352572440568289471279378131      
   33.5195158951324214338727279575910889      
   34.1470538317964761810922369263396628      
   34.7853608197716125841806444413185418      
   35.4346046601837344523499335480568803      
   36.0949608753062932068407084110439162      
   36.7666139492842675482411276331021868      
   37.4497587270340179088245795643998312      
   38.1446019831938651868117901363984220      
   38.8513641726234762792923730406230884      
   39.5702813732697091301833975562372914      
   40.3016074311817927786265517280341841      
   41.0456163160171992047319878695299460      
   41.8026046934785077492300969341258477      
   42.5728947187103538312648929063128784      
   43.3568370517192836624160988333234647      
   44.1548140923245036096503826252330887      
   44.9672434279895879233291919163390052      
   45.7945814831391711901710762547965081      
   46.6373273532870991500438850009534889      
   47.4960268016053954364384605952260171      
   48.3712763896267604772077176656699118      
   49.2637277078538846266672281606278054      
   50.1740916664827303014078390408750329      
   51.1031428016390066770105723957657384      
   52.0517235489302455181968557557105171      
   53.0207484341938655355431196728809925      
   54.0112081315013977547558886240759716      
   55.0241733410970754104703993450882939      
   56.0607984451988974342754015170428148      
   57.1223249074823558925585537946811107      
   58.2100843924063188248642359540830088      
   59.3255015929319191750029376589474024      
   60.4700967690639264252796316153704491      
   61.6454880143305426530935537365259069      
   62.8533932820892227250992575680669384      
   64.0956322177132582820389325092416999      
   65.3741278556923152355140216633362914      
   66.6909082520491202837747048958159388      
   68.0481081320161704575440971572240336      
   69.4479706406357692176700472335570669      
   70.8928492900742237491973108433788966      
   72.3852102024297630650665156357260532      
   73.9276347513313516465928045734645454      
   75.5228227105635359560698331075941580      
   77.1735960244447319040123063546588912      
   78.8829027963349025355296157150508358      
   80.6538247537181826038305632844536091      
   82.4895806616342472056057040175619048      
   84.3935359806683662417951570557551151      
   86.3692115273721000779219640069466877      
   88.4202943795004613184869389133661443      
   90.5506509119867306701203666516086641      
   92.7643424360508251711688008676104604      
   95.0656440396373842762367756701297516      
   97.4590673769751350532668746941273504      
   99.9493883231096686665227315187250919      
   102.541680582991330867064410984595773      
   105.241356500045354965236767809340275      
   108.054216406220267648787591922065674      
   110.986507833779886066829520525760854      
   114.044995683966184967988966127153186      
   117.237043911279626053220810933245128      
   120.570708313546232357600820318734495      
   124.054838509096948909292721089620455      
   127.699185086522629285473098676726593      
   131.514505316268566401248979804652258      
   135.512658020314280035328521786597181      
   139.706675785440687413503425952033560      
   144.110801504260647861538701643178309      
   148.740477129774332890316260602863865      
   153.612276134412637089163181949123132      
   158.743777334130642447003701560484408      
   164.153385290181433214243219032142138      
   169.860109344785603605484313550967151      
   175.883317195451321565357724523256538      
