   24351088315.9206973614292920440302685      
   3146627093.21002962970651693926441011      
   1056278075.51444503339867687070369211      
   204322787.193555982285537004266651199      
   157950712.502683578181441592978059250      
   99836189.7806917542208919937441035548      
   40895130.6217821632196351517899820229      
   26280710.5086626602460806175721202457      
   10754015.1464799300659032752973249650      
   4567831.33418109786221319893747747806      
   2237368.91742470679826827336088648422      
   168418.969312805041649050276217721640      
   223058.885605290743616672003005969138      
  -72943.6643950810112415789467751237607      
  -37984.3033693515796081968995090000987      
   52545.9349575062846616993994050712180      
  -8753.05998216339722901428186475883799      
   45738.5769939219853800185942582472822      
   10690.5510511278077974348111102980392      
   6943.62129830476255853880944292338587      
   10607.9876885599651147992760819353559      
