   523186.760291938202900393680433491381      
   451565.415446717540566591900748510317      
   300169.518907261166408993366432790664      
   173321.976347848477247482096341808504      
   99720.3871547028386382653304817825003      
   57196.3252412551206585115296179259183      
   30176.9092227085843921655883832285648      
   14839.0923001884645896742723410425924      
   7342.72582670247237468938032996706241      
   3607.93284635787699176264088853790327      
   1764.85275436815073955583096586174955      
   981.551173402358395698558673507524918      
   593.461644030023712835066844948401267      
   361.630836777345072206443552402514168      
   230.246056077604028805668885766556452      
   135.264508958019814214704706367728361      
   69.3323762436005895314654762310243215      
   34.6006769899645233864970106547441769      
   13.1861201336043916146085939973271351      
   1.60948208404049585250110733479460946      
   0.00000000000000000000000000000000000      
