   157.963606111819134539763049632901137      
   131.007601009189925192877995183033661      
   102.818531133741591729458086937094958      
   83.4651886028574494745729117738583438      
   49.9790557029649993876672885002814758      
   31.8897501619117379257162835573565407      
   18.3288653193578412609240263215006850      
   7.47739482079603976469409836178120396      
   4.72446021900628505616287885520974419      
   1.11745361078615258072367360563133143      
  0.816733516404927005446437361516766823      
  0.709982366449187244182063731460693898      
  0.229147595408550278744288236589691196      
  0.700742238582997468362929670991848247      
  0.174781002067617833913309828389824563      
  0.359048680962149634116882054203401654      
   9.27172662008835018404452999721344769E-0002
   8.35129549743261655057236808362276729E-0002
   2.75673324164417377758736586395872229E-0002
   0.00000000000000000000000000000000000      
   0.00000000000000000000000000000000000      
