   627.105762179008695238623186157911185      
   563.980941607574641187380854041133163      
   426.701497602689040378498872346622987      
   297.101174305559159419904381677644536      
   195.594408511202510619169130901806176      
   119.730210937517368231254892489304989      
   68.5890241169261154597000860399360511      
   39.2166360679309666712933622935109721      
   22.4497658011404536596162653564683915      
   13.0684773192313153687807134324964662      
   8.05304231580068735831198011453337051      
   5.21033653426748126051131311128077889      
   3.25764502525767614544231555389614537      
   2.03783101992700108675004442633196785      
   1.17680312696797081322062485352894861      
  0.601305710320232568527404011731461423      
  0.271943722157132393970719760094797440      
  0.110231327343177243445135841796522637      
   1.19826876264470137976648447495204519E-0002
   0.00000000000000000000000000000000000      
   0.00000000000000000000000000000000000      
