   260.282765332760110956303275001491259      
   260.267541916943170310890996349528166      
   260.242125445562054678500889272217818      
   260.206491309567348814514064265463216      
   260.160617613266754296974489429166362      
   260.104487066378399940751084572486118      
   260.038088588887748989047818400307352      
   259.961418411739389651267382840539864      
   259.874479999174387512521132145700915      
   259.777281643383216284283098391290849      
   259.669830767050812347091905108359872      
   259.552124968982535843319793159058009      
   259.424140994580121257031507975115360      
   259.285823411086465400983349426291398      
   259.137074677400777664332785028253341      
   258.977747810390385408043717618086233      
   258.807642302925865025145860653523744      
   258.626503508171225368850756913409573      
   258.434025368433871517354449107785895      
   258.229856080340991131211643856915183      
   258.013606031084718844303731530763275      
   257.784857142904028319791037843802543      
   257.543172672234370931407489584731321      
   257.288106553221382890791924610317026      
   257.019211542528223726094595739899183      
   256.736045672141841836252728890600308      
   256.438176794182288879178907000957274      
   256.125185255919867060456242037272024      
   255.796664939467354579891490246271471      
   255.452223023313459786086199460963376      
   255.091478873066030057170070451644807      
   254.714062458769662198629785018168362      
   254.319612643588439164004289645180475      
   253.907775611726333276144729172814919      
   253.478203617942554830148090754019623      
   253.030554158716153912063068199240466      
   252.564489593650418490473324217371749      
   252.079677189025494109574543005366995      
   251.575789514607982225399480617977538      
   251.052505099068785768947247115830173      
   250.509509236659120490798124253196369      
   249.946494835638675060070840385430478      
   249.363163204734185382480648445959736      
   248.759224685205086261865130821457716      
   248.134399050798484557829884755633704      
   247.488415614260384725865002763909218      
   246.821012995781074388642924678468324      
   246.131938524783018883020713664069726      
   245.420947261101277398879694273898800      
   244.687800634398579973573448568661341      
   243.932264711339997150230054305757190      
   243.154108108521645045978856161852506      
   242.353099575418412302231296075375450      
   241.529005275790965867597022398010253      
   240.681585798232750424082011333649247      
   239.810592927047117480469238955405937      
   238.915766203643731917570864902774860      
   237.996829306361225809436714201749363      
   237.053486273283047107178036885776638      
   236.085417588423312842936274749308494      
   235.092276146807681554572201964241707      
   234.073683108620709934976729008981216      
   233.029223646867172170541824311190037      
   231.958442587000328193390687015343218      
   230.860839930770821370106156956046308      
   229.735866250178936192084184972482863      
   228.582917930871442747583251698977331      
   227.401332237576689611229840906714971      
   226.190382167153921127734098470974549      
   224.949271047440935811887988425109458      
   223.677126832183954848715519813282609      
   222.372996033746390211002889432757925      
   221.035837225800298147286795783361856      
   219.664514037535367208055053148997011      
   218.257787548742554913475276983145716      
   216.814307981039811346789971370362287      
   215.332605564008154524077823327729836      
   213.811080435485320551242172837122618      
   212.247991411962258322800745965473316      
   210.641443436994587808361473601390604      
   208.989373481580912575969811060647678      
   207.289534629055422383738381184554422      
   205.539478026250895313675172953298386      
   203.736532320008184843303135457741937      
   201.877780120285647817111576247252017      
   199.960030933895232829256953748219781      
   197.979789890628600133694991890770031      
   195.933221428727443274156313013796761      
   193.816106909193224140413242797446539      
   191.623794874597508693434034483599665      
   189.351142338982149273160870889741941      
   186.992445064959174928895831628405564      
   184.541354215432972786269928190492447      
   181.990776008068694260921708002350543      
   179.332749975048345296969547282526817      
   176.558300027763513014604703294129790      
   173.657250580246714933081069978717493      
   170.617997244516808451708673845852473      
   167.427217684779742506581635737823506      
   164.069502484975954680232465268148362      
   160.526877334629373577284790746530164      
   156.778174777536969707922308159288384      
   152.798193267575654071994505055410566      
   148.556548089698053655659618481742106      
   144.016063058872554687879283037065692      
   139.130454775265212020649184042721133      
   133.840883624533676232478066839899853      
   128.070603094408887970846006941363669      
   121.716234581382205215991633819478880      
   114.632630094432663226163029755901547      
   106.604450553722801020557747701771874      
   97.2868730960769955113529468072384559      
   86.0617616913213799913772174418036415      
   71.5927552973484750738360041295072102      
   49.5523049843462280762187746007832730      
   1.19434935786593110686540434058743269E-0004
   1.15408440110775723912664378716577525E-0004
   1.14428561647388026386118216620641407E-0004
   1.20310482079195278545639564855629572E-0004
