   25.0615347915346254604178300866609768      
   17.7611431065524415361415327487241649      
   14.5104027964291891878362567641303909      
   12.5686054618139058644328333996110366      
   11.2417046544191378817555482185046568      
   10.2611532989082504319893897967819717      
   9.49827604973335526580478056739109286      
   8.88268692922303249183680213274012160      
   8.37221694642792412841599526827410895      
   7.93986038402732866653172785231014028      
   7.56741587574833296892468688325435249      
   7.24210950798743894431745582135046007      
   6.95467671754174909495089389516730253      
   6.69821231536679185145641879930947509      
   6.46744974329626162746745357059791576      
   6.25829226610674895616346403685323417      
   6.06749827161837986867481789138929316      
   5.89246421903601204452509771131252363      
   5.73107137083605325043597324570180742      
   5.58157530520476570301467426547891883      
   5.44252479466106080801536744613445985      
   5.31270125792215803705366167549946558      
   5.19107288747647823308351853648623541      
   5.07675941652277165113268755322513774      
   4.96900471338273725907176001588955986      
   4.86715521381717761442909064336435802      
   4.77064276392167177890172933170846984      
   4.67897083660610464912392621603067945      
   4.59170335914856861290457000304200921      
   4.50845558448395610541165612390872527      
   4.42888657905464295668663129483192535      
   4.35269300169859159019621788566858802      
   4.27960392251283585180102729138306242      
   4.20937648577792949656693777211707476      
   4.14179226236130549440315813727213944      
   4.07665416839281606749256506502283030      
   4.01378385113826623236181769316146402      
   3.95301946180183364419501829523193263      
   3.89421374982348110270812460071699147      
   3.83723242507160850276733607170674270      
   3.78195274386222778258420823157425188      
   3.72826228247303807946801480813138569      
   3.67605786814088577266006444080683510      
   3.62524464271798167284154890898018117      
   3.57573523843316252962251932765092238      
   3.52744904872858261454051826724749868      
   3.48031158005321054995393596671872617      
   3.43425387289954330526310985708705933      
   3.38921198235589853928500833060976292      
   3.34512651008459398968458342457396727      
   3.30194218098492111734643354239794253      
   3.25960745890774883992076343307219063      
   3.21807419669644821575641345159072956      
   3.17729731657062239687481693038286613      
   3.13723451747334500951705668563509519      
   3.09784600649323561416799267779844804      
   3.05909425186981708328381153325818007      
   3.02094375541106552914405198130192810      
   2.98336084240995409569370547918058435      
   2.94631346735379030598820843007898709      
   2.90977103388591917348294270043551535      
   2.87370422761178966280941036184067301      
   2.83808486044683843211522111302626701      
   2.80288572528720919335408099862818795      
   2.76808045984993391356228841081357775      
   2.73364341857982943819861620405863813      
   2.69954955155816326581269347876001271      
   2.66577428937450109173467542070859238      
   2.63229343293887326978051426583752201      
   2.59908304721665408744841940620043470      
   2.56611935786304640123795379032390272      
   2.53337864971694629133843450739999980      
   2.50083716608390314187224833826652786      
   2.46847100769301580729225999643510237      
   2.43625603015041717520433319981173931      
   2.40416773862933813582289408961762884      
   2.37218117842957293929766082530536779      
   2.34027081990242219552322332817204322      
   2.30841043606449106760004977666860898      
   2.27657297100699369879170462348541358      
   2.24473039693621884166755112915493110      
   2.21285355734247415879879083355936650      
   2.18091199337232627063792838276725150      
   2.14887374995055360595547933665747876      
   2.11670515753557144353333532681383847      
   2.08437058455795315066203748307940486      
   2.05183215453677027627039877017558933      
   2.01904942052699529534015927583259690      
   1.98597898783448979111389057143551574      
   1.95257407372256603627160266293075676      
   1.91878398995986820285585881261144537      
   1.88455353029304373831763289637965380      
   1.84982223994515607573218569638085046      
   1.81452353757996289190951062581704623      
   1.77858365116526260137479467002487351      
   1.74192031683483996723492393161251851      
   1.70444117272374997834513860901369098      
   1.66604175560745626354893107554894091      
   1.62660297355008532466669674263729501      
   1.58598787715858817014727668165278543      
   1.54403747647679910871416747735905192      
   1.50056523498942361153440678046177783      
   1.45534969059597342349874528904741105      
   1.40812435906607485694421257713861713      
   1.35856358134076213561334821012711347      
   1.30626211245039654551114753013923406      
   1.25070466917509205882522324270830443      
   1.19121860097591019193587502966076629      
   1.12689656697077400243830299367124061      
   1.05646213512569256019084899738347839      
  0.978016962417460986080660966540263334      
  0.888512405867953101684672562310271815      
  0.782465424281150513619078475058634108      
  0.647978498863837419054005367970791956      
  0.446354290578438383148055876803022866      
   3.18545423962286701066425481119308623      
   9.56585758804588165420692297585908438      
   15.1142025160815933618171036587048414      
   20.3004258160789603667067493368861652      
