   24335207502.2792426164198499586044380      
   3159736508.60864836258155604783719433      
   1048962839.49728129176467840602447748      
   206563294.164702271984458963974365746      
   158449793.798630567632659728559426431      
   98589015.8590970334279264111955522266      
   41869595.4885917487648543448652386406      
   25825414.3326754187208076898133920332      
   10817153.9428527693210089527520443440      
   4689369.32522990460038798383456899246      
   2086005.50319600580509922098740736988      
   275182.694353792714525746829824959142      
   175667.310712749995228888311314010761      
  -69804.8501754261241373671760128211227      
  -19159.4912769671134518086407749867471      
   29428.3947935453752657278124330798785      
   8948.69235529511921369882986458972867      
   36445.6179353350437942476950526203308      
   12568.5115576152293968668090750521445      
   10047.8152610277137720324860406619471      
   5014.75075563243326815513120588885718      
