   24353733955.0884631089257176145267914      
   3144244256.59929753425865548876025398      
   1058013369.69251453988230860048277295      
   203329446.237504519594894703904200453      
   158343416.108841239215768097897996244      
   99809990.3420103068691374029362639316      
   40765762.1454901089318265267184986051      
   26428922.0692877500585053875211470028      
   10649430.1755216270885682368126155935      
   4617171.94971018592617564888525362463      
   2230013.70870359046468151598243216110      
   153166.508536498356316089737567951156      
   245180.139372227748873929497594270799      
  -92721.8345509443705218712811948306116      
  -24134.6003360465567636640467769925629      
   44754.0714741086419369068475074173329      
  -5665.37469939965367900019002094553729      
   45733.4652369268013076102172675708700      
   9021.26644044545271969695635234290945      
   9111.57588545257539537086200930445691      
   9015.49344481673393982850605527647295      
