   19301766653.2261173029649814692284764      
   616265808.066580203953182109286378537      
   368387978.603226335858967004002152618      
   167760270.863314048801575682415560861      
   65271534.5639410817852137875794459223      
   29996453.9289457668021704527113593865      
   16667644.7928858954801836314273814858      
   7796121.95633019205937988878216458935      
   2961441.68407359048924744044538296429      
   1363393.15505371648737068249262393704      
   643924.543366723587334053123945031838      
   175842.866696970732436182813927327503      
   64374.4068652006601177028605364532804      
   57968.0545516660569178273013400271871      
   13432.1530237125673968631717961623528      
   4861.42378525881480889609895418556221      
   16526.6494030039885718229623065115276      
   4458.94156125167643267186937767949299      
  -3776.01590528042810621115066897402499      
   4748.13652415774681596979780039686465      
   5514.91908569782671745319675895717471      
