   595244.016886407932337593614643359371      
   501896.027081717886591114585541390286      
   321348.126741321828749877764033241006      
   174440.031178065436471930505879323848      
   97667.7576872550512470256008667102335      
   58401.7567943757945892210998072270069      
   31008.9729875607850650939143420002239      
   13954.6992325164939621083510555253669      
   6754.37123469708048253976594765482349      
   3425.13202669365093824628710556188337      
   1300.79662716670217023278191806087839      
   563.244849148756671457430089374807250      
   441.121426916681311519916474495496457      
   219.914390816793964172839144336212958      
   106.194361738635198605381239818631558      
   136.337089465944928933073533317724101      
   73.7848937804617529232228469862396914      
   18.8138688642772764887191044899387779      
   40.0953182642136879093878871533434479      
   49.0220730664053890989874435353082992      
   0.00000000000000000000000000000000000      
