   627.690453900458580223335667293872137      
   563.222982799696445473450401591875111      
   426.752437110869345294157864480613356      
   297.320810471312785852736681330983385      
   195.690756216679775896713073286950980      
   119.449393781466016490312606857759083      
   68.7205753691824154808543585670221140      
   39.1986544714778501164399680062892572      
   22.4232190613739918998759591644810386      
   13.0467589908486045256225523896126195      
   8.08321238907259570802911493229685625      
   5.16992833292559126168288222526693451      
   3.27233765994059030252552427630157765      
   2.02733265624268442519102871073289158      
   1.16945407806975259009295317787811204      
  0.596494927701740922377092440302240596      
  0.275144882082546530968129977324810663      
   9.87823047511195534448273336844671428E-0002
   1.43731926008934595448506899921508845E-0002
   0.00000000000000000000000000000000000      
   0.00000000000000000000000000000000000      
