   24350475139.1757525563287623855798881      
   3146809225.33096446140717809179081532      
   1056854416.04721699604909854681173425      
   203373471.452411780779160389137050115      
   158742197.230802800813357292044770563      
   99461807.1645786150251089701359813936      
   40891271.8067947536365988733353674962      
   26482948.0181843658131312792395700249      
   10526722.7314681861652344344346357979      
   4720832.68668505899829251650068646201      
   2183103.65287109374117422910888483661      
   146447.480196469870722159713775403210      
   282385.014988871318853815181841212749      
  -134846.611381970912416370981602128138      
   4982.97935218332603953532814717101677      
   35903.6337966555859823645806334014160      
  -14978.7540344516700322056569764620170      
   64954.1007229753902788581346962289369      
  -9039.46780740618835676670697029640642      
   14891.7769738247130349228709167487941      
   24955.7387621399126038727515884019324      
