   158.252643903020414536997818469084099      
   131.346516390649580979507895595260620      
   103.077084499327260412964818089270306      
   83.8058517464261325466652259427888333      
   50.2815443755380995327121169856731855      
   32.1108623752158632946025232390876583      
   18.7306485340391991498944164241116803      
   7.61467443867580556060827260840339677      
   5.09154496231652590486474440925930088      
   1.31833579326757664178605127443903993      
   1.02976011512571305934107414203343222      
   1.00124490189560016120947947854584212      
  0.334536314227989320324770915406739476      
  0.964400149472415015413754076116870474      
  0.296054977842346170993652489509714910      
  0.485111683842848584435738602282268676      
  0.270256247986689871012334269284652844      
   9.05419474613212061529452913892131247E-0002
  0.168588039008979748006025068631523538      
   0.00000000000000000000000000000000000      
   0.00000000000000000000000000000000000      
