  0.119141502417451214012075514414842029      
   35.9348479260082912389136320646752109      
   39.8275015245207236215717437628274792      
   42.2212056942098363806162135839091240      
   43.9749951388159837041764242285918129      
   45.3698216086257867729872216931328226      
   46.5339060929330561819844189604216676      
   47.5367837510420268771360014180986714      
   48.4204751868591801237782053721001533      
   49.2123470706381203743112933813142237      
   49.9312342736467738981455202082494802      
