   5.55084416262759567793115433721862666      
   6.15294377682783156459442275856475960      
   6.20964000903739145560254045437230085      
   6.24715659378040190680798907335114631      
   6.27645079973419829969123842414212861      
   6.30106206966542452222481660933162376      
   6.32260376414080931215516979753097198      
   6.34195442278039029693255975029829112      
   6.35964874660181805096371462819632499      
   6.37603821425652000194876108256953842      
   6.39136729132758829342627380876281409      
