  0.396765279730386665939208666752828253      
  0.377459443971112600438180203624357439      
  0.372952828667375393400778860161287133      
  0.369944151947558075905081659344300723      
  0.367621560367575945723303306932618708      
  0.365700662281938182657650326040822918      
  0.364045959082868965748271458404651462      
  0.362581652120762912423231477605794100      
  0.361260799002734143933934196065305749      
  0.360052223321967082340874239938849817      
  0.358934105432851289897555970123077851      
