  0.330667956610295325099079262341953172      
   110.552549458793612742459526429978859      
   123.657223463330794102578752216255686      
   131.881241774970815351055759216713910      
   138.003446703664531746949133968769499      
   142.939031022799350058948335566306996      
   147.107724911676741062538662399161622      
   150.738057977337987123995041868426432      
   153.968607165986708278233343112645764      
   156.889902767821782119101993961303844      
   159.564428776100510902325631186745746      
