   5.91574696994322938040252937300342584E-0002
   50.6372736678084866803785708311857284      
   67.1039364744640031348899903341196426      
   79.2671481383649891067531491996053107      
   89.3042124794999325932474288050549846      
   98.0209813579334294449711924678083903      
   105.818509137821989455286065547453026      
   112.929771838020267555491023148726619      
   119.503918951872962366795548709533672      
   125.643070836353086933084034351941653      
   131.420693129775766328597329412616716      
