   590812.896878007382553668086642995898      
   501921.616228183252635638721794360925      
   322232.646364486616680373337998200855      
   175675.258171200580151054638302932021      
   94377.1506056364873822901654245021480      
   57421.9573637684552744655482298095317      
   33099.6581084209701148840699440845788      
   12614.4435002290241732682861479924543      
   4843.05355056243861675841988411505688      
   3997.46743848710034399133127392599875      
   1318.68244843910556789341644346299063      
  -761.237382241297682876046435316747526      
  -162.129808740517699134127303668986406      
   208.640199329321564453742757904121707      
  -270.367376427654321006838717638621446      
  -889.241634399170041896110020123815105      
  -425.950319889964736063150263720434531      
   138.297139682008056148685267970774227      
  -787.571876536439704088807601939118823      
  -911.185952718112983347281498445624721      
   0.00000000000000000000000000000000000      
