   20350780112.2482064604492458812266916      
   712044173.720642324597571346200806802      
   377954310.937494027048284946247337320      
   179575368.565179559590707512466243378      
   107616518.417554685633062070358712970      
   70651722.5348520337329506661115476501      
   44980233.6749693296143939656009927352      
   28845948.6535409850208889491423948466      
   18257973.2205098642281303538160071229      
   11310420.8524056795672733937035253856      
   6914355.80011353840851789358410609923      
   4159470.25536061135776261192372647724      
   2477388.79303689464579462856902941682      
   1472253.53282769730372705332553001780      
   878071.172909685021459136562569944461      
   529372.896761898790541847141381242974      
   322764.671070121885044796661609282838      
   197645.660768598660265893878847925159      
   119731.655931631414591416924014599399      
   69943.0094678156999114266672934509656      
   37871.0037014585119965547755214922929      
   17554.9245686645126934336241917875680      
   5294.35826700080973477945750366524017      
  -1453.26206279458128248153283694644676      
  -4571.62488298364841519848337601881130      
  -5473.88982890532931907805244448920462      
  -5182.95456340291346855341201014518488      
  -4386.92531138327540064433090534579209      
  -3498.31512816981642321167747640531528      
  -2723.44521968726063057078529921336686      
  -2130.77674353933583918077317667712546      
  -1710.41956534143736548095957457749233      
  -1418.81566180829946891447436928730303      
  -1207.49282392764348897498276815454082      
  -1037.94722944983620901740357850980605      
  -886.380952750719606134396209864110304      
  -742.310829895053872691952790266070290      
  -604.445478690689064215456661207955847      
  -476.176635816850648278189263672689764      
  -361.996575425715396409327630202823388      
  -265.284355605936773112608313096866218      
  -187.394158237468717590660687608597945      
  -127.670139096065695301482597295965717      
  -83.9663795565399264933443962518528565      
  -53.3586766869114525206760526363646658      
  -32.7756596984260225923441524908775134      
  -19.3750568574070052030265799214976970      
  -10.9133336021725352935106323187215239      
  -5.73444936171601234695503204153591022      
  -2.48452225324077420875336906372948800      
 -0.595537096257975150042130174174782060      
