   20070588403.0955985021327645056717383      
   784204799.188872464337316425059815682      
   373692016.029597168921174897893505431      
   177739824.511649079495332957328144532      
   108544623.303875652425866438868407809      
   70169256.7998341674207570829126977735      
   44864522.5322470130614126673367085331      
   28785266.8793747415513228709966413890      
   18198215.3600884394637518480707907064      
   11316920.5440770244229226724676866740      
   6930844.46567601099540159816531776395      
   4183273.19308361102680947141867565265      
   2501416.37355557966752778394086714965      
   1490652.96678605585748712919845058273      
   891489.706094977789190584084883461004      
   538073.704479945775851608061836999594      
   328116.631566951119394282440449621463      
   201051.417565142466754087632549020502      
   122165.057906492444270791452138084560      
   72082.8221598410639748388740258444471      
   40024.7183673610009123582940008870255      
   19793.6962405086650448018302310495444      
   7558.68112346827985226498298623902045      
   726.694057337031885196020477479751034      
  -2576.24285881998654299134329194260968      
  -3727.60657072993472421175133186330126      
  -3709.77802247952350541881382098263312      
  -3177.12939735759737607972474734838203      
  -2521.39031528028895600649492214960026      
  -1940.04484966658741737492575256367227      
  -1501.86949748661076228959160943343373      
  -1202.51837397956447029067462741142125      
  -1005.86253261651335908743925958481603      
  -870.480224968753917821560700544365451      
  -763.368344238237720472819103490683752      
  -664.413463524931493974964539336396264      
  -565.261565896473574180344874694252286      
  -465.703838670032751204055031826818707      
  -369.662827050069590093486889169409117      
  -282.000263640141328085651597124068234      
  -206.520316360423290549922407867342464      
  -145.144601301396800343967702589177728      
  -97.8982736227952923408463856551751241      
  -63.3866154556199843608929894743350204      
  -39.4021400200797975286185566879288177      
  -23.5076020593463366482612970780624029      
  -13.4194097440996586403654643399652449      
  -7.26367548573064551695653205054070022      
  -3.64418740824345622007384697517515581      
  -1.54761059860012427757471930201552353      
 -0.391349520325490985130869474974239135      
