   20425439415.1645801120283346823602075      
   691537578.935486533357863095752385363      
   378749857.752344056816037013000371052      
   180663757.132061185909564950477472568      
   107124463.912120169861536880143992553      
   70844934.8375579667986815978304966916      
   45024571.9517729703214298353235734450      
   28835785.5629560644247903697075760463      
   18280603.7326665733005520010579595555      
   11302313.6097831145088882275294504184      
   6907213.30306658088969097561359838547      
   4153682.50889771579558912611407823355      
   2470450.33369621570033192047172407851      
   1468140.04658087327992522671570400233      
   875260.330321026895366116489373964939      
   527630.868601424455624697758767658341      
   321898.157029892154651031419284638491      
   197065.809259262485037480376660144717      
   119286.239959434441337333553869354383      
   69485.5067245338350027793609321006235      
   37345.1207811111420475822270021549516      
   16987.6905088825809543722228662536386      
   4715.51540231790598572192273394871339      
  -2004.50537845011245893838860928140523      
  -5065.75468063429547491857719348514792      
  -5897.45916138734955501508009851069870      
  -5532.92208894280794439130865704967192      
  -4669.65136649116146628332984440352769      
  -3724.24146681943662086962939174070581      
  -2904.01715345288747989111378037147111      
  -2276.20849978052602772310066633328172      
  -1828.85849866508138316449663633777715      
  -1516.04120760852529562936175274776066      
  -1287.54850379938397800877737725178068      
  -1103.50793412778010831498326643813603      
  -939.470108060620104015987490268684253      
  -784.544907298858579513597210426580383      
  -637.378559486235315324329182908744260      
  -501.271293990425315852153118286386033      
  -380.712474629736682147864840225602929      
  -278.934134484236294500501156048856969      
  -197.174855428806329909365604000579679      
  -134.554681821944473758042426072784553      
  -88.7500834336246751991711665264876120      
  -56.6280574640143202678084482623180008      
  -34.9866405518244654785492682089259484      
  -20.8071379650051929452932469889190465      
  -11.8117517826193424949968955968783790      
  -6.26439254703882072010129180575615159      
  -2.70921981453013553581145456812976668      
 -0.623113616646127393568770673238045192      
