   20425406698.8463726501965155710056554      
   691546686.969756522035310432103085428      
   378749591.074547551357423399268566255      
   180663177.029649362874331776754920478      
   107124723.129574832750299754729962720      
   70844839.7568732729237404926316000148      
   45024549.9838937056993621037676121311      
   28835794.2345861481573711161231659390      
   18280593.0147702178029067462491757908      
   11302317.2903799333724691424382730591      
   6907217.37035519536986128774887736200      
   4153684.48506301401110004403546636868      
   2470453.63331476041180911139550868017      
   1468141.64155581283784208250236507017      
   875261.497537750084995506215236112148      
   527631.534138415299910537736198340641      
   321898.499463619968788647824288718197      
   197065.999950740745887634535255124554      
   119286.438751593459096453215829883886      
   69485.6773681470249279666837006046372      
   37345.3606299221106608069213768388224      
   16987.9250235895042558579759887288502      
   4715.77320583378634006018868481171053      
  -2004.27532361278115025017753490162481      
  -5065.53877213420633542880527048149556      
  -5897.28441873823755406036742237525201      
  -5532.77121616552133161660847258170497      
  -4669.53614265594937820713043901662990      
  -3724.14462318089802808912867507488677      
  -2903.94393207895499083074652075584791      
  -2276.14595270401977245256428634787459      
  -1828.81032526182768530942395902769617      
  -1515.99909053563618689668141562495417      
  -1287.51579882698692586553720744558848      
  -1103.47940401773987585909775642701781      
  -939.448439163999696607593972460235050      
  -784.526509891615122601485209386784452      
  -637.365220820789816150180077771698719      
  -501.260356882027427362943787460685820      
  -380.704992604925651880423505233281383      
  -278.928160985337653346640495212209844      
  -197.171006465859034495008214344488228      
  -134.551635724953033760534822010471423      
  -88.7482271051421439863054232438399723      
  -56.6265873484557472425243489396614562      
  -34.9857847221458077766100417610392827      
  -20.8064890054766973112911547161222661      
  -11.8113954503991756329419259103316404      
  -6.26416222500926514798991732019109054      
  -2.70911242262574194145337092997632558      
 -0.623136610493097619377730601196243557      
