   24298554273.2132951259591075345811403      
   3353069511.33422730825357725764594132      
   1164327012.11534858309722355073120514      
   374263799.249909033092497461435408684      
   340166986.346027833483509279598592536      
   258265225.401907306906453545717909770      
   183429213.404852730634401842757871951      
   136229278.313954724414742297296887239      
   93827642.2635672954735837948230997874      
   64980465.8687186175150840070730422688      
   42705063.4232865003420576304976014251      
   27239447.3631306954067170044008120777      
   16829550.4147715742956879113875549420      
   9950486.93237183124269086422738055040      
   5820380.25943237624505360428646953335      
   3307286.38481431800221017150140880417      
   1933537.71772335914249457296181708554      
   1163474.91929540040085767003372268928      
   740589.149906006605806383714501925878      
   490792.794448602786653575140326481118      
   317115.652811994285286380318358013955      
   191866.889385041480817796310127033674      
   92796.5910350471512406506864000981891      
   23555.7035877152537621269827422628826      
  -20101.0263066066783987892305141874891      
  -39904.8955255979962394920716882265909      
  -41393.4796627994664924509063466088558      
  -31866.5464525539545189017251845139512      
  -17372.4712711557998060930228292433500      
  -3620.23283813445998381913299359032650      
   6533.95071323700061201344890524800647      
   11743.8600668219149910588101897430180      
   12493.1359030151138531699801302605451      
   10126.0511185662811208485091753840452      
   6258.49650456450919969232143113826125      
   2368.12398081111914149512360384523874      
  -600.241837755398110923013160382563299      
  -2208.11878275037899240588598656177496      
  -2507.40170392142908809258923450223602      
  -1844.72317389266901608299082015857993      
  -688.203178829169739405421523803441005      
   524.443527759493357745328033388482983      
   1477.00345018256770159302980206757095      
   2020.04020341896047470886665355445832      
   2140.89507220947675725067490273780052      
   1926.16137777506369571763125590813562      
   1527.15638337788667775914735150794800      
   1050.07367197861310724398941492906938      
   634.815005665240315858737976904790221      
   326.416270061389875093840019904165062      
   92.6905937018122168624240898337457236      
