   24012980790.0654791544587153065794665      
   3514517994.24093113749651683999415694      
   1111890608.52298970173240583311936984      
   387543489.462322020471946240290351462      
   341047431.988961711755539872427921258      
   255587527.794139624925930430873618758      
   185199289.360783887903305907811208240      
   134815901.554700986240381258777616644      
   94123270.0120121418963274301541436181      
   64614827.9447742841157141499801876164      
   42630704.4759215599161966028369408813      
   27251638.4334486708580959703724700910      
   16810816.3837290701587905264348352446      
   10042476.4143682494922722082305487314      
   5854543.93219954837002204717274574173      
   3368280.47414894206933629724122066618      
   1959866.81272229715754368448101230462      
   1177673.33760764178110370760704962098      
   740914.398277170764037441945521119154      
   479084.779274906416365062783507441579      
   304802.856957107690020979707726061999      
   177790.011133363187160823011590810890      
   83551.9747924232753788191173034937037      
   17910.0536964229671489346993858811653      
  -21457.7999921177986646390106893068804      
  -38293.8316281766323642021340185633603      
  -38398.0873705904425291418278244940327      
  -28452.1532048582298761966083735250470      
  -14727.5749161681925046710173309509374      
  -1978.48324951642080654239802406333693      
   7011.66226148722933861147263786891162      
   11358.9198427004075565088115588877646      
   11608.0402195393595462552899140258670      
   9105.87310478675728232719058192163829      
   5403.73779181286364658947144934387022      
   1817.96858824001136294036172761036302      
  -806.545225179592254306269678330094545      
  -2139.38672631869881308039290477281003      
  -2274.00555391143208675244926275553751      
  -1563.22176504905876125603767617784184      
  -451.839454945644358300284700878801141      
   662.902925039776321416447083101080187      
   1506.53024807650547596266001683727892      
   1957.51516815442872301230215519805377      
   2021.70251484409835311074907777038829      
   1791.37037324565799201277518000107340      
   1399.29537765862314153646905852639787      
   958.905219833151797552510059223443402      
   573.312196501912019309403027333660899      
   293.400413551466459335725780853179649      
   89.6962925023085785884356866195250397      
