   24298549197.4355471248227735670583530      
   3353072616.30956462912392959823943110      
   1164325924.82202052819533421724756513      
   374264039.483621114062967339037115200      
   340167055.539419711378894575932888461      
   258265115.750783691858371045218929872      
   183429289.303195203526461353476662968      
   136229227.440636864485606488929664045      
   93827659.8920713122568494236831912751      
   64980456.7562825170542817891034433428      
   42705061.7443377506612115965217732318      
   27239450.3928297400203087500050019565      
   16829547.9831302096721611571331088128      
   9950490.30666323506454300990866394046      
   5820379.83368806139859310277789624902      
   3307287.70912809653184158141963895616      
   1933538.01629969561025802962152075879      
   1163474.86942234398866686537666794332      
   740589.278312524678753656788736516839      
   490792.340995788130251443572340319408      
   317115.564542104022468301516763102146      
   191866.567564271467255787809338811931      
   92796.5009064614023610807157922343132      
   23555.6222879517417161676928294780395      
  -20101.0216997929147778217913538082337      
  -39904.8402071932296450349959973835338      
  -41393.4225287627093252933735457296213      
  -31866.4797680726490750015685408401890      
  -17372.4293918703500472447107549557431      
  -3620.21145542577338972864198389670087      
   6533.95462155594511811886118907336619      
   11743.8446476328868731429807662390617      
   12493.1194992154347718391725346772349      
   10126.0293169992649002551796566931730      
   6258.48340712409175827304338606153821      
   2368.11432548417533557998307208758070      
  -600.243173129219176565089174348551847      
  -2208.11656579006122973153212015700181      
  -2507.39647547141460046372480322528043      
  -1844.71785217506361260949116298366802      
  -688.199090625199275473386941204833465      
   524.445710589208877554866308617215830      
   1477.00341755742283244498096997837310      
   2020.03886436555299447109372133490028      
   2140.89247191399651854420500754981820      
   1926.15916357899592162223857345368779      
   1527.15377324420165047026592705466637      
   1050.07252044185157844912755708136918      
   634.813640818941251308223823494726474      
   326.416102853809125851176727448399110      
   92.6903463016038154502659465670159729      
