   24298524118.8524153992555754012099482      
   3353087957.33324984809839726896745190      
   1164320552.77091234414355151061626876      
   374265226.468836046458234500474434043      
   340167397.337509656624725316629426587      
   258264574.059261548615305681601179827      
   183429664.248680367073695573675924500      
   136228976.117427547799344473609178753      
   93827746.9744374237249212656631320478      
   64980411.7389527823471638673733607556      
   42705053.4476518484441972744092836626      
   27239465.3608228086692421450428640069      
   16829535.9696063193105628785951983101      
   9950506.97833947627464251281847838676      
   5820377.72950912518375375698909076597      
   3307294.25381992461503850577220661125      
   1933539.48996695095136072411962212943      
   1163474.62480040323663177651162886841      
   740589.911255564548615279234579958784      
   490790.101901984459676387394572876078      
   317115.127344632079065298218173169962      
   191864.978325713892442339780805236614      
   92796.0548990662205805184621421400591      
   23555.2211110259503158713566563117297      
  -20100.9994075512206475326220632714577      
  -39904.5665159018858943700827066513025      
  -41393.1405826159842187759502030259793      
  -31866.1499867056789279778056214995211      
  -17372.2227385496170738887899217797153      
  -3620.10555997689937293652857986144182      
   6533.97372669288577686543122171208883      
   11743.7686508879797427376652325991814      
   12493.0382969112046300296211503056407      
   10125.9217302726665921101903108129782      
   6258.41858558434672703209700060791025      
   2368.06670654061059577526430685424909      
  -600.249842440450535483580488977694395      
  -2208.10555930410928275790061190140436      
  -2507.37068308870964163269373500155358      
  -1844.69153115342937096273190016836179      
  -688.178907526340533216557534676967858      
   524.456502315378598800581163272693735      
   1477.00325943862469339080088216774855      
   2020.03223793217961786055081485991252      
   2140.87964245717946660626691488790392      
   1926.14819912022134524631022885798900      
   1527.14090729662771029482555881197475      
   1050.06679525909286242505422735387150      
   634.806937271716931782236229751152308      
   326.415232637572543833552224480779833      
   92.6891712617127738710689504310293883      
