   24298495571.1867381881011642283019375      
   3353105420.15627264711205730360227772      
   1164314437.78707008278447700333830804      
   374266577.708477619819044897474712126      
   340167786.264112016847984084784485040      
   258263957.591446890071383491936790966      
   183430090.947035610138778445129551393      
   136228690.096790699786113323045688606      
   93827846.0680600532504294023548493757      
   64980360.5059783548310812549524452857      
   42705044.0007515487332702882910604013      
   27239482.3967475484843872114615514889      
   16829522.2959547342627129464032074276      
   9950525.95586342734494597023089161440      
   5820375.33298382294541233256337939246      
   3307301.70678715994693993417192495573      
   1933541.16437454131662658407213231595      
   1163474.34994451901036100954271853139      
   740590.628754131230008455656518102226      
   490787.555773564832913296771639330242      
   317114.627522266836827989030395109609      
   191863.170902937840855833124494419087      
   92795.5458010489428400690219153630289      
   23554.7654619133045060356928793194034      
  -20100.9749688811921687223313513730151      
  -39904.2542233716834314449831513594190      
  -41392.8203209284617064837755566709298      
  -31865.7739801678840763595190304194446      
  -17371.9880284331148329410638855421795      
  -3619.98452298648639378691636834719820      
   6533.99506498201965804698611622479960      
   11743.6825151989131170247181775803015      
   12492.9455545378665768552388321051465      
   10125.7995238429062436733352638584895      
   6258.34457846243586891772117100809919      
   2368.01267408083472322561259000768694      
  -600.257578238821309329303765754481078      
  -2208.09292333168777252879389122078756      
  -2507.34140557347972084595106401749880      
  -1844.66151268032250330349890246268599      
  -688.155966847580825547442569104241263      
   524.468802834898535223976823538428914      
   1477.00308278891413991981409418293652      
   2020.02467720019266166002239591730543      
   2140.86507131281748111147017058702223      
   1926.13567261994913038909930081020944      
   1527.12631835512304509588534888255755      
   1050.06021093791300042827272282340003      
   634.799382007053175433594751926246015      
   326.414158392610603615986267232247759      
   92.6879236478540030247525173842244525      
