   24298444797.9365662111932379181169941      
   3353136477.74476086115327542021208573      
   1164303562.48606010009814645446857517      
   374268981.105186100168295611012212515      
   340168477.587598651264597975233818007      
   258262861.584513753134870865904724569      
   183430849.552064216941306492117326552      
   136228181.574703537257960991049051050      
   93828022.2192278320377274457650790733      
   64980269.4160828272644951105967406275      
   42705027.1925061910065578707502539769      
   27239512.6889574277334637512070982681      
   16829497.9813605182422798234121684331      
   9950559.70721922146924298640612343928      
   5820371.06743493081608198931704543441      
   3307314.96986067877407960017301638380      
   1933544.13432194224365966454610715142      
   1163473.87046915052194523330021722811      
   740591.897072939031534766219186714259      
   490783.034370557928651153756673950316      
   317113.733003620653829861186543844809      
   191859.960592029916768137289756849514      
   92794.6367506941460027316894621576469      
   23553.9576934639245629457778181800122      
  -20100.9339099972080455615684070542314      
  -39903.6968991162798514954076464263088      
  -41392.2524778513089965880427408008739      
  -31865.1036818244507403722084687929027      
  -17371.5719414720901097021435562057975      
  -3619.76798848366279382198419215704657      
   6534.03196621164416697549205822448637      
   11743.5302785101054307016938084383047      
   12492.7798186189041089504408014333308      
   10125.5828499741361697936975174546215      
   6258.21238931476128900413357939892914      
   2367.91702347700992304093992572935619      
  -600.271710551002836775637856252407160      
  -2208.07016994694806038260446432180657      
  -2507.28955305790455381650458322860754      
  -1844.60797086146416500131977837078325      
  -688.115262757302575340447990927594732      
   524.490730934580269882098798348614216      
   1477.00276610458321674982016350268796      
   2020.01119702341844759097726266220341      
   2140.83922732747657382686120710905508      
   1926.11329160775512094545502277995437      
   1527.10050166052935874736102737146430      
   1050.04834414452912117867107850565799      
   634.786121582450755742582300033636112      
   326.412050923211164846546555349732596      
   92.6859170063554782147213026863039071      
