   590951.268802690168141176838652824021      
   502177.608516093052877131539904774675      
   322600.408476883261517365806913339771      
   175345.926922042406994116574557867582      
   94817.0189997508335837785091326353612      
   58216.0544881724522171023878086109595      
   32438.3873970726295181639583346360431      
   12933.2551085532852876716159948377437      
   5579.00391506327810834240770930859079      
   3869.67201130482240927080488272332507      
   1283.23570154471615589462931871400352      
  -318.308133137435220611553784989352765      
   95.5652291073393600260815908885839783      
   336.489774534346200682394168673229559      
  -307.334662602297566736558051490775361      
  -508.345084076659339544455392301763038      
  -11.8526794789713668535419427177536476      
  -95.5133913471547761738430281072373403      
  -530.537185307132183378063459623868634      
  -409.795244685773826002129504388731687      
   0.00000000000000000000000000000000000      
