   157.693318992662200983373780004069751      
   131.356493373061944455334021117037016      
   102.628023527346465170134660116083340      
   83.6379504783237942134164771137835622      
   50.0044236676449333480917112804964783      
   31.9116055284028034577032176312577551      
   18.3562939074532931525154504119408434      
   7.62423715522999787635770805657676066      
   4.57270955730680688121231393754748472      
   1.39114983865245990652940985748344826      
  0.632470522929472609084840403966232602      
  0.903347541381459011287906791125160242      
  0.183000081780851495884017081344528678      
  0.730558918807970754514119298741225043      
  0.252448934133379554662941210570531946      
  0.305852486411752219210642543601284290      
  0.184776603322854809753341345640375082      
   4.53052755980220370206865935996869137E-0002
   6.73786809990039591135795616525086626E-0002
   0.00000000000000000000000000000000000      
   0.00000000000000000000000000000000000      
