   260.282765332760110956303275001491259      
   260.267541916943170310890996349528166      
   260.242125445562054678694072808494126      
   260.206491309567362721793741374096656      
   260.160617613278949927173772698887376      
   260.104487067545578849225676122783835      
   260.038088620191958726993553912133867      
   259.961418789377950196678310639937898      
   259.874482666543499606926703488744040      
   259.777294572075053700589683505810158      
   259.669878354825402478073290537451784      
   259.552267313406887455038355807932279      
   259.424503689066888446900515218778830      
   259.286637660547016909310983473348918      
   259.138725781471104523268048927506349      
   258.980828840952877204876956999916751      
   258.813009179572715274537563862529371      
   258.635327532709283858607291148143670      
   258.447839488927400457741564459029426      
   258.250591646455140726084331916361092      
   258.043617541447126704626089961217123      
   257.826933425211686214385471510929863      
   257.600533993288191968506898223669768      
   257.364388214069208516523541997929336      
   257.118435455044800846646455035996793      
   256.862582143183280631666860367884276      
   256.596699207858532031684403319855361      
   256.320620532961887187023254661789950      
   256.034142590871541746471249606873100      
   255.737025353180647642943078418184239      
   255.428994483645614679848464400675557      
   255.109744730324348748654790450472587      
   254.778944356915609730545831126943742      
   254.436240395054411319913247659011407      
   254.081264463182543505672818131687286      
   253.713638883691628941775218267874308      
   253.332982835940104639215800971472865      
   252.938918304563841696266071116767037      
   252.531075615673829710022591187840870      
   252.109098393539620906487166517878609      
   251.672647813164341420463419964727670      
   251.221406066482631611640987248843765      
   250.755078999307630915765492185757378      
   250.273397910973763705427905193760856      
   249.776120537933031811865117117207615      
   249.263031266004291152982751455674913      
   248.733940633624045164459150485144629      
   248.188684200686604560878360996554191      
   247.627120864967068292572989734029411      
   247.049130711372750420947024239877481      
   246.454612479082325269994117100341166      
   245.843480728705941830346376030335160      
   245.215662786589210930508224137039954      
   244.571095536873417272725882090866375      
   243.909722124424471439979005231082561      
   243.231488623683551724826178989231575      
   242.536340720225625346807991209938817      
   241.824220443618694363918806191767935      
   241.095062982270889345602408127640453      
   240.348793603492417837243505494998973      
   239.585324695091260780804104759661576      
   238.804552938531882666338849593310243      
   238.006356618044630824692223644879912      
   237.190593065083583321537419369181364      
   236.357096233171976372645112597767003      
   235.505674394409977082621254792504902      
   234.636107945700712881261441523061071      
   233.748147310017890011543520530263379      
   232.841510915727006596491472728216143      
   231.915883235014936260314909117429047      
   230.970912860807608880960141146912088      
   230.006210600093134292729642451146756      
   229.021347560245914485502406057194105      
   228.015853203696636968414715295603412      
   226.989213345042040705649681340014144      
   225.940868063368487463889281931245489      
   224.870209501101076955448959162338671      
   223.776579519013900270257172754346435      
   222.659267175067997892206054901213710      
   221.517505992399757006734421969657010      
   220.350470978971320503666706696118663      
   219.157275358014794219056876149430711      
   217.936966964334488827191387140125101      
   216.688524256640158409053833152733652      
   215.410851890206217936755370443981635      
   214.102775787093257895359080719361452      
   212.763037632693054146403811394562685      
   211.390288717179892469793901642697572      
   209.983083028215403710355225694575847      
   208.539869486523677287006067385805985      
   207.058983198182250492037386387320021      
   205.538635575978516070560788206041499      
   203.976903156096059350570931011282306      
   202.371714904627398329610334163560883      
   200.720837769557850383394943867441958      
   199.021860186133751023415621075757486      
   197.272173184590759439671634397206847      
   195.468948676044938144716040885233078      
   193.609114400964183409303242814891104      
   191.689324909776713352434285271129925      
   189.705927799822567722363553163473346      
   187.654924247551396379376761000549337      
   185.531922636779410490303104024032352      
   183.332083775291377399514311943728107      
   181.050055788614482061330140079244901      
   178.679896246976243104829431293113417      
   176.214978370297163524409683636556458      
   173.647877195848377737004087684041801      
   170.970230280314793212357550894897662      
   168.172565688093509603028196137355921      
   165.244087456575159123084155043849907      
   162.172405064536211742633027716899554      
   158.943188088314082932411948195535095      
   155.539719282643173502188410957305555      
   151.942307220209735340387870419676883      
   148.127500705837851102964110721916033      
   144.067016718622048873810269722951718      
   139.726242889909164540865227557074759      
   135.062087625184210590050080180978734      
   130.019791667169501233117169449352373      
   124.528010434932153009491565009552174      
   118.490856753567023955481461908829887      
   111.774231768789073809212166039229067      
   104.180477191918036560282562612775855      
   95.3963368516819388785372059849552045      
   84.8695679164703098168736398018998186      
   71.4417805530129245764850111089722560      
   51.6424585732963037320609294055211410      
   1.07726258186537396986510216070811724E-0004
   1.02863932007404595041541691829043742E-0004
   9.91410607943531981644223608695679228E-0005
   9.82361582354005051964160146100154995E-0005
   1.02395563331079402124544030680567690E-0004
   1.13428254005214027150892463079909412E-0004
