   80.0870047177723418327087000004588442      
   80.0823205898286677879664602684741901      
   80.0745001370960167942657711531054642      
   80.0635357875587334721315590412626339      
   80.0494208039289074931283511391938250      
   80.0321498588759694821130269494358544      
   80.0117194368139566704807459010986544      
   79.9881276598503739076690437953690065      
   79.9613727489322864485371455617350243      
   79.9314495081092133822133532654284346      
   79.8983440868563843654081876989936500      
   79.8620281085898673131060639535901550      
   79.8224534556828630735487558698979972      
   79.7795486304990540002840895570881167      
   79.7332170614930159181867913878470571      
   79.6833373066425145072318578291837388      
   79.6297649119316616814503201886542070      
   79.5723356377337532366898626815351749      
   79.5108697606226241686104923083655028      
   79.4451771285229710478439463077355660      
   79.3750625922534582522777182338170190      
   79.3003313911411235162306631272847297      
   79.2207940696632743778655427286540170      
   79.1362705606752454545940350759458346      
   79.0465931800075209408770445344629055      
   78.9516084134535419341568353727074547      
   78.8511775132288289934255615038285124      
   78.7451760347516055796852332150862096      
   78.6334925231726895488691025488617183      
   78.5160265989680542405627158577423514      
   78.3926866968359070478014079010942277      
   78.2633876900918531563883315659498364      
   78.1280485932013350313663867564158444      
   77.9865904869805436254334094703092455      
   77.8389347616128064317595620439310713      
   77.6850017271322179819580805682437384      
   77.5247096025342064228920517603638422      
   77.3579738645862584642369923008764906      
   77.1847069158666044402745865674648629      
   77.0048180178601079162261629808054204      
   76.8182134279332946418428167283063268      
   76.6247966773549797639104206533965775      
   76.4244689298906395911651776362989714      
   76.2171293656614782795138986098136484      
   76.0026755418825578006049664561420685      
   75.7810036899325858452062812364839966      
   75.5520089163031112342759950807890895      
   75.3155852828388962737814414220042195      
   75.0716257489702547448662157531624076      
   74.8200219651270145511599082066411409      
   74.5606639120814547749809056896270568      
   74.2934393855357464465286636227951287      
   74.0182333288442142857731457834436668      
   73.7349270193770344429248178742075897      
   73.4433971157523384241328284943691938      
   73.1435145740660283931777677159548241      
   72.8351434414210236890339847268414353      
   72.5181395345894141014939692731511693      
   72.1923490106191225716174388333982531      
   71.8576068347011408550825218955617068      
   71.5137351487147240228394079295378254      
   71.1605415416235684297523972236581521      
   70.7978172203501273385172571394576537      
   70.4253350769356588661750458332855137      
   70.0428476447117987042656294251875511      
   69.6500849328579760043392442461546738      
   69.2467521250719729862288125901790733      
   68.8325271240896675308051963876748813      
   68.4070579193838725926524059847106880      
   67.9699597504522743503659107255002058      
   67.5208120325417380873691867924988721      
   67.0591550052839603073280697744051985      
   66.5844860573235168336879073085428487      
   66.0962556713353543099028621141495015      
   65.5938629235148323368293486611281333      
   65.0766504592474789532716413410666604      
   64.5438988516769393523093878149402019      
   63.9948202315805429578795462787819129      
   63.4285510544175847500872448686447241      
   62.8441438424437699318486247000042122      
   62.2405577048199571002795017126548532      
   61.6166473946089760598319414207726570      
   60.9711506056752106363825484543952573      
   60.3026731410295303310300950939823320      
   59.6096714919870440636459271797394473      
   58.8904322475717085416135167886738868      
   58.1430475960767969396905530843273165      
   57.3653859716663401466455336440759546      
   56.5550566184549419937490898856475261      
   55.7093664636485357655491093223427066      
   54.8252671671890980254401178288286364      
   53.8992894833277997843943339071920730      
   52.9274610303360477321337439705747134      
   51.9052020619675820298209457660946531      
   50.8271916164691581881269966427839367      
   49.6871930684032690732337361364306521      
   48.4778229115887923944748971150108640      
   47.1902382959939186747732937969755218      
   45.8137051107150449909643012372694547      
   44.3349848175110631234983384633503768      
   42.7374359170676343417464866032134109      
   40.9996461276220171853980372414489110      
   39.0932519486994041634377905666113337      
   36.9792610800714866032868311006663065      
   34.6013967789249039684602423032628314      
   31.8728997059049521953912010268898699      
   28.6468345288522852290170874463075329      
   24.6351269360975734315635510513613204      
   19.0965156509486324337335357409857771      
   7.16662810192724664540827918728325541      
   3.92423210946006128248674295267115537E-0005
   3.96761257095208579286220590015526039E-0005
   4.30486124904262114585358468239195668E-0005
