   19240858610.3133597463111638106558536      
   645263342.972440759822582537660739015      
   369239600.467436097334185203814713387      
   163046620.964749094811760369381906277      
   65507352.8781287004299336602816914462      
   31174206.0173722377301063524250104454      
   16374504.0702179194116953502620214644      
   7513924.40943468251661278914293829015      
   3140131.72345925526374449727141092422      
   1392965.78817673719001535800013207253      
   571076.371430867119565703303696392549      
   197757.555850570866774693386168424816      
   81836.4166039208912287923893196506483      
   38141.6448687840567283905625515294848      
   17585.5666470072673029905830931312992      
   13067.9260309818036326840050139980781      
   8442.74979694602007470711866155527852      
   4077.94847865067494307383540655886448      
   2781.53207375365876317571671998796874      
   1201.05223719839318929311531736326668      
  -9.49437891182456036782405595025532684      
