   1.14981728555274787966179404643935598E-0003
   1.52507227705932375007144892483324128E-0002
   1.54650994984579202273366118404041941E-0002
   1.56822752745269879757700621686090174E-0002
   1.59022892248547236854066999804779549E-0002
   1.61251809890807679618192128570069951E-0002
   1.63509907278620012579565310039853754E-0002
   1.65797591303969022063948398040660797E-0002
   1.68115274220441033140439687515390824E-0002
   1.70463373720368821678632750883365364E-0002
   1.72842313012953433811396195510878690E-0002
   1.75252520903380637974965117020620566E-0002
   1.77694431872949909953920002489422305E-0002
   1.80168486160234029709578562696449356E-0002
   1.82675129843287550311208114447304797E-0002
   1.85214814922922584688636978609671414E-0002
   1.87787999407070545203587283913118810E-0002
   1.90395147396248664781575506542958181E-0002
   1.93036729170150326516592454182939011E-0002
   1.95713221275378431788174055178356089E-0002
   1.98425106614341244959682557213089335E-0002
   2.01172874535330366038901437385113578E-0002
   2.03957020923800701372130690719555062E-0002
   2.06778048294872526868707186740735605E-0002
   2.09636465887075966699868041471675299E-0002
   2.12532789757358449794144178756885656E-0002
   2.15467542877375943151672404336231015E-0002
   2.18441255231089012329604165459619945E-0002
   2.21454463913685011751493682609187288E-0002
   2.24507713231847967698087587926438021E-0002
   2.27601554805397983111746763413626216E-0002
   2.30736547670322265938756664645876765E-0002
   2.33913258383220161788061879722027800E-0002
   2.37132261127184857195907470241321240E-0002
   2.40394137819144711895396510488341294E-0002
   2.43699478218687476844430672981331587E-0002
   2.47048880038390960594014169742616213E-0002
   2.50442949055684018084525664742480403E-0002
   2.53882299226262054522246316541392119E-0002
   2.57367552799081562745220988766951390E-0002
   2.60899340432958544388911833597930186E-0002
   2.64478301314796004164719851315357256E-0002
   2.68105083279466052313747809144065405E-0002
   2.71780342931372502879687716946696098E-0002
   2.75504745767720214868337288697372132E-0002
   2.79278966303517789636265656350250519E-0002
   2.83103688198340610982793375756723550E-0002
   2.86979604384881594408744487418206745E-0002
   2.90907417199317398848971163241182258E-0002
   2.94887838513518247875393136973683754E-0002
   2.98921589869129907890168949751735093E-0002
   3.03009402613556778168104607403204098E-0002
   3.07152018037875461732302313461389645E-0002
   3.11350187516708606942143143257322065E-0002
   3.15604672650089237290382784439142977E-0002
   3.19916245407347453766185046720688840E-0002
   3.24285688273043275395802959923868140E-0002
   3.28713794394994693470071934123788854E-0002
   3.33201367734412588303533043175820159E-0002
   3.37749223218183832661853953607163225E-0002
   3.42358186893340199555682608304291193E-0002
   3.47029096083738945790846099999482819E-0002
   3.51762799548992369704433430715526315E-0002
   3.56560157645680139143171914136649920E-0002
   3.61422042490879240165101210109649615E-0002
   3.66349338128046893329580843708032445E-0002
   3.71342940695292286992406631164890290E-0002
   3.76403758596073484888240349424670873E-0002
   3.81532712672357269879157771280119081E-0002
   3.86730736380274051861368606358205990E-0002
   3.91998775968318684835551382958217123E-0002
   3.97337790658118675086828000887667886E-0002
   4.02748752827821254831192937701808891E-0002
   4.08232648198133911472183448663765051E-0002
   4.13790476021059223575546726175028380E-0002
   4.19423249271364582772423266562225945E-0002
   4.25131994840827980979135728506442021E-0002
   4.30917753735301461946823337800465190E-0002
   4.36781581274634541550596906495275878E-0002
   4.42724547295500358902352337110228044E-0002
   4.48747736357167893081526586108832906E-0002
   4.54852247950264140235825417086996357E-0002
   4.61039196708570697026407275236282373E-0002
   4.67309712623899749724055069175827052E-0002
   4.73664941264095020339407203062580832E-0002
   4.80106043994203771419447410291189139E-0002
   4.86634198200866518521224922674688802E-0002
   4.93250597519971643449764119842368198E-0002
   4.99956452067622640819372287470674064E-0002
   5.06752988674466264846815001144039517E-0002
   5.13641451123430371183717393348320394E-0002
   5.20623100390920769186261683274369998E-0002
   5.27699214891526912101653826837668931E-0002
   5.34871090726286988804510131383641446E-0002
   5.42140041934561829821174555483871305E-0002
   5.49507400749572462525293164891674953E-0002
   5.56974517857648349169585361163908041E-0002
   5.64542762661242085301128971694535642E-0002
   5.72213523545761775409921656205151008E-0002
   5.79988208150274386405996126944321094E-0002
   5.87868243642133533884052325177040533E-0002
   5.95855076995585524140832146206503724E-0002
   6.03950175274407720364976522969254227E-0002
   6.12155025918634350653934241602271025E-0002
   6.20471137035422951265942347092573015E-0002
   6.28900037694118603090150622630762288E-0002
   6.37443278225569618736866745264989247E-0002
   6.46102430525750764599803944770836662E-0002
   6.54879088363749321719736262739164282E-0002
   6.63774867694170732073702990462142182E-0002
   6.72791406974017306653588701244034213E-0002
   6.81930367484097009068632000227551220E-0002
   6.91193433655020716781040256042852826E-0002
   7.00582313397837936785803092107153642E-0002
   7.10098738439370751317154834411797404E-0002
   7.19744464662299590350990723983992338E-0002
   7.29521272450055856885042152367392219E-0002
   7.39430967036575883459619901515817928E-0002
   7.49475378860970216117743791850330567E-0002
   7.59656363927161630404702097895224055E-0002
   7.69975804168544684810857411392586238E-0002
   7.80435607817718805513982866411011417E-0002
   7.91037709781346059064356772827797013E-0002
   8.01784072020183836277174731964464691E-0002
   8.12676683934341220966842955566230446E-0002
   8.23717562753808157178724124418452599E-0002
   8.34908753934301159189955165428982966E-0002
   8.46252331558474333600092055091769842E-0002
   8.57750398742534802602190401716422489E-0002
   8.69405088048308756113711992814396859E-0002
   8.81218561900793136364349555710271358E-0002
   8.93193013011233197184340312666039131E-0002
   9.05330664805759589014505631405259370E-0002
   9.17633771859617843770508618769578377E-0002
   9.30104620337019385450883598159620120E-0002
   9.42745528436640969869555465241620584E-0002
   9.55558846842796546384405139238274849E-0002
   9.68546959182297194497708255783183805E-0002
   9.81712282487022349183971006262172050E-0002
   9.95057267662206808835110126277773434E-0002
  0.100858439996045499988095701830179041      
  0.102229619946148379322318626196256041      
  0.103619522155759182769029945684885779      
  0.105028405744484721813761151171758832      
  0.106456533461998002564143828244200932      
  0.107904171738295983674557201692209781      
  0.109371590734523162397735303069762276      
  0.110859064394357623505610737396774137      
  0.112366870495955529262053562387729127      
  0.113895290704448966777609455698554805      
  0.115444610624991656198292907391502160      
  0.117015119856345542350089585237340541      
  0.118607112045000847461428451816619439      
  0.120220884939820877111573565834953929      
  0.121856740447201768050359387262211671      
  0.123514984686736319571270001544297275      
  0.125195928047369909785996719568903622      
  0.126899885244034865472073309953259130      
  0.128627175374748641071409754681820691      
  0.130378121978159488614793744319763010      
  0.132153053091522024332297368347644025      
  0.133952301309083044206890109967607134      
  0.135776203840856686263602668451147301      
  0.137625102571765829504929162294983781      
  0.139499344121125192856175617752490709      
  0.141399279902438893248518662123652012      
  0.143325266183483788518310678987646459      
  0.145277664146647188958116215489665480      
  0.147256839949485522664490122266563524      
  0.149263164785467488954547874082077143      
  0.151297014944863461688711158949700727      
  0.153358771875739226608272479674341458      
  0.155448822245009801961745807194611044      
  0.157567557999505896388190540402644932      
  0.159715376427002198092379908545613112      
  0.161892680217153413215750696756958510      
  0.164099877522280478683782566761688368      
  0.166337382017945411582243662331576439      
  0.168605612963249566921470734734384127      
  0.170904995260785898116028964144360703      
  0.173235959516171388239980613308146801      
  0.175598942097081488152997773920887317      
  0.177994385191703543095130609911032696      
  0.180422736866521381590461904503726425      
  0.182884451123337961450151046375964628      
  0.185379987955437772998562800961502269      
  0.187909813402784947592052906866674267      
  0.190474399606147393553688949163390801      
  0.193074224860031052738242008704239011      
  0.195709773664302487011704384072295910      
  0.198381536774371081865855281890874668      
  0.201090011249796047233858483315115815      
  0.203835700501176197510338784838655603      
  0.206619114335173735526603502324217979      
  0.209440768997516062769043280627766784      
  0.212301187213812463849377010395937536      
  0.215200898228015240640274432280636761      
  0.218140437838347503212697594342468315      
  0.221120348430512656977631025852267246      
  0.224141179007993351820619288005773180      
  0.227203485219240716134296198842699119      
  0.230307829381548003400424802019527676      
  0.233454780501396316200765514869029132      
  0.236644914291054479274231503937810429      
  0.239878813181209642667156923575373770      
  0.243157066329401138371900394687084650      
  0.246480269624026636564483961440608359      
  0.249849025683687591070991074009269114      
  0.253263943851640445291224888065096579      
  0.256725640185121238714539255341112368      
  0.260234737439314624780715159132764178      
  0.263791865045744127004234399854476860      
  0.267397659084869167153015600139984120      
  0.271052762252686557115644260613245948      
  0.274757823821149843042514674231981765      
  0.278513499592240604137136864008663641      
  0.282320451845550791833754318262240446      
  0.286179349279266441566041097232365294      
  0.290090866944480564773248846959715229      
  0.294055686172807553046142816089498579      
  0.298074494497324120731953455743185487      
  0.302147985566923317109278084543684303      
  0.306276859054239421038153609430333687      
  0.310461820557383542469382725123950707      
  0.314703581495823488974247216212880248      
  0.319002859000847838922172462006403214      
  0.323360375801173932683608671576039753      
  0.327776860104394494542835876528181246      
  0.332253045475106591488068071973962990      
  0.336789670710733301810259016359998617      
  0.341387479716230629749555083943325336      
  0.346047221379071791611180944170385160      
  0.350769649446117802436169583846951423      
  0.355555522404216932711455005317413657      
  0.360405603366625806939478081679417459      
  0.365320659967610384666019611208942500      
  0.370301464267864476440317584353125484      
  0.375348792673674567545426409337916575      
  0.380463425873059530088998697847865957      
  0.385646148792419164098194912656511305      
  0.390897750577531131466949779477123390      
  0.396219024603037049819182193363234057      
  0.401610768514848403790654403104910949      
  0.407073784310173993734121268056616216      
  0.412608878460114299983987831540520661      
  0.418216862079974538940076624715682286      
  0.423898551152605930938574082775381796      
  0.429654766810182212119881185043741069      
  0.435486335679841198112905915408569688      
  0.441394090298555556400165982261150061      
  0.447378869602426315872782674997868832      
  0.453441519495300152093978663816903837      
  0.459582893501179391233641997271515552      
  0.465803853504302078385985220436723844      
  0.472105270579998692486505476969027551      
  0.478488025918460547548598605332376649      
  0.484953011842360458203194602510093486      
  0.491501132917825853806208085352891595      
  0.498133307156554421334753117720682227      
  0.504850467304858851115534866416251642      
  0.511653562213107005586314247895773627      
  0.518543558276365279486501804952835185      
  0.525521440934038634259868044466854662      
  0.532588216212919360824766324870512067      
  0.539744912294308674476115086997531952      
  0.546992581081778808413298050735039074      
  0.554332299741742626948455663253573674      
  0.561765172184376872318155801728928951      
  0.569292330447742734744662615538804580      
  0.576914935943377590089635155819368213      
  0.584634180517510541586276084752073472      
  0.592451287278827585251732731819046527      
  0.600367511141990689000015602696578393      
  0.608384139036704602710005638541630454      
  0.616502489736057017126947256171925092      
  0.624723913266399317748133291495454322      
  0.633049789875678755509877685893873446      
  0.641481528559538137363690460604325794      
  0.650020565176371775962966474409457548      
  0.658668360225414058153788202872926792      
  0.667426396416915397067602512977315258      
  0.676296176230718191773279785791902235      
  0.685279219737869183984764090508979210      
  0.694377063046133550183316795436407941      
  0.703591257818821476898144490804999178      
  0.712923372398928425038154242852972414      
  0.722374995136438397100405113049241123      
  0.731947740553217911599609352124974350      
  0.741643258974488082434456789003842250      
  0.751463250197648260514991783229493541      
  0.761409481652137414155941224704114153      
  0.771483811329184257732944486440687110      
  0.781688215537841573702536409807194157      
  0.792024821293005522737519099759686089      
  0.802495942889071619524861581332998295      
  0.813104121990132271750183657617943935      
  0.823852170403511461590943176879350223      
  0.834743214620644174903023784348724087      
  0.845780741219721899027333318067123100      
  0.856968642327116281282328717844203768      
