   19972776231.8084615351571647759595345      
   488781641.366895429491742319307237923      
   311396651.665975738273646614171026837      
   152580242.097306085758573493283379238      
   65284194.0393888533797298548441233798      
   30844947.5944200376169706343293562753      
   15961243.3276431190809168878377136966      
   7448980.65605259679369861809236468027      
   3095175.46247898236822940457328877379      
   1390638.03796115107918373814443794952      
   609412.518317175535961708274691353084      
   234313.839709302638730024918961005747      
   110811.373570797753011725046076457289      
   69798.8132515375902284351418920922219      
   33263.1444123544724428023613991895306      
   22943.2642535497481381112627330772007      
   16795.2811761645791263828571011026378      
   6407.22333392724652794461525535862338      
   2909.99240027707960087104791282510827      
   2808.34180164848433430537059834650774      
   1388.70111588448938723336118723005773      
