   519731.995139155767908460652430111926      
   450087.713176637592235202990983982917      
   302495.722741214107427835452293918693      
   173290.677523813063945146995799702171      
   99055.3972208184673549484137372173234      
   57229.9100835449423899629855605518197      
   30511.0329630722908351707082634577932      
   14666.6353708810502601143740911427612      
   7336.39112885382456979077267802580187      
   3661.58923942625470150889074459589925      
   1773.83419509096928896299268941777028      
   953.076364450271408253963290025421865      
   628.326062305923955916569805733228974      
   362.050479455729845439253588518776721      
   225.072876966120232399646164331621153      
   155.060496408333498733157441435314705      
   72.1256670625250365543280080167310661      
   35.6280476451786768038867867601179892      
   23.7119045359148295219578373824264211      
   12.3495196110444431040490436349934343      
   0.00000000000000000000000000000000000      
