   626.705230349949110240881690307444985      
   565.769093824764336433468129158413512      
   426.666246715887958136347027647897050      
   296.884006943685129830947727119374681      
   195.612010017470539542817699914960820      
   120.785522995563410088817213808766084      
   68.4344320540373342317888431137345643      
   39.4227684273706345283619917728786359      
   22.8048997890740667558774570524015271      
   13.3378221914459249468836889176757857      
   8.15854283136904794984189407401792823      
   5.45411465770828366260372140915236294      
   3.49905838294549884282251798944919913      
   2.10304232541002256438201577857514163      
   1.40721116831239306917349725578515629      
  0.702588868731941118339772978289498884      
  0.373474525590169744285780979549724899      
  0.189695236287318636175662699059411361      
  0.104284832271041963989747479584388999      
   0.00000000000000000000000000000000000      
   0.00000000000000000000000000000000000      
