   28628843717.6923369020321506477171968      
   6050332806.87063287185399274539766493      
   1527346005.32647191652798597619932762      
   162940233.030331238032967663072153656      
   252431087.296502744435977378801203305      
   173727580.162878988402215339576253741      
   123107098.682520960366643437340049794      
   93842751.5544668421992608052158419892      
   61540696.7058762731681558813526565014      
   44813211.5262360220365294827708118610      
   28675637.8334781921786375644732814350      
   19099259.6080250457563853821422257649      
   11578338.9905316836954750969617272641      
   6794180.95445532278350345434045525777      
   3767790.70474645622148611311365586002      
   1842172.99495637890608719044907392136      
   890134.967441294045687236020126974354      
   317464.483936734313230664476948709825      
   136699.994903216756865423925453955714      
   49253.0183811490460549359593843288736      
   59336.3872207878642434156468590808353      
   71218.7563043792155249652390606254931      
   79057.1074812493749809948473721322873      
   77015.3123234962335744239690323720394      
   59055.4441151728950245058526575022233      
   40830.5059262924964128003020929837822      
   18214.0142510868068168995277793769159      
   2271.31105938926919532467820792749625      
  -9919.72718433220838100069003088362016      
  -15380.9967518753842177793619241814651      
  -16300.7687500805469978767497087918598      
  -13976.3192753764140303679501678878426      
  -9737.25678645578758779398160931573245      
  -5481.04531107951397461603108459957451      
  -1616.18420783533363093953968112214454      
   902.917216704230768673917767710791306      
   2308.91152571472760443422179908742343      
   2558.63560602613765677514623989157060      
   2088.25881211431736319467944156395957      
   1209.11543297060936283598548190659211      
   236.941754422249510719062573146636785      
  -583.459929685053008457310947183503353      
  -1156.35027004448214522162883688828898      
  -1421.60990451344278803413715805849781      
  -1439.23091254983701762655414401913845      
  -1259.50401246801462809197059168024292      
  -988.490836641892651947984917396072681      
  -684.079297051272737341201616786738052      
  -415.561396151897077023412818008639003      
  -221.297710197480422126566633099388223      
  -65.4129270821826846404398742314599390      
