   595271.608372931830249911127780462426      
   504685.357476719906509211693426845742      
   318951.368621017994305324290358552695      
   173695.424594578287282049075149305754      
   99056.0028478594104082240281392110468      
   58219.6130824811873590851724932432687      
   30436.6706642142964579844442286404066      
   14207.5838505849015743758489921734568      
   6826.46390011681696290522501609393707      
   3258.24954392595428728274274843235399      
   1286.57275521233614843378188901275828      
   604.706416048836667145355094337079855      
   370.729700320585168848041368523523002      
   178.829618120840630830087163353573941      
   129.088255472562767132188290131838401      
   81.1248316732860110158482105659663190      
   35.4995154915856130200119835623999538      
   25.4950153357901452700664623181383997      
   5.15503428288194520818981748237010062      
  -2.05007063493821187324299595385593127      
   0.00000000000000000000000000000000000      
