   634.395442097103037180930088403576397      
   561.401655322579033612800925889310403      
   411.310801950876407506505075448210960      
   274.652636027190471931215621361038369      
   177.401547022918241508972149112812504      
   106.150330964140012954858138039221634      
   48.1399772386160353975564826819301681      
   19.6031910772468970124023914698591118      
   7.86064846927599753368458386997977315      
 -0.124576985354406218676137277716770639      
  -7.56782357521962861497836275242338175      
  -5.87235800124524339472849449957210170      
  -5.95909482575103555203684143836652368      
  -6.30178573393014121907753801770756527      
  -7.86670914578984706403970216750133108      
  -4.41205501187473527006148319905706659      
  -4.36736925430247423959884209725373854      
  -4.26643734742766949076897826977732663      
  -3.62979347405201060879797123054358609      
   0.00000000000000000000000000000000000      
   0.00000000000000000000000000000000000      
