   24298554273.1342733450811560297849404      
   3353069511.41327411309826720138113097      
   1164327012.03651530687323799993059725      
   374263799.328373712590069763836922878      
   340166986.268080201254665928224531265      
   258265225.479210958758235000177072711      
   183429213.328312577962574328441913843      
   136229278.389623977289966388677983660      
   93827642.1888665425522046919888430511      
   64980465.9423626942646833901021381371      
   42705063.3507776404167257258740355844      
   27239447.4344340985710662387487231363      
   16829550.3447352974562256447763896630      
   9950487.00108687669139085893862470028      
   5820380.19208530577520073293169891481      
   3307286.45075350737506630665064526046      
   1933537.65322561130101297525799279608      
   1163474.98232417856280644182997357387      
   740589.088368199574651460274312976393      
   490792.854478655689592851958916833734      
   317115.594301663612907532095333357962      
   191866.946368149462615121926023171891      
   92796.5355825114914530184286107155262      
   23555.7575101340288757124164307062867      
  -20101.0787028887627759292581738228147      
  -39904.8446482528910877743528199995573      
  -41393.5290313574880191083634838449183      
  -31866.4985799409435721015950392745649      
  -17372.5176631031017055593454003496206      
  -3620.18790936032229764978229993703647      
   6533.90722815898062002259093772639119      
   11743.9021294627903012329155824522783      
   12493.0952399681928539034206594884351      
   10126.0904062619286014918120023341006      
   6258.45856674827776333341274955176295      
   2368.16059528426032139525684333632523      
  -600.277156337175208186637097545015418      
  -2208.08473183570512961477598179358743      
  -2507.43451603411123359386734611919898      
  -1844.69157119818256560280070440205514      
  -688.233601892615176543469634640045780      
   524.472801277927439919126949602538637      
   1476.97529592331009910192869507096447      
   2020.06726881504726770720639625004088      
   2140.86906525398780370396146298600154      
   1926.18635666259366014202457993547608      
   1527.13240230542074659984913668210230      
   1050.09668530484881472308714741430086      
   634.792930258359346153625698108125986      
   326.437437080803810290122290929374727      
   92.6703058804690835124101125442609941      
