   23686589066.3701054906231009455760752      
   3675948995.59387884947401080817228117      
   1067333389.56177149730346790744022545      
   399630345.340704436697416863990747083      
   340827786.623792959578056573235914896      
   254866270.298688932736858798284930965      
   185579669.975026129139229743259864589      
   134177687.044505886514522123872429012      
   93968668.3926963041523416636801332884      
   64300700.4058971505914213631258538822      
   42484631.4409874322379278900524977484      
   27177183.6144257349870448070325092671      
   16813514.5325019312071913109049626654      
   10093628.0864427893168903809544262559      
   5919034.34775353499697942239504506887      
   3431941.89135517330640948161058846177      
   2006065.87463990936257245341089331195      
   1204641.98639767641953941116768947161      
   748960.083161267201367916349616964076      
   473866.870928814471138373657194830460      
   292239.293362349835400392933323083040      
   163430.804047698073095322792226543152      
   71298.9854840124986656302209269011986      
   9744.80756169920803223752317457040755      
  -25156.8275139670165226338190950848049      
  -38341.6621237582343731672798908572367      
  -36142.1450691690172238920720870503413      
  -25311.0796919689281502215123981672023      
  -11817.7577433602298067572836286400881      
   32.9821668748381641936246245624788423      
   7913.64278276311287445201026201137592      
   11289.6432515681999508217871567373518      
   10901.9607787847660665777468022384008      
   8146.82447162684576187141565551535045      
   4512.39475607712464993795271723709585      
   1194.19067020744445839636789897312214      
  -1095.55155154468018794369977518620134      
  -2132.20728837481435369536279114179076      
  -2072.79083390088963867514703165552193      
  -1287.15183732560036124685083507397993      
  -202.587035009453307768781621888203459      
   821.662429086115419023168291112460206      
   1553.29777248583782013363325272546135      
   1905.24701782665485018410467306480869      
   1903.65879455669439914525431620054558      
   1648.22785343974555031511803635323049      
   1262.24152215659275259258891136154733      
   853.135417521279490054589962221682580      
   502.687381259611565163138489259281681      
   253.742068640288913096777798805461722      
   79.9010571162689771524785912383163542      
