   24298524118.7789247726006995852516077      
   3353087957.40676782753416827796832215      
   1164320552.69760091617200838906846274      
   374265226.541790473613809839768378932      
   340167397.265056111501594145041839227      
   258264574.131091780183837095985259244      
   183429664.177588551043971944998851218      
   136228976.187677864089732108153888097      
   93827746.9051220054887243978677788405      
   64980411.8072492008239877665756645538      
   42705053.3804490344819911737636186561      
   27239465.4268655655757279751536344098      
   16829535.9047816586438238252233832221      
   9950507.04189540180101675272283752266      
   5820377.66726538239229055039635246590      
   3307294.31471469960759110366524849172      
   1933539.43045176173703963948235335189      
   1163474.68291123976763964062158104251      
   740589.854568503760470704908363978577      
   490790.157150881312414263553720967593      
   317115.073543655943097081888016712613      
   191865.030673297559456073001354725307      
   92796.0040063769826633784412154249132      
   23555.2705509450481147724127302414704      
  -20101.0474001732013953214245129981421      
  -39904.5199620571853340105359994110369      
  -41393.1857089845051981808732090629470      
  -31866.1062739847842114938084947830202      
  -17372.2650537284986359365783600325922      
  -3620.06462417647427901340824934642748      
   6533.93415027302224127838486763437870      
   11743.8068895623004822062000080617173      
   12493.0013729024475703700927409316936      
   10125.9573639617652593038773927550589      
   6258.38421676758336558819831416665178      
   2368.09983687495666031559865068499140      
  -600.281761481760130770594582717108844      
  -2208.07482370389956348012201400231717      
  -2507.40026363658398134944892207894461      
  -1844.66307684853353763894401905685043      
  -688.206264708765284539592997388005193      
   524.482791708324977612344502241388505      
   1476.97800838301281168534613326981965      
   2020.05648013775509766663701727383173      
   2140.85637965726589690949395789240637      
   1926.17051184482421812758546047118706      
   1527.11951549555009561558998372862233      
   1050.08729505067125995326652762666824      
   634.787300866296133153960966355686186      
   326.434033941277564375092421813242681      
   92.6711771570346281126960959009615648      
