   24298444797.8745465253067861198986174      
   3353136477.80681320450060757555419979      
   1164303562.42419841678542125866073161      
   374268981.166717188451030232299434068      
   340168477.526531645862575828220756242      
   258262861.645004471879983976558781710      
   183430849.492254866034855491227483463      
   136228181.633738212234812133299929502      
   93828022.1610517338931162820376675396      
   64980269.4733254351839032131655293395      
   42705027.1362628255255454147846664811      
   27239512.7441435918724760514557737911      
   16829497.9272814795781054004993999323      
   9950559.76014821583572525730614544441      
   5820371.01569211653016005042943908323      
   3307315.02038742111956277082934436092      
   1933544.08503542283004454013482968793      
   1163473.91849671583079286709324297336      
   740591.850318149075165937572191323396      
   490783.079843351758357889603229810225      
   317113.688817845160458789612571361602      
   191860.003489620429495710338342921821      
   92794.5951389098713988869354371053424      
   23553.9980250291129513237942281946764      
  -20100.9729698692750633106976471290174      
  -39903.6590997653543005267886865408899      
  -41392.2890302437200413075437106838696      
  -31865.0683606799816488544343247402743      
  -17371.6060489886498375449084020147515      
  -3619.73507527204897292320083685177903      
   6534.00022648953355444039372004154595      
   11743.5608668670357303066410887095497      
   12492.7503583721346656021221227807050      
   10125.6112063316794284448550166851774      
   6258.18511180965998428582998312509736      
   2367.94324783803500760468580656585903      
  -600.296908019363066153803280201492138      
  -2208.04597269912982434676132271873289      
  -2507.31277706677773576036204615142665      
  -1844.58569290234565941657921142361492      
  -688.136621968179437730752798616708527      
   524.511198726330234933138234061400953      
   1476.98316245489850410757214078832101      
   2020.02996368542997188131386168530110      
   2140.82127068644140119061778383860373      
   1926.13046494841405806762416644114628      
   1527.08408519796336149636013743095431      
   1050.06402980570315180855816774943158      
   634.771141032956410091176978385486537      
   326.426351626631019669338728654774642      
   92.6722713396993099282877130590388598      
