   19936274539.9548327856372575583897603      
   503599323.665886965878247712567014083      
   312544846.971044899859709540414011772      
   150336185.263389269177473535346913241      
   65345531.5659799850061583401047836101      
   31302691.7590411307789543591676033348      
   15876156.3412375506558802554955750866      
   7340046.46371869548664321513303433406      
   3158913.83659564726669308973262210023      
   1395886.21271041797967534668689779237      
   589609.432768945484080254143091010327      
   239951.426478202721048116497316022946      
   116283.700712045123478979342416142021      
   62975.6796611697926502068283785139970      
   36156.6173430178189809194270844065404      
   24238.4004935955870559730459080407122      
   14212.0791313216565442284677653668451      
   7354.10142738669765877884695154867258      
   4124.80936576630572005568831017359509      
   1612.06087387520706300857893017922980      
   156.222503052495735546448119827217970      
