   524018.666209394476258641306555173596      
   451156.675177767500303580743592238187      
   300196.771205884247962814202383403147      
   173339.003694829026519402231996495328      
   99748.5372611799216636533844705694593      
   57169.1756305951560213521124317902426      
   30186.9839500470225613965947431221848      
   14832.7755506038950375086828759064405      
   7351.27130979844415015384819931086535      
   3601.08962172888547332572937359467037      
   1767.72194904948154224881026988139610      
   980.606004197458363826611221895890672      
   594.624501373272099299824907959011222      
   360.426886755425757475330536747306054      
   230.765118313349580809262554805490677      
   135.451892563103489638768778257972625      
   69.1764087931294374462669874560753028      
   34.3875591760488980126447170070540799      
   13.6127141481153021637362167160604286      
   1.38859065811986338493552931844903505      
   0.00000000000000000000000000000000000      
