   627.277229135979481046854503810214377      
   563.873352086166663259269110117373040      
   426.763151279193925356374173324775203      
   297.031777680936220625656485776570266      
   195.644479686088556663837863996114749      
   119.701044772171915445828246717780120      
   68.6018671736548766163887252588030802      
   39.2024209053798552821039940694542986      
   22.4554543495538698330283785337608179      
   13.0645673594298316371125338052378920      
   8.05109586263832793972546103938213956      
   5.20802536365435811600671038354279891      
   3.25702206433964260546202839900223050      
   2.03669468966357358640764420776140535      
   1.17455560753051600671567418668446237      
  0.600822842380509528038899422305018909      
  0.271542990443159409123882331631311560      
  0.108901713184922417309889733728483432      
   1.17258766685677352505666920224585183E-0002
   0.00000000000000000000000000000000000      
   0.00000000000000000000000000000000000      
