   7.34329496702179023388788841020940521E-0002
   4.85145238273872702162327704739800590      
   4.90517768957787701322311260848521900      
   4.95945026523599024466742558076706346      
   5.01427670951565436226927668492545227      
   5.06966367959903471519902765270676973      
   5.12561789102884894792706958465118395      
   5.18214611868892136579517958644242198      
   5.23925519778475536345020897733547462      
   5.29695202482454766720164027608632926      
   5.35524355860105429889744287771984439      
   5.41413682117470499422530655552855165      
   5.47363889885835027586581873076495338      
   5.53375694320401346582077654841317676      
   5.59449817199200859588102182891767177      
   5.65586987022277441621542665620640600      
   5.71787939111176448487845548460498772      
   5.78053415708772362254861297635690129      
   5.84384166079467181405740574214089010      
   5.90780946609790790948667579559708509      
   5.97244520909433720141823460729685513      
   6.03775659912741911089382316255371874      
   6.10375141980702378304825577750072538      
   6.17043753003447935521844923024593680      
   6.23782286503308499734199986847189429      
   6.30591543738435851905546372223546915      
   6.37472333807028137329510853635136384      
   6.44425473752179824613438929253343881      
   6.51451788667382309158482042692637109      
   6.58552111802699843323149638515915015      
   6.65727284671644999759329976913980796      
   6.72978157158777425329835396129534534      
   6.80305587628049219241955480085684524      
   6.87710443031919869303587851340488256      
   6.95193599021263303320253279761712983      
   7.02755940056089257445036434456067890      
   7.10398359517100828658598052628368488      
   7.18121759818109763426980317212077072      
   7.25927052519330737937551410346140530      
   7.33815158441575606164975148472655290      
   7.41787007781368329424460049744918637      
   7.49843540227001054119228472811667648      
   7.57985705075551572210319129057097895      
   7.66214461350882180681413716172673185      
   7.74530777922639751132497179094403323      
   7.82935633626276627823850252127812847      
   7.91430017384111791249893432485782166      
   8.00014928327451553915868216324505775      
   8.08691375919788894707182512167633671      
   8.17460380081100387394527225816822445      
   8.26322971313259536730086215655741893      
   8.35280190826585201616721173441287107      
   8.44333090667543658330101489543382917      
   8.53482733847622737124315796210197079      
   8.62730194473396352148443199321218914      
   8.72076557877797636842981709350141483      
   8.81522920752618794292893111330427052      
   8.91070391282255673805639036973835265      
   9.00720089278714990696204215494877235      
   9.10473146317902015327800502980979450      
   9.20330705877206469327850811619848746      
   9.30293923474404281018535940680763024      
   9.40363966807892767920974582053490934      
   9.50542015898276731164990571625220369      
   9.60829263231322864216923305502449817      
   9.71226913902299795978655967620059836      
   9.81736185761721005459923107262203883      
   9.92358309562507761335808482488735196      
   10.0309452910858915421333276331110269      
   10.1394610140495620178135402714564664      
   10.2491429680918691664469536355388328      
   10.3600039918445913296487859718936950      
   10.4720570605406779046339315758693884      
   10.5853152875746327229848634921628260      
   10.6997919260782728618894689448794754      
   10.8155003705120266531906892007313367      
   10.9324541582719334638044838122347412      
   11.0506669713125065594208071762867500      
   11.1701526377856190253261668153911771      
   11.2909251336955712967845476537844220      
   11.4129985845704973398083349666991475      
   11.5363872671502649140366277580547426      
   11.6611056110910236355173050244965132      
   11.7871682006865527307527707598366844      
   11.9145897766065584265965664690357647      
   12.0433852376520688453457431104557530      
   12.1735696425280720622919486811459420      
   12.3051582116335406255350480999304904      
   12.4381663288689833264219985661282227      
   12.5726095434616610654558004460044475      
   12.7085035718086096535893012807474673      
   12.8458642993375814165026702907715084      
   12.9847077823860664934560106592855564      
   13.1250502500984882836191831536482897      
   13.2669081063417129808854166993598788      
   13.4102979316389879089569667163859699      
   13.5552364851224141099749399827251369      
   13.7017407065040830139278895458079718      
   13.8498277180659557536920896191455722      
   13.9995148266686048900732074366304729      
   14.1508195257789054789753565441786744      
   14.3037594975167661020819554089724930      
   14.4583526147209833385144881518085630      
   14.6146169430342969844938232975062021      
   14.7725707430077155369273559250102769      
   14.9322324722241834338489011740668855      
   15.0936207874416276014326731000163665      
   15.2567545467554576484604606161863972      
   15.4216528117805413850528402779631468      
   15.5883348498526955318668003962282515      
   15.7568201362497135181320310537157752      
   15.9271283564319440167203896306761886      
   16.0992794083024238244321558494653286      
   16.2732934044865581195727439273632646      
   16.4491906746313299922359375872570805      
   16.6269917677240094200287748385598419      
   16.8067174544303195628917584666670327      
   16.9883887294520050612505227432061268      
   17.1720268139037339034356720923751527      
   17.3576531577092494060659149082644537      
   17.5452894420166742554515809980189428      
   17.7349575816328525713723145782316364      
   17.9266797274765993159278300433117773      
   18.1204782690507089331478175760229644      
   18.3163758369325573765240171277506621      
   18.5143953052831082234141690080002537      
   18.7145597943741260297373052190210314      
   18.9168926731333579584051492588881165      
   19.1214175617074433973138354451502986      
   19.3281583340422755564420363567845273      
   19.5371391204805187957320695982531187      
   19.7483843103759593063249942823603031      
   19.9619185547243419737460508424669470      
   20.1777667688103045061170771325486144      
   20.3959541348700317378990221712391202      
   20.6165061047691582711613703911110448      
   20.8394484026954521564096893194539315      
   21.0648070278658329971015181272762073      
   21.2926082572470997780305365799216755      
   21.5228786482898488838064270528301289      
   21.7556450416749718702776672222750320      
   21.9909345640720441207160671415934425      
   22.2287746309089379780889846978715620      
   22.4691929491519088255555506042141484      
   22.7122175200953702571956802347045394      
   22.9578766421605245108168123422231577      
   23.2061989137019641589494807585299867      
   23.4572132358213086426632796676939283      
   23.7109488151868896368004809707985929      
   23.9674351668584055870759427133247509      
   24.2267021171155163681406472143149603      
   24.4887798062891105643166222778791506      
   24.7536986915940497496858568212591035      
   25.0214895499621347871043992129103857      
   25.2921834808738514598120415581051472      
   25.5658119091874573401296874826101373      
   25.8424065879639283646414917498422456      
   26.1219996012861309481986015535712961      
   26.4046233670705188829526081323161075      
   26.6903106398696034859049724914764463      
   26.9790945136633429882811321699600620      
   27.2710084246373977784276156168472192      
   27.5660861539463547543259466921769418      
   27.8643618304595964120556702732389020      
   28.1658699334876340833405794349388966      
   28.4706452954865014101716058585443892      
   28.7787231047376982049049108998535090      
   29.0901389080011133177416388392908490      
   29.4049286131380703356873738233580718      
   29.7231284917017600205479732040567361      
   30.0447751814919460030208273206713007      
   30.3699056890708369535732111539806756      
   30.6985573922367755660226112875738734      
   31.0307680424523187502036380445211788      
   31.3665757672231326247803290585609908      
   31.7060190724238109636989273424830295      
   32.0491368445667471964485324794254034      
   32.3959683530098987114623186877653691      
   32.7465532520990993828726881303592722      
   33.1009315832404244756650923668082502      
   33.4591437768978722311148592577175579      
   33.8212306545114378610207632716993349      
   34.1872334303304195720773282727218393      
   34.5571937131565911308461358930242899      
   34.9311535079916241786887445832260862      
   35.3091552175829034960679867825195323      
   35.6912416438616302182295391546295448      
   36.0774559892668318010877466204523184      
   36.4678418579486541050948681551884217      
   36.8624432568439937335651396382767268      
   37.2613045966172487242192228225821958      
   37.6644706924586857730637314813949411      
   38.0719867647325820056833521954011761      
   38.4838984394669808666192893631704489      
   38.9002517486765588951238993373735214      
   39.3210931305097971409950028310887814      
   39.7464694292112331900358601379599217      
   40.1764278948892332772836259912726841      
   40.6110161830793489427367874557732345      
   41.0502823540929233992298497979634187      
   41.4942748721401957964638077850235798      
   41.9430426042167619403892909818597691      
   42.3966348187418124903705119544713144      
   42.8551011839361272671897700791827268      
   43.3184917659273712523278754925594673      
   43.7868570265697713622309404410675847      
   44.2602478209648000602471480622373255      
   44.7387153946689546848212163911135018      
   45.2223113805744100912390500316979548      
   45.7110877954475551985350812671470971      
   46.2050970361101954732154004092514977      
   46.7043918752475451852655166264197302      
   47.2090254568266798622796450171129040      
   47.7190512911086035131407758527884600      
   48.2345232492365803967762583035246478      
   48.7554955573828736016016217764381689      
   49.2820227904355719156081715139978189      
   49.8141598652065725563669804708455983      
   50.3519620331415134854130790228881909      
   50.8954848725117816604415357594275759      
   51.4447842800683809865573545130386578      
   51.9999164621370792251611968169163100      
   52.5609379251335455032743201196965519      
   53.1279054654773691057076123625854476      
   53.7008761588829622317885075450048596      
   54.2799073490054005020391480881221010      
   54.8650566354189350327579160509294959      
   55.4563818609056556371310279720052972      
   56.0539410980318201076518125034238076      
   56.6577926349891620890650859361681647      
   57.2679949606786295649477843400886613      
   57.8846067490140762697919068918129042      
   58.5076868424236786215532920866385595      
   59.1372942345271428201264804058446921      
   59.7734880519672350166827252718134231      
   60.4163275353747034342009555508151277      
   61.0658720194463764505087877980103957      
   61.7221809121170608319972869106731106      
   62.3853136728068282051663563967476662      
   63.0553297897264578411837618484320494      
   63.7322887562251527687525225972248643      
   64.4162500461659763184082545214560062      
   65.1072730883164234964495963172804859      
   65.8054172397431118365126810217659401      
   66.5107417582017974082747735903259482      
   67.2233057735161003234012014960956820      
   67.9431682579407744380112535275071922      
   68.6703879955079136760587989892944757      
   69.4050235503573274389570967031182793      
   70.1471332340552468189701821718362041      
   70.8967750719085337449793828844884344      
   71.6540067682848780404334716038574813      
   72.4188856709527090579790761537551972      
   73.1914687344579099396034018711779408      
   73.9718124825577740011011174617709834      
   74.7599729697361610526942810297437008      
   75.5560057418268065517021950980226729      
   76.3599657957751447585734448107896582      
   77.1719075385717131378561605748829634      
   77.9918847453929428767628194337735424      
   78.8199505169873575972910249380831216      
   79.6561572363467375937419086899361100      
   80.5005565247033001902678571998336032      
   81.3531991968940129434443123877137636      
   82.2141352161328958230770767315339223      
   83.0834136482307058849847099796168682      
   83.9610826152987983925296732561845507      
   84.8471892489701857137150153738415427      
   85.7417796431652900455377208476526389      
   86.6448988064231995578466562218902545      
   87.5565906138104296205535106254390883      
   88.4768977584081176569818264079253023      
   89.4058617023662758158363082783319054      
   90.3435226274979937129326151848080317      
   91.2899193853689838115361662581824024      
   92.2450894468172868890585019909175146      
   93.2090688508148332840131290595573422      
   94.1818921525559498148442419678517075      
   95.1635923706288101952461147706540307      
   96.1542009330929563222633040850768696      
   97.1537476222498498377083470079265018      
   98.1622605178544420410686887545743567      
   99.1797659384725564755598943671680439      
   100.206288380643158362281802505076408      
   101.241850455455048517416102059422590      
   102.286472822095738165617986777783306      
   103.340174117875060744138855050000211      
   104.402970884169637760907436800801650      
   105.474877487675700521176987218807003      
   106.555906036299018755870080325627554      
   107.646066288952223813019084048412847      
   108.745365558473568051822623940025830      
   109.853808606828260098263610941336766      
   110.971397531707185897052356439954429      
   112.098131643599484930847065064975766      
   113.234007332389615208221506512610183      
   114.379017922519326003186628417782300      
   115.533153515764978950356951430905594      
   116.696400820716966770057814897469482      
   117.868742968115400401395867344136392      
