   88.6154379999999999999999999999999943      
   88.6139179731002987337293571269816018      
   88.6138768937593971405613050622597086      
   88.6138347042327157819461182694408559      
   88.6137913745170355569265630710483185      
   88.6137468737982882500753645892816717      
   88.6137011704296430066756025184849539      
   88.6136542319090005860420089029424920      
   88.6136060248558793879482280495023365      
   88.6135565149876768145825650387977778      
   88.6135056670952890862225789573445305      
   88.6134534450180721725811528029434303      
   88.6133998116181260332089390763724572      
   88.6133447287538838791071148962343108      
   88.6132881572529876734679540951738897      
   88.6132300568844305818673583326053057      
   88.6131703863299465609222081190608307      
   88.6131091031546267390254655773945459      
   88.6130461637767416929026323656463414      
   88.6129815234367481590033970943167713      
   88.6129151361654581387504873753117609      
   88.6128469547513477610014092725192734      
   88.6127769307069826533143013354907903      
   88.6127050142345359453114933059519002      
   88.6126311541903743821567250840000707      
   88.6125552980486873634454583386253616      
   88.6124773918641330421810082349648720      
   88.6123973802334749194883062338574287      
   88.6123152062561816528048657997866977      
   88.6122308114939620579744155076665837      
   88.6121441359292065284283451419293327      
   88.6120551179223053169350660176728706      
   88.6119636941678133266745494517923303      
   88.6118697996494302380866627288460741      
   88.6117733675937639554641048816263038      
   88.6116743294228444920146243006800199      
   88.6115726147053545234874540080993898      
   88.6114681511065419278135764449255583      
   88.6113608643367786908994971383883195      
   88.6112506780987295960730946282907983      
   88.6111375140330931260232371838197846      
   88.6110212916628759906991285798074925      
   88.6109019283361616518186777738065120      
   88.6107793391673321436359782679555270      
   88.6106534369767013896745876820705164      
   88.6105241322285170854634882841088345      
   88.6103913329672870571130165621806914      
   88.6102549447523848140135946653002773      
   88.6101148705908877901834008622537379      
   88.6099710108686005119619015154906844      
   88.6098232632792136389506352565776655      
   88.6096715227515484994228376413343464      
   88.6095156813748353799166600536781208      
   88.6093556283219724304246300044095662      
   88.6091912497707106105002141442385916      
   88.6090224288227086266995989355780848      
   88.6088490454204002970142151205089773      
   88.6086709762616152222498725417683553      
   88.6084880947118920465653006475409873      
   88.6083002707144219484601669582379458      
   88.6081073706975583182333233634976330      
   88.6079092574798268471176235911721225      
   88.6077057901723684757072902532051812      
   88.6074968240787458236633473572721139      
   88.6072822105920418477137710374147385      
   88.6070617970891775493243572971985520      
   88.6068354268223735757344351618437141      
   88.6066029388076785269220319077267426      
   88.6063641677104846950414796139501998      
   88.6061189437279498204792581043023248      
   88.6058670924682412483775256871028591      
   88.6056084348265166097145480549382355      
   88.6053427868575528302000614319038635      
   88.6050699596449328866910319157036098      
   88.6047897591666972828642277913257789      
   88.6045019861573647017556242446860816      
   88.6042064359662237107049812151177251      
   88.6039028984117947423907264236282122      
   88.6035911576323588521196628661636070      
   88.6032709919324469544111627270034237      
   88.6029421736251803691972233082329279      
   88.6026044688703505576051022354997314      
   88.6022576375081228972000645780491820      
   88.6019014328882462345872058347682845      
   88.6015356016946467571902683082907847      
   88.6011598837652814435689407862125718      
   88.6007740119071229804699931090091414      
   88.6003777117061445725343323659279449      
   88.5999707013321695147394692312519440      
   88.5995526913384467457162023064650733      
   88.5991233844558098494424757777437378      
   88.5986824753812731208190643491321521      
   88.5982296505609143545316281509245819      
   88.5977645879668899535883656907044620      
   88.5972869568684237811025483571388037      
   88.5967964175966068932971310302998009      
   88.5962926213028408902966872460573487      
   88.5957752097107531009100356869702047      
   88.5952438148614071750804374756042175      
   88.5946980588516278896876030192573347      
   88.5941375535652540765361795255770334      
   88.5935619003971285521764852818048446      
   88.5929706899696287640984903215049075      
   88.5923635018415365631462341398893990      
   88.5917399042090400639445694089897898      
   88.5910994535986549598389239419000673      
   88.5904416945518469123425719305607088      
   88.5897661593011307332780531612618043      
   88.5890723674374160164927856491998851      
   88.5883598255683626509130650326902532      
   88.5876280269675032533485217465443389      
   88.5868764512138829933240612995228492      
   88.5861045638219605386288156216717247      
   88.5853118158615069244359602446589031      
   88.5844976435672320358380724699479692      
   88.5836614679378610884015800559890077      
   88.5828026943243759886756323332434552      
   88.5819207120071287511598691329413952      
   88.5810148937615262345623252801061981      
   88.5800845954119773326352551951433122      
   88.5791291553737854076830644134337386      
   88.5781478941826601820566586965639027      
   88.5771401140115144984858065842317189      
   88.5761050981742023176942354304881149      
   88.5750421106158450349606071259190395      
   88.5739503953893836595279229115355774      
   88.5728291761179846052414774750460921      
   88.5716776554429167805451032549889511      
   88.5704950144565073338327367894787025      
   88.5692804121197727987895702576132040      
   88.5680329846643114862179179315059085      
   88.5667518449780317761771819996562562      
   88.5654360819742794691152444943540379      
   88.5640847599439155488554270886248237      
   88.5626969178898835854331058825409014      
   88.5612715688437935532265032047731252      
   88.5598076991640360507414317937895675      
   88.5583042678149277736948392860711632      
   88.5567602056263756033560974910098523      
   88.5551744145335328178548674747112747      
   88.5535457667959067054975529851518149      
   88.5518731041953622459320685490512831      
   88.5501552372124515168706683280473102      
   88.5483909441804830703498270959896977      
   88.5465789704167296922131107383129513      
   88.5447180273301567003898560926144471      
   88.5428067915050362400472887313641015      
   88.5408439037597958849419644271457242      
   88.5388279681804322420927349678310575      
   88.5367575511278021687168357775999216      
   88.5346311802180856333497029905064551      
   88.5324473432756951739966423264629104      
   88.5302044872578873114723468914767383      
   88.5279010171503111518376668373984047      
   88.5255352948327087437305472612514365      
   88.5231056379139605297114763923363041      
   88.5206103185356474304077039311491074      
   88.5180475621432787107415194675927803      
   88.5154155462243117829436582132418147      
   88.5127123990120664850307524845587060      
   88.5099361981546121191710615198755461      
   88.5070849693476806246269972072951803      
   88.5041566849306336770315795825555259      
   88.5011492624444852314355186754063777      
   88.4980605631509540421670600163802977      
   88.4948883905114929788880099181771080      
   88.4916304886252134955978149920601697      
   88.4882845406245943774919152675683094      
   88.4848481670278338687324996530903680      
   88.4813189240466734509891314038960686      
   88.4776943018484898761263488325242175      
   88.4739717227714195341355622139834304      
   88.4701485394912458362010366730735432      
   88.4662220331387459889010954358492525      
   88.4621894113661583045805762073326688      
   88.4580478063613950098344101989477498      
   88.4537942728085883530832419668798629      
   88.4494257857935196469731319299276280      
   88.4449392386524416846512413595917377      
   88.4403314407627647129831452244088670      
   88.4355991152740348018568759864823862      
   88.4307388967775909874621077455659939      
   88.4257473289132439586435842220111555      
   88.4206208619112742680934436325119667      
   88.4153558500680020524168399977898186      
   88.4099485491531330042677683734765942      
   88.4043951137470368222117957034967043      
   88.3986915945060645352260729614826223      
   88.3928339353539599233586829759630106      
   88.3868179705973676976455180007872708      
   88.3806394219633871235463876437672452      
   88.3742938955570643345257060908409859      
   88.3677768787366596465422422839702344      
   88.3610837369044677096369152171345117      
   88.3542097102109082779330942773538711      
   88.3471499101695437014821022600552933      
   88.3398993161806158986351901368571125      
   88.3324527719606305109543318716818857      
   88.3248049818754491278225128989171834      
   88.3169505071742818473641582429288501      
   88.3088837621219019652382383635099263      
   88.3005990100263322032018430080842724      
   88.2920903591591775535875916726020580      
   88.2833517585657034711300402201557447      
   88.2743769937616797356214592614367280      
   88.2651596823139297819159290348024427      
   88.2556932693014425905656072384615557      
   88.2459710226538192940496059768666891      
   88.2359860283637394197399967657104293      
   88.2257311855700420994044365186367997      
   88.2151992015079255624575962451170722      
   88.2043825863226737309089271290579858      
   88.1932736477432216808088563636312439      
   88.1818644856117720589496075887298059      
   88.1701469862655721737455438240816698      
   88.1581128167668563428005959770297139      
   88.1457534189768501018988622351233647      
   88.1330600034696219842400995968471844      
   88.1200235432814546858205883124475331      
   88.1066347674912904619364117778118264      
   88.0928841546276854676763058519244147      
   88.0787619258975843765425520323639004      
   88.0642580382320998982497342921246110      
   88.0493621771443516791901245835249280      
   88.0340637493942854144732572960361769      
   88.0183518754552557337970082423934855      
   88.0022153817770154470705843248580869      
   87.9856427928396089494304754489026619      
   87.9686223229925188861033870928849665      
   87.9511418680732624597275497769543304      
   87.9331889967994769176398000790962850      
   87.9147509419283726727295410455047746      
   87.8958145911772670741967740311984100      
   87.8763664778987419362786009446735454      
   87.8563927715037934328961048142184686      
   87.8358792676261637501250050660877596      
   87.8148113780208598289588761915272288      
   87.7931741201896754971185490929966276      
   87.7709521067263391462336420542708357      
   87.7481295343737097215169741786743056      
   87.7246901727852390132736165915143808      
   87.7006173529827079276051522297134086      
   87.6758939555020284179222942839734973      
   87.6505023982186809257592781141158000      
   87.6244246238441293511340472193528825      
   87.5976420870843215872984001516872463      
   87.5701357414511433457724740794294290      
   87.5418860257174461941617209036356572      
   87.5128728500060172558968455698869712      
   87.4830755815025976974596208803054168      
   87.4524730297827897697301099380678010      
   87.4210434317424175856804456817550688      
   87.3887644361206248114753403906307316      
   87.3556130876047028215710364026776421      
   87.3215658105053454146636576651482319      
   87.2865983919907206947896850691814211      
   87.2506859648674369732735376569761854      
   87.2138029898961573194266540180128560      
   87.1759232376292864517756923396859685      
   87.1370197697578137817882008773621895      
   87.0970649199540473568657214007382218      
   87.0560302741966149505479254532696751      
   87.0138866505637403604694408134141605      
   86.9706040784804248367958351234809196      
   86.9261517774047752067228482666904398      
   86.8804981349383214079719599771839517      
   86.8336106843447565124103845190448855      
   86.7854560814611116186536098129841576      
   86.7360000809849459205898566954330413      
   86.6852075121206885099289749413787119      
   86.6330422535678127295498878535497306      
   86.5794672078330558364988188379955248      
   86.5244442748484160261142681685722854      
   86.4679343248761651700674421856369931      
   86.4098971706816085800131435063766290      
   86.3502915389538023644620867537285520      
   86.2890750409539041290823609956613293      
   86.2262041423702834995781819691920147      
   86.1616341323589548309622639802433797      
   86.0953190917473151062616403836664330      
   86.0272118603785750094612724515055195      
   85.9572640035736600586461560480146014      
   85.8854257776867310712659338889321790      
   85.8116460947298286578864850514885170      
   85.7358724860414844453185874788796281      
   85.6580510649734618438442990584443511      
   85.5781264885690909128939180333916279      
   85.4960419182059447483901327214158840      
   85.4117389791748683030811140848517543      
   85.3251577191666141347580134419264500      
   85.2362365656365627183666000829800183      
   85.1449122820172071042118868075010260      
   85.0511199227472622883222131726705733      
   84.9547927870854180998549392370933281      
   84.8558623716758901057106737872042851      
   84.7542583218320353696237114706499569      
   84.6499083815033882506487254250949762      
   84.5427383418905351358432241481859241      
   84.4326719886712854082060694429272442      
   84.3196310478006083697339515224706961      
