                                           NaN
   7.06617585546169231614982902824056088E-0003
   7.87887544355387323257715917357580043E-0003
   8.78573962609398190856955418744511063E-0003
   9.79766716427566220679280646544687757E-0003
   1.09268175165704911627874251545874546E-0002
   1.21867567363855155874418499720426119E-0002
   1.35926201135221159280824425759372734E-0002
   1.51612934873252147272565463911921504E-0002
   1.69116153672793688897808663195063938E-0002
   1.88646022278891638818804601217839514E-0002
   2.10436996004457097020443730204529180E-0002
   2.34750618662986058364181234740469613E-0002
   2.61878639661524542683584861551365460E-0002
   2.92146485793163291468457791607209602E-0002
   3.25917126973026901973206797255059666E-0002
   3.63595379190772724580124979655205878E-0002
   4.05632692317010150414580578674856112E-0002
   4.52532475107664607927832796277682648E-0002
   5.04856014800400393177932549909459024E-0002
   5.63229054084672754097534418088453122E-0002
   6.28349093936331593761611539064299058E-0002
   7.00993496811892234380121431363508282E-0002
   7.82028470955572841354443871102196450E-0002
   8.72419023026401348236906211157884989E-0002
   9.73239972826501019491819144571397517E-0002
  0.108568813050706988741351694981013161      
  0.121109574312425968866948892864210111      
  0.135094532366731296742515225465471630      
  0.150688598151553006634756641768813703      
  0.168075137850543428403404431042623440      
  0.187457943919193784978558617925847662      
  0.209063394724121880596182848807628577      
  0.233142816196842541566161363012431526      
  0.259975058960944572043889869852592344      
  0.289869304279802480679466888763102981      
  0.323168111875922353891290449893321265      
