   530272.186098695342336866667963830418      
   452002.394921708112748971342090203969      
   298116.049539628801351614137174321814      
   173350.142285979725913054985519402915      
   100364.662987342061296322463356779424      
   57070.8790173795062272437800364066694      
   30022.8020793517810244219510735859520      
   14924.9517548509474250099031742524870      
   7359.09602143052974557134166448799723      
   3568.90438893311615363286511507692328      
   1777.76609527586808437290599045161764      
   985.897862940404719016241391187724026      
   587.657637273148441926446652354689539      
   365.214854097497384930365141190244304      
   230.448008564985073653549817639792428      
   133.893067469392951261604693245588413      
   70.8907923263511796163283046207227076      
   34.3656806501457553825329331314968343      
   12.4738605763190778167021062925398530      
   2.19862135443537359606040578631239456      
   0.00000000000000000000000000000000000      
