   24346618262.9493021046397246891624920      
   3150193221.68120161837743365545503127      
   1054590212.59416132277142817968195077      
   204436180.694240801224013744535627516      
   158562288.833952678133437636885493062      
   99186499.0383224983377579537992243419      
   41280547.5895185239671639963399258583      
   26172130.2594010604739442879186415878      
   10694502.2284159962680482193641221021      
   4682577.04667790011160065078691253639      
   2137798.45976843177827250405662197998      
   226799.627500309481368732705305994403      
   203587.702398803001165379589692316444      
  -78572.0828145397759530180002729144602      
  -21509.6186902081709183434660610795195      
   35130.7212641713991147965714652609792      
   4641.07365142034666252278725798676499      
   37764.6561512956836302161240957621752      
   13717.5692095365667178227059549091702      
   7827.40313422997915822494000324137289      
   6842.42808153569516384112770449904532      
