   532968.075612258557253352447613731044      
   450787.579111270093549831690056259314      
   298220.921924930966947614997305738688      
   173372.711742461642812317013960708189      
   100426.857297987507652357060485936685      
   57025.5139519364418606369856204043412      
   30032.0942203117125390967411449407104      
   14924.1132811616140762394885591237560      
   7363.00377248812277485181475218825647      
   3565.72214527445010272229346080357986      
   1777.84201819704671656975248264624838      
   986.786560619226428432965783512537033      
   588.031793109059188160881250078165831      
   364.569709771753324185023404620648142      
   230.853559095933104041651143842608029      
   134.239575454073356118966377579540823      
   70.7046292392704423651610808523262918      
   34.4471094168765447026132825263704158      
   12.6978579227269216271542411327774887      
   2.24186060084761840127683744967515693      
   0.00000000000000000000000000000000000      
