   1042265.40709950442569375259232969571      
   840327.987599475914432473743164724119      
   595164.702278121808099188874811767040      
   529858.131066734219665449195348792231      
   445453.431179325166077675001765170779      
   348433.534985647075973221143785075516      
   273280.982237763580652846076866331902      
   201686.536400709063513468040094163199      
   146136.493208630391852274225689360644      
   101602.595052124265707115754848115089      
   68160.5876222510920104105792614061004      
   44662.6446820949826184863250183253431      
   28209.1324441144366902882119463202628      
   17735.5967115473326031376136784167993      
   10961.2717687512524285120350491752655      
   6870.93464403254631652749762274937630      
   4346.54010510135448221065606569297258      
   2746.01651850544654035239869927280861      
   1709.33650610470250407515622377519204      
   968.584609208781160084948785034544594      
   466.063026739708740708955750485711261      
   122.957360872419469049371143659916126      
  -71.1106885483718650298047445483043103      
  -149.229839535953114282438927823445740      
  -143.333519157444813493090433597111079      
  -84.9071863743774073830301328470926029      
  -10.3284550585733241215675445965051142      
   58.5785737356482967405119481150706710      
   104.376542830001063604500891629122186      
   123.426636782788164926490512212158229      
   118.369640675386845765996140969976373      
   97.2900710271412196585054378902361177      
   69.8319991812185169628858811971565173      
   43.9903652375165024565503370220384709      
   25.2829711410696565756003646419947701      
   15.6222001951902609473843143585507733      
   14.2343005054743387520672024719924094      
   18.5038583717018883841290485780150888      
   25.1269286748790558998616178921923465      
   31.2065379788224618609884086465270037      
   34.7177455199516854665054448323593368      
   34.8757305273414914871627003184598373      
   31.8499999548614190287262930194693947      
   26.6045883811570283933578867150068350      
   20.2688352584010970309316352672100939      
   14.0456370906899585511378920684576299      
   8.71261410723274733720029040615646868      
   4.68007800328838695732203584355644727      
   2.13254762791187386176781445779990603      
  0.617816307504851144165302309207150545      
   0.00000000000000000000000000000000000      
