   1042351.75048875823546242119128853954      
   840288.008424402648905239034703930713      
   595159.552812587086660432679038742579      
   529882.205713224409338527244194559631      
   445427.003575502845524555151920943720      
   348449.550657816595689760067900152567      
   273270.589642137998493820403038592157      
   201689.238342815771792355158860029230      
   146136.521417306056354633950066637549      
   101601.184531187094949125139474273465      
   68163.0175543080474713565097734086915      
   44661.7322129256921295942628334463945      
   28210.5858241292511601323553574025491      
   17735.5398393464949603123863737835309      
   10961.4339084848190578800871309748900      
   6871.05512928686543656551057060152290      
   4346.11051369051081830237223674942377      
   2746.00312750983523909908440578282153      
   1708.92298397952933845321936004394354      
   968.510807150581752002391693245354265      
   465.896202501598706491982714229394347      
   122.941582195193547460018842626905203      
  -71.0828996156416313780773303571956024      
  -149.183141861701841135975569707470598      
  -143.253462543443647118825973800852496      
  -84.8610021819020874422459028692700339      
  -10.2913097239443139096678988118624425      
   58.5830342870422479711483467927434216      
   104.358716472069076093088042963622562      
   123.398208546546018060243169424235985      
   118.331875338527499378340369852272738      
   97.2595653597334543308749520180432833      
   69.8070043159357127423202337994318198      
   43.9764272256368853227222292999498122      
   25.2782314875331498936380652083985770      
   15.6222036015782628646264531844209092      
   14.2388809513098067310632907714052526      
   18.5058326067107192909283689182661223      
   25.1286835102881899824681512513626184      
   31.2029828962474124933106485383386545      
   34.7131534969594614194811248794853570      
   34.8674982048710316043727309363608148      
   31.8426912547746395834485160865393577      
   26.5963939243117508201301069790760659      
   20.2632791957526301886448710708390752      
   14.0406946506205220373089913523990857      
   8.71016743889232215155023029575530946      
   4.67845474759750935482214722771304675      
   2.13196447236768620215741877335755500      
  0.617820878250379093111485103968456271      
   0.00000000000000000000000000000000000      
