   1047037.85417610511917119887636315270      
   838005.265668576078786915922114405243      
   595184.907470224834236858127702399881      
   530814.643050311666878272626696497546      
   444322.131399670305011608859302085425      
   349096.540690023026780589968802448107      
   272822.551323941666866589737087920702      
   201796.147417380357108227725916536092      
   146127.364193511223317805315230589030      
   101549.810192116646252251091716084986      
   68265.2944341992690390749822707150393      
   44631.4830209640442551013565072390496      
   28280.4615292024834148552345085436028      
   17733.5451809826252468447761684740918      
   10977.1613715669779062732948703691911      
   6870.57024379371105358635397808925147      
   4332.23394956140694467902508311620397      
   2738.95388245475709670183510383224078      
   1691.77332298052162975345397746363048      
   961.326020137140262880053583107744669      
   458.081791704698016076608150923949878      
   121.087981576549425910169567331448566      
  -70.0115766984147131638255978605026005      
  -146.778305349583517002194686041350157      
  -139.314485710179232284187225950876041      
  -82.2836451729041425682042878831965168      
  -8.20693310005409912662843719731581781      
   58.9010486377855414441803087962676778      
   103.689112260333181863262274665020465      
   121.898625181337252563110582103163168      
   116.507125886894213089061021002222049      
   95.6132801416379660122020168307349069      
   68.5024269420918280243859669415582245      
   43.2171759663050517441168003557258250      
   24.9619827709520804435877027577781567      
   15.6383653798908798851623649290250277      
   14.4113403963175752290560618882589214      
   18.6619252469446783982774011052693707      
   25.1774598621802122165253908293902968      
   31.0805272054528924695905468025110813      
   34.4437967326171259663275182883663813      
   34.4899279589009943380718838586951179      
   31.4319831799105201839534500494371251      
   26.2036612633091596461230682505281233      
   19.9436880823767330223635453328037943      
   13.8037467893396056722040286491250418      
   8.55995168115974374930096102859031307      
   4.60465348412476000872746911592836390      
   2.09159613363434373569329867397085589      
  0.621413829412053306952870717436608098      
   0.00000000000000000000000000000000000      
