   19889443578.2068975836510497511055617      
   518918150.942396599133744809384961538      
   314248340.037080292382485618524375551      
   148339998.655870006762076270085399639      
   65366477.7058164986213857302200960433      
   31643350.9568780913112947658768522900      
   15813530.5755401301022712870487797279      
   7285412.89539377710553023474452594281      
   3192103.37109016543149090549414260413      
   1395268.70581705298948354474714338028      
   581751.337460645384890682183777942553      
   243395.558674387728064018941052829372      
   116165.382075954272982718283992036968      
   61906.7418921224896549648347957797229      
   37235.1454803929609738291594727921867      
   23872.9843166983979492491562508545914      
   13990.6728518844343644068275694550566      
   7759.20015072957278131921922843904342      
   4013.62236129038610137407145417073338      
   1464.36750825241829291576942528740282      
   246.520871912223869489114745272874575      
