   528759.848254997145482559151630495566      
   452628.844010979107280168064240523854      
   298129.609193401800975030467772029337      
   173296.909744544596062294263937131338      
   100343.022319138503791122738262320220      
   57089.7717717918357225648948180807837      
   30024.5162983277337268656032964386102      
   14920.3187412835863273603197897335932      
   7358.81460608504720695756650875700356      
   3570.59886305471171042199722784973600      
   1777.75254302802347711021614533246072      
   985.029078247152106448111553248834770      
   587.824000925131914929929134468643611      
   365.476958877332919039551163165012706      
   230.142834525767297207809940141634251      
   133.790166288203432435043412969405317      
   70.9904993841481849255586594543706268      
   34.3004172221312065001522025185986823      
   12.3657144401099163385543485227392812      
   2.19129681601369767802039942182438548      
   0.00000000000000000000000000000000000      
