   19930650191.3702691063087612365507008      
   507025239.967898536363753428637856821      
   311565411.508317141434214512206670344      
   150403013.559620012476971585560431475      
   65359300.3676620301474157588576745992      
   31328167.0957181619336269223294698824      
   15858449.8905722268213072242643430010      
   7342698.54789474709719094588767306275      
   3158594.58084669393262642583732653921      
   1397898.51841116698371894896832895481      
   588215.669789659695143415727890549943      
   239818.348707749417877642799274430454      
   116728.982742724310162276919272578060      
   63032.0070196497641037496621288047087      
   35863.1056431170674501538229188023848      
   24322.3806803799283318363633126156777      
   14358.6436855415236265220085922868394      
   7226.70096251091637816691551983599567      
   4106.04596296321257822813976875737901      
   1686.03154348593912596982065396767086      
   174.408528095213677347620408954593006      
