  0.271973456529691088072575800891209170      
   4.87196171021719361602042260870213524      
   4.92462470768686384485391505663793598      
   4.97784035405733278786147602017886350      
   5.03161497180720701531699205579183033      
   5.08595494439587181623142604215566194      
   5.14086671702402770795283130867408309      
   5.19635679740141208218495216988381017      
   5.25243175652169612214814151542889507      
   5.30909822944455598555310406409000645      
   5.36636291608492541476889029670865926      
   5.42423258200944446031395853692325074      
   5.48271405924012593742660791643719383      
   5.54181424706526762163673349941704464      
   5.60154011285764407184656947668830595      
   5.66189869290001738602772535670530579      
   5.72289709321801118234746253566280333      
   5.78454249042039669046576098731598795      
   5.84684213254684406424532899541553144      
   5.90980333992319591774325267321705788      
   5.97343350602432366619682304194288913      
   6.03774009834463054782805389665019293      
   6.10273065927626823270846919433590226      
   6.16841280699513671203662788848831161      
   6.23479423635473972414022027695597728      
   6.30188271978797032954545183716533000      
   6.36968610821690341258659564081803492      
   6.43821233197067387568664100534851089      
   6.50746940171152111842629869262996660      
   6.57746540936908206873111877462609452      
   6.64820852908301656944558721586400428      
   6.71970701815405033038131264735961704      
   6.79196921800352194302986586363623575      
   6.86500355514152163111251224974094075      
   6.93881854214371048267717525917703969      
   7.01342277863690988568090931945867443      
   7.08882495229355177527028915004320788      
   7.16503383983508110309185550792627729      
   7.24205830804440266211612998852617257      
   7.31990731478746504932348227210343893      
   7.39858991004407512738825931119860430      
   7.47811523694803685889353590526334300      
   7.55849253283670883594266665806635790      
   7.63973113031007521719666582650042014      
   7.72184045829942511589251292021075144      
   7.80483004314573575847346953824742605      
   7.88870950968785495595194540029419908      
   7.97348858236057860058938421045594042      
   8.05917708630271902019336533428337911      
   8.14578494847526009231042415028131053      
   8.23332219878969504159389404968552543      
   8.32179897124664281617414776091499992      
   8.41122550508483886324246261594047834      
   8.50161214594059600040183692743607944      
   8.59296934701783090746030218562627231      
   8.68530767026875154301125776974756793      
   8.77863778758654823263991927173986537      
   8.87297048200267924388375945995069148      
   8.96831664890764897648622050794490276      
   9.06468729727024232275995093476985409      
   9.16209355087420040246459896780746025      
   9.26054664956485631079171346541839309      
   9.36005795050708853297924871755029134      
   9.46063892945468373360592751666666078      
   9.56230118203119511751744188027533754      
   9.66505642502241541271433868943561043      
   9.76891649768048173638128148592940444      
   9.87389336303979735965141203756763847      
   9.97999910924478536795558998823709438      
   10.0872459508895899016104743710863630      
   10.1956462303698055667768051557305953      
   10.3052124192463193067822155158316817      
   10.4159571196213477750015306178501654      
   10.5278930655267519208576861170147715      
   10.6410331243247090867996369369189046      
   10.7553902981208214131139914206125266      
   10.8709777251897379441378871026326546      
   10.9878086814133702154745717418352165      
   11.1058965817317525472216271200880804      
   11.2252549816066626572806632508189298      
   11.3458975784980307863969235972328840      
   11.4678382133532247219673226057626807      
   11.5910908721092725788199818157837322      
   11.7156696872080865341675096750714498      
   11.8415889391247482523931617635396721      
   11.9688630579089141446014502800554200      
   12.0975066247393958827571096966172788      
   12.2275343734919687235010884051976493      
   12.3589611923204571866924130955275454      
   12.4918021252511444727201194835607278      
   12.6260723737905486846374619925004674      
   12.7617872985466054399723414230229493      
   12.8989624208632928063091494947916651      
   13.0376134244687306676451348099736414      
   13.1777561571367826183158107445108578      
   13.3194066323621842806642730055570434      
   13.4625810310492175443110221945217767      
   13.6072957032139456210443834133775004      
   13.7535671697000189921469788111322913      
   13.9014121239080572860420006355450990      
   14.0508474335386068550230682405141688      
   14.2018901423486683115846534753807845      
   14.3545574719217825284040136586767982      
   14.5088668234516575917565324544307082      
   14.6648357795393129163302625873469087      
   14.8224821060037126706974003448168265      
   14.9818237537058362732103229987559500      
   15.1428788603861793008507527182471636      
   15.3056657525155826370881865313099965      
   15.4702029471593681394362388110099809      
   15.6365091538547997113040996694355242      
   15.8046032765011936551967748554883789      
   15.9745044152640795965902571011868601      
   16.1462318684913624734818116574966581      
   16.3198051346428287460695476573741405      
   16.4952439142323120946098995122939348      
   16.6725681117824883500179821864121860      
   16.8517978377921646910918793266304951      
   17.0329534107159168649124909352611249      
   17.2160553589548246594175701409082309      
   17.4011244228647415503255041176484130      
   17.5881815567652629322143753484885234      
   17.7772479309715823087258522202549633      
   17.9683449338320986141039007109567044      
   18.1614941737783782167236940348917698      
   18.3567174813860955709430893734794653      
   18.5540369114466642805794467754238456      
   18.7534747450493205192562458324286815      
   18.9550534916733647533383684488043206      
   19.1587958912902500407626598373403427      
   19.3647249164751968653031992514786512      
   19.5728637745279926844681802246977131      
   19.7832359096026148303843677697459116      
   19.9958650048452951036653865279834301      
   20.2107749845406233133874853643784724      
   20.4279900162652651139736253056078582      
   20.6475345130488251549853133679586077      
   20.8694331355415188749927542971686182      
   21.0937107941878095128411932889701524      
   21.3203926514059691654430353786050299      
   21.5495041237728861109593651351338319      
   21.7810708842123775335912758370423833      
   22.0151188641892834186712883065834831      
   22.2516742559057323687714752880697894      
   22.4907635144992211142160192185079899      
   22.7324133602449089102976104216188527      
   22.9766507807579240054362411541508547      
   23.2235030331948186181537790399933655      
   23.4729976464570135018776677505059960      
   23.7251624233917981914788593376055907      
   23.9800254429916528419165354588095021      
   24.2376150625901660066401796326445991      
   24.4979599200548128916645538010288654      
   24.7610889359744615913860628995680582      
   25.0270313158404302405098072745648868      
   25.2958165522213655730830467426374692      
   25.5674744269297195590706007536019342      
   25.8420350131777677184130575299468033      
   26.1195286777249915398930797670297789      
   26.3999860830140966519236121027268341      
   26.6834381892876232836331405652279912      
   26.9699162566996636473886300729256391      
   27.2594518474038939824438729399670676      
   27.5520768276271817729232948188167603      
   27.8478233697235120863046984876615434      
   28.1467239542068232863715617321688158      
   28.4488113717614020632933637854307499      
   28.7541187252286926234646713240825271      
   29.0626794315662613622107150397736328      
   29.3745272237799606654327213861241362      
   29.6896961528257796527267524050575054      
   30.0082205894782876908847059848406916      
   30.3301352261666333021358149615346607      
   30.6554750787718678719712579363282521      
   30.9842754883861304380616697162384372      
   31.3165721230301137576398526405685117      
   31.6524009793261914878829752638861839      
   31.9917983841245737617744332139394318      
   32.3348009960819718863248136570151568      
   32.6814458071833259084783685962530098      
   33.0317701442126443062845385229159264      
   33.3858116701629987602647271717401921      
   33.7436083855853207703159663419943152      
   34.1051986298717238176932327528111103      
   34.4706210824703972259305858632746947      
   34.8399147640287769861946591411828442      
   35.2131190374597239890096808086734333      
   35.5902736089287825203151204128701458      
   35.9714185287567043004966156089540846      
   36.3565941922340765139534519829279267      
   36.7458413403443668481407821853871519      
   37.1392010603887221416020431830221109      
   37.5367147865098364743605337847353906      
   37.9384243001088577399053178152847206      
   38.3443717301527240118032308502593063      
   38.7545995533612254075828592102376624      
   39.1691505942760779819917391185124759      
   39.5880680251989619960846801488593742      
   40.0113953660002032317440220680618872      
   40.4391764837855716863546973659777005      
   40.8714555924179071594169516395538858      
   41.3082772518895327583138539831169815      
   41.7496863675348411248993065919111190      
   42.1957281890805006409442152991552100      
   42.6464483095216922062659321466655354      
   43.1018926638232122006824940315343246      
   43.5621075274330631513268457141912377      
   44.0271395146052961657012258317477443      
   44.4970355765216117859759160719864611      
   44.9718429992049514667018070545757051      
   45.4516094012192553270906882006523654      
   45.9363827311440677293682118822953827      
   46.4262112648186033688089739533787904      
   46.9211436023453589236678912074543855      
   47.4212286648475052861670817570888083      
   47.9265156909659038827854343100108032      
   48.4370542330954324705309558639149514      
   48.9528941533450099030274009169386082      
   49.4740856192157124064660298292273515      
   50.0006790989874702207904927412596659      
   50.5327253568068886479824774248867302      
   51.0702754474638576020969700938267304      
   51.6133807108518551747299400522285751      
   52.1620927661019529956865462896766394      
   52.7164635053787717552388302008050917      
   53.2765450873339626880424083361589756      
   53.8423899302041174021385093156512173      
   54.4140507045466820578541629587110487      
   54.9915803256039539683620698164318821      
   55.5750319452844514437804788653635032      
   56.1644589437565533902031929836776775      
   56.7599149206403685230833478712440624      
   57.3614536857918914845672564128430947      
   57.9691292496680921428385849927406222      
   58.5829958132636882112219364532746447      
   59.2031077576106895366666683975189738      
   59.8295196328266559509113280611840478      
   60.4622861467070864212960973157650586      
   61.1014621528431328807562250013970898      
   61.7471026382595819955327828833718693      
   62.3992627105549323766205632889194696      
   63.0579975845338415054300175945606659      
   63.7233625683145066462987693450772663      
   64.3954130488970158482750828871393155      
   65.0742044771741958011986673227839451      
   65.7597923523668399623932724164053808      
   66.4522322058623499816206962933016423      
   67.1515795844345468588288930414329237      
   67.8578900328195970771592540290619923      
   68.5712190756210737588426642341259283      
   69.2916221985144173825715899255916025      
   70.0191548287180042274251105448352381      
   70.7538723146950352701799487299372993      
   71.4958299050475565824659517687802801      
   72.2450827265597802255786984809879759      
   73.0016857613443166673688229154623482      
   73.7656938230420152749609934825647477      
   74.5371615320200301705712491393276086      
   75.3161432895115969033131353318666755      
   76.1026932506340169351197829887021038      
   76.8968652962189769925089837886409539      
   77.6987130033845668758371292058761553      
   78.5082896147744601828430337357842944      
   79.3256480063863287277340789473088665      
   80.1508406539069978494290857158313824      
   80.9839195974701503536410407857982922      
   81.8249364047479768199091819859779065      
   82.6739421322875698805274536514650724      
   83.5309872850001127652972656137437799      
   84.3961217737106675614543888490317050      
   85.2693948706764939307369205442902506      
   86.1508551629826501924426431099436269      
   87.0405505037261223846441313741185924      
   87.9385279609030676654225935665423353      
   88.8448337639184318181127185474282699      
   89.7595132476440684820800270609770684      
   90.6826107939588422336010774489843294      
   91.6141697707139388706471687666756952      
   92.5542324680784161607512513980126326      
   93.5028400322330780024921000920017076      
   94.4600323963958386807683190119471436      
   95.4258482091790374458784231157685941      
   96.4003247602987851132506828142362437      
   97.3834979036764731376035747495967781      
   98.3754019779968690987694760742047066      
   99.3760697248106519084998728157287184      
   100.385532204296370513997739237001866      
   101.403818708824227662489073773129089      
   102.430956674492962807644577052376342      
   103.466971590840564187530714448303638      
   104.511886908960065770671328989802037      
   105.565723948280961973485262175633903      
   106.628501802307567290838839333367057      
   107.700237243632610665461998535446931      
   108.780944628573130475879961056681243      
   109.870635801798791234766184235920085      
   110.969320001345852620789145484613480      
   112.077003764427976927210252954748134      
   113.193690834469135807393619767699290      
   114.319382069794079494238869075223549      
