   8.09284072836975617691480197854862845E-0002
   1.49623136433230312204422761341746192E-0004
   1.38937945257354743848560982048729519E-0004
   1.29458006880018492044293158949822364E-0004
   1.21084682875733189423626085866024580E-0004
   1.13725168784286836403147509773706695E-0004
   1.07291454678134266425571742319799831E-0004
   1.01699545241926813261313994159796130E-0004
   9.68689696302380344093246712885682536E-0005
   9.27225859948149532678437466538963483E-0005
   8.91866528759847431248549113322438612E-0005
   8.61896096528391880505507620804078342E-0005
   8.36684469695874400359296281932015800E-0005
   8.15602517976884209135242626718463866E-0005
   7.98084761399927875752637932723505851E-0005
   7.83617486231833573199917560384905331E-0005
   7.71739952820932174101172855095380927E-0005
   7.62059606857908932088581566368705167E-0005
   7.54187917637503184602399487621215302E-0005
   7.47831197087983505961599695424501543E-0005
   7.42724288850793427363544412334123487E-0005
   7.38642004215897433319021432411831590E-0005
   7.35394733447494086473605985055356932E-0005
   7.32823771845072213233157692351988299E-0005
   7.30797759574049017709953965431784034E-0005
   7.29208727922017061186714762949302226E-0005
   7.27968139774380152520628232121655127E-0005
   7.27000007515610304005002428697635819E-0005
   7.26253106661862083800553481717184040E-0005
   7.25677628200399935535925021525353801E-0005
   7.25238009230459909332714745367502693E-0005
   7.24902172311864435141279914155102441E-0005
   7.24625096774197994018068771216865661E-0005
   7.24431858818922059679872120417991792E-0005
   7.24287059662242569388271699002048198E-0005
   7.24177211879464506028934176797133676E-0005
   7.24097707752809195724264068458250612E-0005
   7.24036148938681830819995064256189762E-0005
   7.24011061312769005267834694421036235E-0005
   7.23975017311180087915057446308153895E-0005
   7.23951405605248011988825141948845984E-0005
   7.23935129703668966885867527207672739E-0005
   7.23923399276752013446052792023821324E-0005
   7.23895885273303167409021164294314864E-0005
   7.23890773619594657275204980330509666E-0005
   7.23909069171156499696374877288192980E-0005
   7.23906521496949548154689141341952651E-0005
   7.23888354342942685625559122472789430E-0005
   7.23886177821871567165570698824269608E-0005
   7.23910705443621151494164493064455347E-0005
   7.23913626875420759650690372801711996E-0005
   7.23915402014185888355078308799173364E-0005
   7.23900635218300717999045947144385886E-0005
   7.23924943199958144494510596629232776E-0005
   7.23928076257149952786158683214036761E-0005
   7.23935816914029059145697780817345768E-0005
   7.23939752188412817803103247005047060E-0005
   7.23944784639759952362695911421791688E-0005
   7.23951435794176987379258817252969129E-0005
   7.23936238599225235966257932121669628E-0005
   7.23942611968896469424239091252095420E-0005
   7.23976294148409859584881506608536392E-0005
   7.23960771873439377822882419282315515E-0005
   7.23970789937015324740436653367658054E-0005
   7.23984935077786187910087585240591830E-0005
   7.23994284807521489453569141373245967E-0005
   7.24028936068067538939795130514056738E-0005
   7.24044704649818482855612839784196108E-0005
   7.24031490200957440057554472091894079E-0005
   7.24072888632513568704628436080013117E-0005
   7.24087230983512146151711484445305778E-0005
   7.24105332413461257104544375004541955E-0005
   7.24098596074598025510553632867466981E-0005
   7.24116371681714577620575273402166830E-0005
   7.24159719440593612396455697949217595E-0005
