   6.91758707500269142731635946182255874E-0004
   4.98188150554404019989629664503401080E-0003
   5.23498561183094421166291384235842376E-0003
   5.50279548330458148886462736429906818E-0003
   5.78642539839119998885376438274789878E-0003
   6.08709840318243070197553505649760967E-0003
   6.40615826799931818993649139875258620E-0003
   6.74508263058381876424970110545613041E-0003
   7.10549738831934504609982405947276875E-0003
   7.48919239403090270013558367571859231E-0003
   7.89813850183650242952325357637850136E-0003
   8.33450600293999917468174629698094135E-0003
   8.80068448871662842685526036188382402E-0003
   9.29930418321817321274773695219370592E-0003
   9.83325880371201602447734958632568128E-0003
   1.04057300404083327306192892030820440E-0002
   1.10202138002147162307852744483825530E-0002
   1.16805484379826736482213356247247998E-0002
   1.23909453047533883151382663285819455E-0002
   1.31560220758495089764681724355258165E-0002
   1.39808394786549516805313372251271843E-0002
   1.48709422140691751566248244263135366E-0002
   1.58324050471856682219270192576442533E-0002
   1.68718852215532194031902935408702085E-0002
   1.79966825183868965029646214535787116E-0002
   1.92148084323030029688780492815533483E-0002
   2.05350660693495425090215658394316629E-0002
   2.19671424986980707276810535636565110E-0002
   2.35217154202535213196593157873789323E-0002
   2.52105761590719665264474465755929529E-0002
   2.70467711909593707979939834892688711E-0002
   2.90447646413765041270685499240570445E-0002
   3.12206245093110476060378216623236599E-0002
   3.35922357410674231962324074200158376E-0002
   3.61795437286545735803546577346744905E-0002
   3.90048323247451323223530718578664821E-0002
   4.20930410531228845029762679754743401E-0002
   4.54721268450357693272631342561889913E-0002
   4.91734763460354068557192489898806460E-0002
   5.32323756111180797386207247627088376E-0002
   5.76885448392142092285970542298982937E-0002
   6.25867466813609045871652418797867218E-0002
   6.79774775966058921493090268597993443E-0002
   7.39177527064170757847911535717366184E-0002
   8.04719956096937998375202571675039065E-0002
   8.77130456493761665761424180583725932E-0002
   9.57232961430099950937840696182293310E-0002
  0.104595978082657764410266269207671085      
  0.114436604730574380636862776141764073      
  0.125364593351595729720955731890353727      
  0.137515080968272077940898112898431850      
  0.151040951448887469835830038169676609      
  0.166115091358747481971038109700677335      
  0.182932891748008902695455502469793964      
  0.201715012325522678022500185707899084      
  0.222710423180127822263741414988877086      
  0.246199737268173298078961729240143836      
  0.272498844200558589306576699700543295      
  0.301962852346998546262892317805508061      
  0.334990341882329465397493542195822278      
  0.372027926087582990101433664556450287      
  0.413575112004393585117164566369921364      
  0.460189444479316645642996112209359824      
  0.512491909841974670113725807432400003      
  0.571172567115446180374566656646559604      
  0.636996366008403210588394383604706719      
  0.710809102288800090222680383872505980      
  0.793543452853011836286824410811889057      
  0.886225025281994348192761306550132078      
  0.989978350331948643306373909191052362      
   1.10603274105766877336524555547893288      
   1.23572793949390845004915700751208716      
   1.38051947135791037796700233243435727      
   1.54198363135214176138147512516424802      
   1.72182202652797195480736040546847531      
