 0.44481816788311E-02
 0.55417170786465E-02
 0.68676506997614E-02
 0.84784476615519E-02
 0.10441730749002E-01
 0.12842475470140E-01
 0.15785624195865E-01
 0.19399672926131E-01
 0.23841633718150E-01
 0.29303604615709E-01
 0.36021087922046E-01
 0.44283256065731E-01
 0.54445516155790E-01
 0.66944889243900E-01
 0.82318874256365E-01
 0.10122862543580E+00
 0.12448745790455E+00
 0.15309592508993E+00
 0.18828499718292E+00
 0.23156922485367E+00
 0.28481221328873E+00
 0.35030727875330E+00
 0.43087683946955E+00
 0.52999493798299E+00
 0.65193834601876E+00
 0.80197301995343E+00
 0.98658432647343E+00
 0.12137615365184E+01
 0.14933497134644E+01
 0.18374854613333E+01
 0.22611372689180E+01
 0.27827766812281E+01
 0.34252136510423E+01
 0.42166387126801E+01
 0.51919268004478E+01
 0.63942735324214E+01
 0.78772556699807E+01
 0.97074341663835E+01
 0.11967650612916E+02
 0.14761202710885E+02
 0.18217110911938E+02
 0.22496680162851E+02
 0.27801461100041E+02
 0.34382419433589E+02
 0.42549492095535E+02
 0.52679713707314E+02
 0.65221150088155E+02
 0.80690052875033E+02
 0.99661019922486E+02
 0.12275398239531E+03
