   782567.779665656174281240754394239928      
   515028.462815435496315304776888406082      
   244743.614358056561314147956272719874      
   243516.551581639265631307691986714103      
   201283.791826266839408832369413250479      
   153765.025333034964726500106744530427      
   124073.317653636802932482522387691983      
   88104.7618438105090571481838762033951      
   65685.3720012995301764023584717259604      
   44340.2200172412592942209966095004599      
   29836.4534641685669367226805946607617      
   18849.9972865144362844284735941072446      
   11162.0385999478234114472699849400078      
   6499.79971759621911871023933561599589      
   3310.84120156861359164606484947219670      
   1811.21289837673676133354932995331527      
   854.367989505906479079655895302898823      
   545.392281999467791895465853194567939      
   374.490735526820611016057223475532577      
   326.717895239852078105944610713454459      
   291.261496864861368224982703109021601      
   221.220255223915831063145816267107818      
   158.335718839570334477944849974538028      
   66.5975656766935821103286410481848745      
  0.914878306287990368664841149770796853      
  -59.4016734416600409362559578845191584      
  -89.7953536127062841407250212754437333      
  -101.501827039654139289991035743578084      
  -95.2367796267453929048778497768482124      
  -76.8142685048590853913425347911897135      
  -55.5884099675838886483559194901966687      
  -33.3463992693750717278967778362196197      
  -17.0798262081804079427221287012652963      
  -5.65021410326087181639828813036701052      
  -1.00512659376566880794440805107738444      
 -0.766337589969262341449754938789123111      
  -3.81501163139876423324199485137708911      
  -8.15494257072711864171281016949146522      
  -12.2293590676490483264191715056594857      
  -15.2084475060891077308828264599575898      
  -16.4199111683890771600467635506201418      
  -16.0508357427549579936114238348543485      
  -14.2929088386719880691034744670490606      
  -11.7339692339120673875707343350591943      
  -8.85913584799770429251150338492570796      
  -6.10529942553313180507975127277836374      
  -3.82135361867090260507165593298881817      
  -2.06374875951528198034905090985846224      
 -0.963683750052045897769905471062444812      
 -0.290792505526541660585298296194840655      
   0.00000000000000000000000000000000000      
