   782861.061221524752861161062278468026      
   514843.437945127972977740664883494202      
   244785.847551298771578663082496183330      
   243574.198352945449606917097516233499      
   201190.247546845191193000099410966000      
   153849.229262348045696815508153633797      
   124005.521938336870104961351762056658      
   88143.0406305553383530397385782385692      
   65662.8949698726223539915634976523034      
   44345.3956482767857483441701733245678      
   29838.1023663930143804346504712932480      
   18844.0357417684317070543792049591597      
   11169.7893905437828020073716251591847      
   6494.31830919791345872433073836953928      
   3316.49749749933857362760885834741483      
   1808.94354438082277392396559913388494      
   856.461020863881110871818210030107178      
   545.315183114113750252360098347492453      
   374.299768367799962973633846463716802      
   327.340595385685567389834867424850790      
   290.335421847033942665508686572329965      
   221.732629278455036579717769590500629      
   157.589966546092587078573211758444229      
   66.8328300224631208896490970052552716      
  0.608660335329477181261848428145759382      
  -59.3387279664446198102323968680055578      
  -89.7723562867192909251864158194560038      
  -101.495372660825186683033027961551644      
  -95.0878847336815511634547944001181135      
  -76.8152545258578947315492695435777514      
  -55.4575599550768343715504457409790570      
  -33.3500627398982602960149395213689432      
  -17.0164765349819268969419602249935318      
  -5.65953384889517057261027162223510858      
 -0.994653541091622974532430675403635172      
 -0.777526278993154242563595428786803401      
  -3.82345166572039796890377798768994921      
  -8.16122980302578668727351095510023772      
  -12.2328220736417059241881102063494824      
  -15.2070360798672978763200088197754513      
  -16.4122319207879988291917782403914937      
  -16.0444301185319028464198541566970170      
  -14.2792888812211423686408056235671163      
  -11.7274431187273659632106161215108023      
  -8.84672658636922436428891411220237286      
  -6.10186215279106500947454576606338840      
  -3.81375926020080052408645612090388961      
  -2.06351447674483915524349141495790906      
 -0.960668800174225849156992746219516526      
 -0.291752507560211963516587549312530936      
   0.00000000000000000000000000000000000      
