   783182.205364026160691849826905517903      
   514639.572351947539618728858974791683      
   244836.021308098529416241657402776121      
   243631.514516771473292167553988508798      
   201094.066938054868791443546661721177      
   153936.023472846376226179147913447199      
   123935.357893695110400192538662485434      
   88182.3382682110347771450101572168357      
   65639.6908204170462634254651552897114      
   44350.5089379610573613825710906489695      
   29839.9086822417989574338194119907876      
   18837.7244682937827638071574623313591      
   11177.9813475239316685982810267249044      
   6488.51986860863813094535038695828977      
   3322.58929629426915584842553666976808      
   1806.42966863276122789520228502097795      
   858.879399770295243060564021917295863      
   545.045127498965350524999153763705248      
   374.311189178678922947608306593942511      
   327.813458473973836646559532766730424      
   289.515564230372244403102388641954049      
   222.141256800683505848953071900261525      
   156.892430890398862696052290880696349      
   67.0097315409021757538712187938433109      
  0.324371785414983218643095738165196208      
  -59.2989904848460337199309835912070839      
  -89.7358624307205509834752647769236039      
  -101.492219521237764381301110571539990      
  -94.9281540600238632013860969597746892      
  -76.8128141109402104515087557745701938      
  -55.3188306535643744396422323654640231      
  -33.3507326963028559761025367005361610      
  -16.9492856360994027362951334692095918      
  -5.66778993873367581287985750253684169      
 -0.984011505492093056467862238392828710      
 -0.788177972768938746598306363648500382      
  -3.83387428500688069353706932286641958      
  -8.16592441786181389927074033593985805      
  -12.2388753066558715442278829078078986      
  -15.2025404257973365994428197263987005      
  -16.4068877926871145754780061118701409      
  -16.0340904446354781759863253646532767      
  -14.2675470219460586844530789192728438      
  -11.7171338104111010230975933551323709      
  -8.83580517524685123622836773748436646      
  -6.09552113182794706892713298467713114      
  -3.80727323249915595008821649629182343      
  -2.06149612482210708784325613309197990      
 -0.958269017037626014550668257787905812      
 -0.291929648339518659339036535723332221      
   0.00000000000000000000000000000000000      
