   785289.077339686958262169356401558739      
   513282.942479230605579236964012510027      
   245232.912389847721347873384623159029      
   243904.996769196885805414063447971629      
   200574.356647047564647988895881073587      
   154409.824540042394444353618486967298      
   123544.899898378091036161776750756275      
   88397.5865242222284059701050992125737      
   65506.7135978302694098546320108588421      
   44380.4759966755933587427723585319893      
   29844.8833318460810534868338391022193      
   18806.7344098267428161051652506954189      
   11220.2126878276392511097641633611841      
   6459.76061359562196483238008744574556      
   3355.78479239051416208827063411808309      
   1793.79482224543357755471532618793678      
   873.352780709969316309920438906857791      
   543.118861757470659975989378386998628      
   375.750614616241665071514802438971348      
   329.346878129744769288416753956850976      
   285.855259860745388684257101223131818      
   223.515999006630071596288009239314241      
   153.293262495400908663809868241010071      
   67.6249704861848683959964768441496740      
  -1.36099662925604416784644554870665223      
  -59.0029486693851077063398346978156322      
  -89.7475970490473926370434755148984841      
  -101.199193428161610887035770494273911      
  -94.2121984534666648528831393165317542      
  -76.5294605244832934733349556935486007      
  -54.6453735799750739810244743525355981      
  -33.1852282647425314854225655611598676      
  -16.6234959371067883264592306301358328      
  -5.64480535278476384142883025013045284      
 -0.950079244089934886238527254556632687      
 -0.835213941066427841721021731025047826      
  -3.90732216860920137846500141445793249      
  -8.19393407743252966147343557849277897      
  -12.2808109533781012844531854309123262      
  -15.1719784670483224319764189842836991      
  -16.3790712374783344621555528014433435      
  -15.9617203561305640316044392814054248      
  -14.2004417685327390751145569593125181      
  -11.6427702942457275253558296528139301      
  -8.77278284588555302950180441396382866      
  -6.04758754333837916635545680258430656      
  -3.77013146262014349684164501786393081      
  -2.04390499811436382964650065262981170      
 -0.944822612217351679421556572137779183      
 -0.291076311879841285377771164461601685      
   0.00000000000000000000000000000000000      
