   19283019188.0261092003341178645325755      
   622931763.193217110172181897892064589      
   372091210.315352866263252610739997371      
   164810015.211663052647864518762518097      
   65055058.4589254415585831976738725376      
   30852144.7752835655696896210904244253      
   16505590.5875431100340376367231980894      
   7590036.64405830875197935420603515094      
   3075313.82932941758361878384179244729      
   1392541.34462787291709997638350679875      
   590537.529918107295943160320064207539      
   189825.398319720453152345185922563273      
   80760.7689695700185791527361563936964      
   39498.5508242512740363573419156207625      
   17981.5306722850659339860543332093787      
   12532.3530388507352597172303689111026      
   8218.25152225174868935907251149530860      
   4686.34822640915668241475428135222489      
   2274.90477732887580855684868288193971      
   1317.54027580262007426158314985789470      
   469.709245568960344664784363116759769      
