   1042242.09183784693089063189148518459      
   840338.756131776522115295359263724318      
   595166.156993295728262146095811236830      
   529851.552900992105386385284643665517      
   445460.637293369092816568881570871772      
   348429.160183061691014363236865515062      
   273283.820358824728641292258448730130      
   201685.789459107780442240207957881238      
   146136.493932549495577400917458898691      
   101602.971044543184746274765330715516      
   68159.9348901897561825488498367367845      
   44662.8864800493399220457320272961989      
   28208.7454243852544760578082916868704      
   17735.6058162862142987932092020906701      
   10961.2347417435113441542255516831946      
   6870.89599853612771622916545292298426      
   4346.66197226413924562073463835045863      
   2746.01553390469036633491042675196787      
   1709.45215535457617664495115033085197      
   968.601573965782725667837020921662049      
   466.110409586506429074038067955803792      
   122.959832962076934874650918880505382      
  -71.1168805171113505081434790733358178      
  -149.243500917468041408360328876227588      
  -143.354371340973413885183130320207490      
  -84.9202169160193839686458884613316931      
  -10.3380527418682420824406358522278333      
   58.5771790676079130203173974758597470      
   104.381514667938432007512698323211864      
   123.434404966516500057860690726692014      
   118.379748487874551163900555656557730      
   97.2986019357030785118838298930070102      
   69.8384603879215879083745772330515120      
   43.9945552418623432492750339015016285      
   25.2838356383144602623364180202962047      
   15.6227042515779620002288827742832178      
   14.2325905613835388633554817999735798      
   18.5038649089103378653879239341618493      
   25.1259767170164092911169708261928920      
   31.2080333847248136881699265566042012      
   34.7185373751411775027717304338085737      
   34.8784501882436769515005438763706526      
   31.8515795698567653977581000344119994      
   26.6072307246282706764232205169359723      
   20.2700158755517468040040429754568938      
   14.0473128330703329140470877528484804      
   8.71304773940573695079860873270729243      
   4.68075355531494494753995719399638617      
   2.13258618388244266691027534506336480      
  0.617937401025112682736744686307994628      
   0.00000000000000000000000000000000000      
