   1042400.92793845229850956519061267476      
   840265.170950713763231462129732048846      
   595156.780152576082763119671988898251      
   529895.724359277749618032800452144940      
   445412.125661355845610472384711915867      
   348458.548290119651785485712716940668      
   273264.748079798121637301771878949686      
   201690.736007623687456379245599621811      
   146136.555883228126109263387165094795      
   101600.371121341613199782761406963253      
   68164.4080032537339219721895701140969      
   44661.2026768739137473799506897926605      
   28211.4257908823318381240421815937726      
   17735.4928055432807000278614911728531      
   10961.5423661471360807229919276670717      
   6871.10888413721964342114990763136370      
   4345.88020990188593774341200706122282      
   2745.98394197801381881151156235582046      
   1708.69753498342835683335926891062245      
   968.460920661096234874507054439300285      
   465.807486894984773796489041737858561      
   122.927353296978748464111345262859677      
  -71.0630188257044646946057195441837835      
  -149.160222716377170031360905662080242      
  -143.204917089690055359703445745904039      
  -84.8373702588919832588315760421729970      
  -10.2678363287890974722673136409359578      
   58.5836571680779852310634097550674636      
   104.350331485340957271405156766081735      
   123.380694661738300759897994466730437      
   118.311591347128098885401130432176701      
   97.2413205059235419980582076024100171      
   69.7935218055909258376302375444826175      
   43.9679521061260811799131861792987358      
   25.2759415383352225354577785250471079      
   15.6219152598196877633250364297637935      
   14.2416839648299760294528162993610623      
   18.5068460735179618008894061788439009      
   25.1297529005163280382465180091404114      
   31.2009670938615768180558770533286390      
   34.7105351453767581914417574027514876      
   34.8628853481009465521116315162878695      
   31.8384820933130041392328160081170075      
   26.5918274404835729072261410739178146      
   20.2600485167818889907549885122652378      
   14.0379761822554986338894466156530905      
   8.70871184914470790792305538014047345      
   4.67760408613409668289516380107522722      
   2.13159500367890971370272323257733559      
  0.617863422639147234459922646512118846      
   0.00000000000000000000000000000000000      
