   1043163.87468525381683805822086102138      
   839906.075410108001500786056744530096      
   595125.727818038935892603383954955281      
   530090.964733774257342382988350996142      
   445194.160214943751505778819803646265      
   348589.301540474431882056371887134391      
   273179.115889214096871406407499472135      
   201711.867949889767605710665781264580      
   146137.348946876700469908813139075971      
   101588.100270972514596036208317975598      
   68185.4195804864096745388337900792317      
   44653.2077806287335590425146762277474      
   28224.5324467426632008788045840736453      
   17734.4256593181718098162495410574786      
   10963.7748635279244558691364416768998      
   6871.42751118052993605783873297675074      
   4342.85113338968455197367501495376007      
   2745.30249223850128428678314342527927      
   1705.51283340964956479707918215385244      
   967.491656758996602958030473533451164      
   464.540767905334805323068837757181474      
   122.631506177713513245537717824623079      
  -70.7391394378897746428564756089760724      
  -148.829049645288291277155026488132315      
  -142.452826572944717564151173356530920      
  -84.4780764641272003028991191754673430      
  -9.89662011361398219864088509616399818      
   58.5931120307408219740671935094943639      
   104.230443594949229996814260448297298      
   123.113023456159570834695617682638949      
   118.001205623840317957533541327195872      
   96.9644763853852771747879636450752146      
   69.5804776281530822323272463950466347      
   43.8434844667629896368450114013007322      
   25.2318076061368167507196597111571270      
   15.6248852419959966706109834699378428      
   14.2762323951092836748704721525164076      
   18.5302796584112751807689299600530225      
   25.1394150035226851139253155080260718      
   31.1771077064098151495530148508228846      
   34.6651211955490953064987142869893536      
   34.7976406873313664098343562493960277      
   31.7697482747993564307440647108265221      
   26.5256805785510374426512568004547394      
   20.2073208288398315711223445313649755      
   13.9988219347843922097209823753709650      
   8.68434153063739925880288643545134452      
   4.66600522140198973693397244332927982      
   2.12503987422267188335445508785257366      
  0.619088324319572730373182702613700024      
   0.00000000000000000000000000000000000      
