   1045357.21728007964695740146654642879      
   838841.202498195872898359641059206201      
   595124.671578813345515110280792653765      
   530544.000738269257874267301886343254      
   444662.471841440734737832182321012344      
   348901.791593718883927585582374071949      
   272965.070072663950996366549548519918      
   201762.856297063294419842715080691833      
   146134.643800993512653910638199747527      
   101561.955081870848946568862771914390      
   68235.5641631783646168002499293962261      
   44637.2992527046195813548292670720485      
   28258.3417286735904090131050582923156      
   17732.7555981576988941312507685229771      
   10971.2976866159133154927928897426816      
   6871.08266525267411636037789193702445      
   4336.21245373683244407100738751130177      
   2742.08508680576256634703295703293119      
   1697.38409565037453023199411258018245      
   964.217422402743077453242727277972450      
   460.875651578902323139189213681903459      
   121.813811859680314616506635921018804      
  -70.2105916977206151799909504008185166      
  -147.686415017987671325195704977237252      
  -140.595912959470654443056195615589504      
  -83.2723924858185654729496438486630946      
  -8.92996364168261260384204919057456296      
   58.7371012842983495412211141928671757      
   103.899226350443759069346683106378477      
   122.410267948909487871830038191836863      
   117.133190560906121074763300354043196      
   96.1985333834183488210069523813679960      
   68.9633065894090495649632966747892890      
   43.4950587863171538436758733188452670      
   25.0816614323849421456888477600990310      
   15.6380037510760975268313298007747776      
   14.3555770098874594550506686177207604      
   18.6059637632454596906098964261786389      
   25.1601984060839956762596542948447720      
   31.1202191409275643308988004575653238      
   34.5368594670090731444698362938480351      
   34.6206188378551200793810172328622339      
   31.5760634917840221163846165455702635      
   26.3417462670898452753455541454953539      
   20.0572218347016338250744643738797882      
   13.8881246264965914064418966310260371      
   8.61401617151160685161888690464036762      
   4.63179785054079362765865238499179853      
   2.10615498574328411981268983187392508      
  0.621033007270258232268731141150440417      
   0.00000000000000000000000000000000000      
