   1042242.48122153904507843383539143850      
   840338.576431473364057487010839703968      
   595166.132380428361899322510489552077      
   529851.663145273117518491725383293011      
   445460.516587469226765079117437160312      
   348429.233523602186729596983791258041      
   273283.772754414015078456723398308799      
   201685.802080097062306599008789042131      
   146136.493810911160780167466454208135      
   101602.964860659893130834915851711478      
   68159.9457047292645331555754214770675      
   44662.8825333969874476554567666706940      
   28208.7517968394419090291711034621570      
   17735.6057586880700201983085793010325      
   10961.2352670892697037905669948771607      
   6870.89673391342041714860451801997299      
   4346.65985080612641817620427190117565      
   2746.01563042627157748459511003289691      
   1709.45014889673045103782581522490184      
   968.601360302698662240559046514526920      
   466.109553932136419456884075835980226      
   122.959852588658968151399434489751908      
  -71.1168329430238546393666474796839771      
  -149.243219071041922468840639177884610      
  -143.354072269552793334622170864366465      
  -84.9199520041011893298275013654866295      
  -10.3379358635911739749108017485653736      
   58.5772437100294749190876982052832466      
   104.381393684957342933863297502591525      
   123.434311063665798069056704110130557      
   118.379547009407477676236440893240952      
   97.2984902312691937410781820286139658      
   69.8383247902917925967578956668390541      
   43.9945114027190731047744309567334377      
   25.2837980643679966881333630319639145      
   15.6227177214265195367640022699398723      
   14.2326000780081036199855104421586708      
   18.5038827925740908290539715533076342      
   25.1259772537714448932827454792354771      
   31.2080228614759316862650695862174994      
   34.7185121120829468031719928919855774      
   34.8784160328118872041581429534349084      
   31.8515441562530292507358450670979588      
   26.6071950170757670979585628425418796      
   20.2699898255175520643983748974524273      
   14.0472907436044690180169493198775975      
   8.71303656150767536071210433517976330      
   4.68074593822280025532858769862397866      
   2.13258370788845592296734566274179897      
  0.617937084349733077910621234730276282      
   0.00000000000000000000000000000000000      
