   19329231218.1445498845082121262370165      
   599510688.167146015476292553570866648      
   369585105.564120221585385764986628206      
   170804053.266420046175294525447628126      
   65390882.9598000166205169374906729721      
   28270410.7381269758371207375712904300      
   17061648.1244514219100539827522705523      
   8570371.47187060170065498400461882799      
   2499034.80900010047117918634144054989      
   1137638.41838137753958658182735652091      
   940838.619020984642906348614364357852      
   210770.192679500428962335439852616393      
  -110537.429106505925364686822182570944      
   82685.9339380344965675451353040719933      
   127098.379460898258971055603190903158      
  -53594.4539475372113967880740355033722      
  -46862.6776712628289580474549273040386      
   73708.7906102794305189395790521208607      
   23743.9253015945472409446015788409044      
  -58007.0815664548134310044336206992197      
  -31705.2613675273853541945304512885080      
