   787381.595232619637468107714594372731      
   688366.901856139498721840471192984962      
   510766.686040307950922853244754009806      
   385367.008487555183404069379578508273      
   293970.154098169396819047000955534293      
   213967.880158364844717457730913234898      
   152280.278038637838132315237279497759      
   105908.905698519574975863055292293880      
   71540.0792833334441959194707489525630      
   47410.9725960217895390872864572104298      
   30851.7507396971257867997832059550655      
   19782.1199231919399825311137263105859      
   12575.5480003330458422018543813652968      
   7923.95884515867811881991960034734511      
   4941.22004558925329897201400706959975      
   3022.50120550744915269481176803601874      
   1775.43497801075409575461139864374932      
   962.353063773388653395918224693396925      
   435.387529378415096907128285337103644      
   103.492172975224873411729296394537582      
  -92.7022666385908388851299210848634803      
  -195.268740673207546941370204068251124      
  -235.398788591843885941828081546869671      
  -236.765212420960004165379586517698927      
  -216.957255365507718781518612467082855      
  -188.133910717041167673935599257504350      
  -157.982592022719581177741785182488210      
  -130.591481466766692189354148193129058      
  -107.550302160266189447701666073266800      
  -88.8799540051786642425891068868606835      
  -73.8636611766141013826441186460890360      
  -61.5654403173371019426860870078881683      
  -51.1857821806654244547108830343234371      
  -42.1601083025390410903756118162704402      
  -34.1901138945347700669186585448860922      
  -27.1524008634531639720739593216647193      
  -21.0375087476027474041735909992317324      
  -15.8549586710829802424815130486838707      
  -11.6042861530415797444479710231248420      
  -8.23564259700110076230500384405109540      
  -5.66515456797849379035426324519267506      
  -3.77270616284765830669861801214368340      
  -2.43147203524270420337235819312432224      
  -1.51219841637812639976035968474480330      
 -0.904957067513524131348595520262912629      
 -0.515556019312131174937795324367667032      
 -0.275184922375989367897686440758746213      
 -0.132716183616525087352170235011083907      
  -5.31120609577453844586790669331443338E-0002
  -1.24511934418220857323031530908734488E-0002
   0.00000000000000000000000000000000000      
