   863534.521179004172481287493874731782      
   681602.865046106805534905088302024629      
   505027.766813586441231511869879881009      
   388288.820239312120414719966795351512      
   292208.226823098444175444621398862971      
   213701.887938425124111286869419540852      
   152725.714422936338224103139241431889      
   106502.717829058388340878173403920040      
   72654.8860126385531634213725623129528      
   48629.5451124346045989966684956516525      
   32046.7409496318669424592612458063151      
   20881.2594609345617324008213356889158      
   13505.8590866214575467178748519174576      
   8695.33181677442829026115660110379314      
   5574.48308746491684929512198477008087      
   3547.55945401529956693348227954937201      
   2225.05361288941608583741565066084503      
   1359.42478876095943045876259984150874      
   795.157289133429940091790450973775377      
   433.429096159681871328478623802009980      
   209.275876691658910177556779553341581      
   78.0165428750995269810249455567371317      
   7.77790409674738187750298850795196071      
  -24.4304126232310029105523306054998725      
  -34.8564085163934750162231231319149970      
  -34.4050995773606359478664143852447884      
  -29.8000492111437041667567281255371008      
  -24.6685737253868081227741471978333423      
  -20.5411371267189129913489453111365363      
  -17.7012272287121929722812753348412809      
  -15.8347022317510574115892904220165099      
  -14.4639812649417016256726591523720076      
  -13.1895082973455596226887954162958852      
  -11.7830492252421082303051579286836878      
  -10.1858885430736194996369647334645666      
  -8.45888696565450490168691226596889164      
  -6.72069787935979126307066880984009512      
  -5.09504750891592430081869013970318284      
  -3.67729486691408953986899267746527201      
  -2.51991463151919371242430152623578781      
  -1.63352988855934241967232652107650302      
 -0.996278087860097350418899164493385640      
 -0.567074410698196930045482635232736433      
 -0.297398097267600076988364348630076114      
 -0.140800260970115754363942212200036912      
  -5.79397612570317956069399910523024474E-0002
  -1.92015715448805402926559055650363090E-0002
  -4.01783303803809486516591186840765754E-0003
   1.64759690949694760565198955489527562E-0004
   4.63410563986808504375177497862437448E-0004
   0.00000000000000000000000000000000000      
