   787383.012429491118614388190744769457      
   688366.985988333164819363865116224421      
   510766.277334070948814238719705494505      
   385367.199531489858877335084410420997      
   293970.094291970236280732247230087832      
   213967.863328848466207207094886907121      
   152280.313540899260898823684600840021      
   105908.915292620390281163997154138343      
   71540.1026158468781463216544563142744      
   47410.9993787156145341680879468545268      
   30851.7674322325890299431234559600493      
   19782.1385510285380851734389399822728      
   12575.5603358364434663067309093861089      
   7923.96953485428953084227540238763276      
   4941.22822461713725474544897961138502      
   3022.50861940170655877856674864125245      
   1775.44115563620384133754270305604553      
   962.359379600597406101766665882502892      
   435.393056811522383890873989281367923      
   103.497771927004654241375846026961104      
  -92.6973897065676500250542927731786243      
  -195.264102744030890373546661175022277      
  -235.394899647335949323920521310508976      
  -236.761710708796475530144957864599421      
  -216.954428013865839340390395808042623      
  -188.131446879650598952698756468619505      
  -157.980641411745290413112326198806033      
  -130.589802972981843225262502496076940      
  -107.548976300157706844260715067260994      
  -88.8788179738379950971255048140906426      
  -73.8627621702350005025771002511360637      
  -61.5646792324548804349710178658840563      
  -51.1851838004005068980181990092767198      
  -42.1596161146622180793862107306371266      
  -34.1897331868472636955023789790940101      
  -27.1521017949758590674261430608009922      
  -21.0372814416658852835270164428756937      
  -15.8547909898823060178715001804027092      
  -11.6041591871456179794299706718508753      
  -8.23555681458394618798175528352054510      
  -5.66508752942299131525581385009254442      
  -3.77266683898288797767778411748388110      
  -2.43143808156832125035548136807974683      
  -1.51218328417767051954811001348293176      
 -0.904940574939608275443218844593555157      
 -0.515552393300338376899879660466938511      
 -0.275177611356575062653857996988877908      
 -0.132717082907233019769177226842754162      
  -5.31095627750249788079578603709488635E-0002
  -1.24528588660157455450716058304922858E-0002
   0.00000000000000000000000000000000000      
