   19320440204.6848635832059577179064382      
   606788129.035384878605874069945186208      
   365969040.262715533127911574194117938      
   170818754.107823282624315191825775689      
   66885815.4821019031524938364606144883      
   27444343.5222845001014546266238335967      
   16728756.1958025174299398897880314589      
   9125505.15452609107466051996601711711      
   2473234.32216083825083871322223883098      
   838405.853154863278342614802223428448      
   1049357.23505151466551572735028792611      
   340148.401054231007263874732785648788      
  -186910.325964537492611742655054612453      
   9118.42877617285227705219730607637182      
   168390.559420652534556554259000092695      
   37692.1476690784287624371973958118843      
  -137123.222967776058036540033929761826      
   24916.1178451803321632907220288588726      
   139196.456560786408062140554298120533      
  -81655.2292736408684352541545520919041      
  -107503.279706787443349020828193726598      
