   590168.270283409996613420698810061495      
   503370.737825990193684596370119593440      
   322951.447998453948893450631027386175      
   174503.280771261633110934749438980764      
   96080.2076001323320859627759215099723      
   58809.4380102668298968391010251924609      
   31895.1241267298400259378091056289651      
   13402.3580181849921986248241677608505      
   6421.07115333382630475987895297641926      
   3842.02320411479188962299432760759577      
   1345.57679749521549820241459273299950      
   282.192649911564081623666795057710510      
   511.408586808732440775417133356676915      
   354.433357869981951950513610451070800      
  -2.38634523008412572115735743895486860      
   60.7837736300561281201932516507408096      
   188.629704636726532481686334757750493      
  -11.6204181495684042468008245039338360      
  -46.4718568806644940327393565373164973      
   102.726489721401096425211344628760880      
   0.00000000000000000000000000000000000      
