   19919561569.3469291500603835852023964      
   508241780.246873136158427485221053644      
   313972555.020446386854037037516428673      
   149422681.921105389159424578387165978      
   65255628.1434751414208467285316788337      
   31507125.7493409554032341658274529759      
   15837260.9754299978156991403581044865      
   7312983.92023129221456898370465582390      
   3177982.35160357227026064542401184052      
   1391459.69967986992817346001048033076      
   589383.937717205928927164270994218442      
   239784.048296788001897611464798839925      
   116724.152577088124615108980978924684      
   62617.2732762365275183255056865264395      
   36230.5525813093626832460247228340867      
   24634.7690756762075829973296569876026      
   13613.4762240059733565228508269458637      
   7716.68938622762097608667819180567477      
   4248.15616318433193243142482760665995      
   1263.69945397668123745722237300483100      
   245.222315633547119699724964373533568      
