  0.537798329883509272326393615255371717      
   1.11133132810571899705169232913512924E-0002
   9.61315783067895155055154795808929829E-0003
   8.31992374830259247221921542678329398E-0003
   7.20334023771632313411554445470008325E-0003
   6.23815019820322057585802987937605669E-0003
   5.40310837082559074299667102207821391E-0003
   4.68022068713431066556137846232017978E-0003
   4.05415926244225357516729058494357500E-0003
   3.51180640568005934996555961066839778E-0003
   3.04189426987964397484210662854645202E-0003
   2.63471609863323170153497610754165162E-0003
   2.28189168967773194614055255384847010E-0003
   1.97617446393678261633933506383809390E-0003
   1.71129091663450436806621575974592601E-0003
   1.48180566909289945217801930523033009E-0003
   1.28300709743167675404721371074342842E-0003
   1.11080972254334040577508647442538702E-0003
   9.61670485157847107201033995856438656E-0004
   8.32516617252298406911606348838200388E-0004
   7.20683346621177425427988541528329988E-0004
   6.23859966404819608655357996624255866E-0004
   5.40043077145832695288046382679415840E-0004
   4.67496030982065731195905764529432265E-0004
   4.04713717172736516486898710635734681E-0004
   3.50391984859519282617182607665617764E-0004
   3.03401100709653659219165540205038998E-0004
   2.62762689368124477258581166704921901E-0004
   2.27629724609207785154776259618357095E-0004
   1.97269163843232987201243448577779131E-0004
   1.71046853918608019282868305543589977E-0004
   1.48414454166459234213659358122141109E-0004
   1.28898064517249837583249010480308271E-0004
   1.12088319007929390374714450376369218E-0004
   9.76318296735184909959215529003355297E-0005
   8.52235738774552641399579736687667959E-0005
   7.46001872120976062966710667050618498E-0005
   6.55343200616881965831371207318474925E-0005
   5.78290292637681690346241215661172478E-0005
   5.13131326836508326038028512062879357E-0005
   4.58368452304504923557611333717077088E-0005
   4.12678803164083335017457560958866893E-0005
   3.74879214909459292048049867041102991E-0005
   3.43901121518881878980108794611606389E-0005
   3.18769688703327945081060419969446968E-0005
   2.98594599477750355536450761501561420E-0005
   2.82565108008644306319855762323358415E-0005
   2.69955467239701281529640478846523899E-0005
   2.60128372013252679929629960386777300E-0005
   2.52525034157361973654780541761058204E-0005
   2.46685903650085170362691366263532145E-0005
   2.42228423091724131071817730621931227E-0005
   2.38834986309926179593113219901659075E-0005
   2.36261256720232449759960137616872634E-0005
   2.34312392954756525897952284549867246E-0005
   2.32840422199661724517525263954596305E-0005
   2.31727532658001845004550410371365716E-0005
   2.30882083073596065774160412809139017E-0005
   2.30240742326675773829345684810120472E-0005
   2.29751511191455906510339439820060471E-0005
   2.29373385780980726222000196784730694E-0005
   2.29078135929136556250055248592636290E-0005
   2.28846886194093227210346230005173320E-0005
   2.28656490083311509031976602567697552E-0005
   2.28500054521717860751997160146677376E-0005
   2.28367210342297631834727965460413529E-0005
   2.28249445876436581179447647572978701E-0005
   2.28138923521721911065223318543484451E-0005
   2.28039136919489673198420133330352711E-0005
   2.27938858431312310396683633167159896E-0005
   2.27839238081374676604362566320653577E-0005
   2.27737734450764800989769903335584224E-0005
   2.27629653094815773242123632543167618E-0005
   2.27517674138761122689388236844676938E-0005
   2.27401223530074901972910388752901580E-0005
   2.27274994030148288633963312388058511E-0005
   2.27140430540131684063728852423790636E-0005
   2.26992290551566329265558380791640433E-0005
   2.26832581221235761208487180014218618E-0005
   2.26664705062699522363001054161367225E-0005
   2.26481167562086280395763656779220582E-0005
   2.26287509749633622115232348443388867E-0005
   2.26082338797952947227749503470416169E-0005
   2.25865815922190762223434124754011462E-0005
   2.25639644162390860808690484346476518E-0005
   2.25406973441883090407176120179506862E-0005
   2.25172017778458392015531505160836556E-0005
   2.24941623962760300769290421887591706E-0005
   2.24724205917825639363209138633645061E-0005
   2.24538933038356369185538092177483906E-0005
   2.24400591722262166427929017940533696E-0005
   2.24342387808825572411746125538524050E-0005
   2.24413001080041400117501276357931124E-0005
   2.24664844107384820989583773977074748E-0005
   2.25163771460008955774471645280627922E-0005
   2.26036381179008603036065163491752031E-0005
   2.27427910409129415515883520034752976E-0005
   2.29556545492123563804643331408464231E-0005
   2.32573781420432429337645124518758949E-0005
   2.34802359641571805929666906852811560E-0005
