   1.74784457212140513506077924957995786      
   3.61182681634358674041800006968917044E-0002
   3.12427629497065925392925308637902187E-0002
   2.70397521819834255347124501370457054E-0002
   2.34108557725780501858755194777752721E-0002
   2.02739881441604668715385971079721833E-0002
   1.75601022051831699147391808217541952E-0002
   1.52107172331865096630744800025405834E-0002
   1.31760176029373241192936944010666195E-0002
   1.14133708184601928873880687346722930E-0002
   9.88615637710884291823684654277596971E-0003
   8.56282732055800302998867234951036720E-0003
   7.41614799145262882495679580000752829E-0003
   6.42256700779454350310283895747380658E-0003
   5.56169547906213919621520121917425948E-0003
   4.81586842455192321957856274199857250E-0003
   4.16977306665294945065344455991614294E-0003
   3.61013159826585631876903104188250829E-0003
   3.12542907676300309840336048653342556E-0003
   2.70567900606996982246272063372415124E-0003
   2.34222087651882663264096275996707239E-0003
   2.02754489081566372812991348902883156E-0003
   1.75514000072395625968615074370810143E-0003
   1.51936210069171362638669373472065509E-0003
   1.31531958081139367858242080956613775E-0003
   1.13877395079343766850584347491325765E-0003
   9.86053577306374392462288005666376671E-0004
   8.53978740446404551090388791790996144E-0004
   7.39796604979925301753022843759660535E-0004
   6.41124782490507208404041207877782087E-0004
   5.55902275235476062669321993016667441E-0004
   4.82346976040992511194392913896958586E-0004
   4.18918709681061972145559284061001938E-0004
   3.64287036775770518717821963723199928E-0004
   3.17303446438935095736745046926090466E-0004
   2.76976615101729608454863414423492078E-0004
   2.42450608439317220464180966791451038E-0004
   2.12986540200486638895195642378504362E-0004
   1.87944345107246549362528395089881060E-0004
   1.66767681221865205962359266420435787E-0004
   1.48969746998964100156223683458050061E-0004
   1.34120611028327083880673707311631728E-0004
   1.21835744845574269915616206788358478E-0004
   1.11767864493636610668535358248772066E-0004
   1.03600148828581582151344636490070276E-0004
   9.70432448302688655493464974880074638E-0005
   9.18336601028093995539531227550914856E-0005
   8.77355268529029164971331556251202759E-0005
   8.45417209043071209771297371257026270E-0005
   8.20706361011426414378036760723439221E-0005
   8.01729186862776803678746940356479553E-0005
   7.87242375048103425983407624521276414E-0005
   7.76213705507260083677617964680392001E-0005
   7.67849084340755461719870447254836037E-0005
   7.61515277102958709168344924787068564E-0005
   7.56731372148900604681957107852437887E-0005
   7.53114481138505996264788833706938576E-0005
   7.50366769989187213766021341629701747E-0005
   7.48282412561696264945373475632891607E-0005
   7.46692411372231696158603179415196566E-0005
   7.45463503788187360221500639550374727E-0005
   7.44503941769693807812679557926067929E-0005
   7.43752380130802988433625247516813342E-0005
   7.43133592770762404353923958345017118E-0005
   7.42625177195583047443990770476701517E-0005
   7.42193433612467303462865887746343909E-0005
   7.41810699098418888833204854612180733E-0005
   7.41451501445596210961975785266324509E-0005
   7.41127194988341437894865433323646355E-0005
   7.40801289901765008789221807793269722E-0005
   7.40477523764467698964178340542124097E-0005
   7.40147636964985603216752185840648728E-0005
   7.39796372558151263036901805765294743E-0005
   7.39432440950973648740511769745200084E-0005
   7.39053976472743431411958763446930157E-0005
   7.38643730597981938060380765261190111E-0005
   7.38206399255427973207118770377319677E-0005
   7.37724944292590570113064737572831371E-0005
   7.37205888969016223927583335046210605E-0005
   7.36660291453773447679753426024443527E-0005
   7.36063794576780411286231884532466936E-0005
   7.35434406686309271874505132441013840E-0005
   7.34767601093347078490185886278852556E-0005
   7.34063901747119977226160905450537221E-0005
   7.33328843527770297628244074126048655E-0005
   7.32572663686120043823322390583397197E-0005
   7.31809057779989774050477391772718791E-0005
   7.31060277878970977500193871134673124E-0005
   7.30353669232933327930429700559346325E-0005
   7.29751532374658199852998799576822637E-0005
   7.29301923097352040890769308306734563E-0005
   7.29112760378683110338174908000203161E-0005
   7.29342253510134550381879148163276219E-0005
   7.30160743349000668216147265425492836E-0005
   7.31782257245029106267032847162040718E-0005
   7.34618238831777959867211781348194116E-0005
   7.39140708829670600426621440112947141E-0005
   7.46058772849401582365090827077508796E-0005
   7.55864789616405395347346654685966600E-0005
   7.63107668835108369271417447271637651E-0005
