   19278018467.1936087536496441215631113      
   629207811.690265324661856544024279357      
   329901834.834446425171739087973528533      
   140204940.909008794223272310346560700      
   64257674.7056400161754599543890235787      
   32168523.9324423501705652802974118660      
   15451038.7597033096356445529559983564      
   7194541.80703442024555078505418218470      
   3259002.79992611800879012851221905515      
   1407308.94404562110514259708207984728      
   591008.337455493002231601722665647002      
   250125.739306634563388683350283547272      
   112692.682864678387809829253427721328      
   57780.8236970261180728566518369518608      
   33538.6562432922748495010733886493593      
   20528.2537715197510646450845374413569      
   12330.0046954415078211917732266215098      
   6898.06111845293358843332292190748890      
   3440.36286607712861340429617155380545      
   1365.73331897055722392220176696062442      
   302.741473105286745594230967076098348      
