   24178410037.1382366186268660877714027      
   3256613052.38148679182958187606914062      
   1019050902.98566120725451635430900632      
   208033625.062172294516678916097795494      
   164483893.341443358255443647571206598      
   93552777.8547207661937878893136352119      
   44103242.2525861006257010948635422110      
   25222818.2337170893190662617683090063      
   10534018.8705291586589905208193246849      
   5120187.53942093287123991506587515233      
   1737631.09653243028306036909100439887      
   488282.170837542415187806753964990762      
   102859.323128823225513944257160277032      
  -58283.2988336122067053087741791552797      
   5754.57409794817521805250476834251965      
   347.173032725367180712973305451124427      
   29959.7656232559349994125243481182046      
   23050.7044445325236767604361229385999      
   16226.6192217538410192342800112434699      
   10623.5695592843766717807402484122411      
   1213.43655069913212144546685513615722      
