   600368.235434420254161789874678741388      
   502280.838989742247275499297440393488      
   318461.613798728585049127601200047202      
   174447.673619928070907931228662971815      
   98985.1755739514585039204065111599896      
   58103.8013954641877243938801161660444      
   30443.4848701302165429578876224200903      
   14234.0676527555402376211772489187760      
   6861.80744007762351572187528801781632      
   3215.46877602549985395754571842880732      
   1303.78579750134193523159397914155606      
   618.275354647650203860042513709704353      
   362.379456776328766465129316274642935      
   189.555925252088040370257848384797647      
   125.489155772495153115132934862173258      
   88.8868296412535441056851636008034629      
   41.1277152281198839686380020160117273      
   21.1224301538777306612249951430161131      
   14.2014984255249246193060626395188513      
   1.74542611968467005412290697540465350      
   0.00000000000000000000000000000000000      
