   19257202135.6327334766764416679801304      
   635088852.075967906921271254350348980      
   371897602.795491892117624773866466568      
   163237882.199078416653393804639472990      
   65251307.6759127589955041995032486835      
   31142857.9828590467651476135250191893      
   16429138.8974533082251159142837720619      
   7515076.47170977671538120222965343764      
   3126697.61285337912335513629708691769      
   1394617.25008558477978272307981330748      
   574101.056308778279233588069396411656      
   197449.425188470963161595233636601017      
   80620.8957492055235755244221604686830      
   38375.4349591980691458857513265688642      
   18154.3900445918142374562720113336037      
   12851.8082830181135607182168830812420      
   8130.27955434515317601528559323633376      
   4340.64563362695227259593481811561984      
   2867.33264874514885966488463159371997      
   1011.73033449780528587948817923595723      
  -58.6381107906852880697101012488591486      
