   19210916454.7483750282933703883350436      
   657228901.385203294158019019089272630      
   369821098.620972286773135071211702912      
   161546463.153756124943066409953728727      
   65551407.3124836199798598552032591037      
   31457366.3619349216619089675526507305      
   16312349.9284808388391979569616349499      
   7465209.25694119330465174153269746814      
   3170682.83451850046377641841647001248      
   1394023.17721848916716475832240476707      
   562722.264645794666183372320921929389      
   201312.328898025470906126398076293515      
   82187.4334224528547154221449823897496      
   36747.0242431555041091964940292465812      
   18488.8234987120310165154297904285783      
   13011.2651165429962470874853658134259      
   8028.38021420061207558479760861097721      
   4436.06361752151388813805143224842121      
   2769.55677715138674998232379637093460      
   1034.64877307096213935157413125701331      
   46.6537020524334651958322673144641001      
