   6.34848509452038072925599289250598175E-0003
   1.40997880197474408064347128026694307E-0004
   1.29528918897789510989138732910602274E-0004
   1.19602653363714657330755158380756500E-0004
   1.11089641123531300247495440979195950E-0004
   1.03859566101272990465359618001262873E-0004
   9.77814492929584796269372372214759742E-0005
   9.27247401423876772776751263820893137E-0005
   8.85612241380812975322569678345316748E-0005
   8.51674617139323081985684807658490542E-0005
   8.24273513691944859440167247571068098E-0005
   8.02343734491299753212532904249991924E-0005
   7.84931963399424273439512042880150008E-0005
   7.71205969582023852440142352206986076E-0005
   7.60450868283077237666186588998572863E-0005
   7.52069361094046637382941797964787998E-0005
   7.45563684954307539008640008282613738E-0005
   7.40540098124584855119044726814167765E-0005
   7.36671802886308032784497033847843336E-0005
   7.33701723390458073431967387595701274E-0005
   7.31426953813512648857381215804837898E-0005
   7.29688438431455001588427974617791016E-0005
   7.28362225414619985583266837016577337E-0005
   7.27352183664969655365780240818103037E-0005
   7.26584074423328773211019052953568069E-0005
   7.26004717413024489648623014705741739E-0005
   7.25561462863983557409693917525066614E-0005
   7.25224782849256656574401983858877662E-0005
   7.24970455956699285289438284846597482E-0005
   7.24778105557841419467251737768214048E-0005
   7.24632792457072415737944466391698101E-0005
   7.24522730098087682213810287682645717E-0005
   7.24439965450337756615179282238019484E-0005
   7.24377822254061260298959464150571420E-0005
   7.24331463207707818233069275591338211E-0005
   7.24269205267834990230232253778951638E-0005
   7.24244290835231098730286589606857977E-0005
   7.24249319880500522700532556944674258E-0005
   7.24236099505375431687425604503923918E-0005
   7.24197144545619476180000851232917020E-0005
   7.24212787295635987644237823004307105E-0005
   7.24210990955885999702183581338553174E-0005
   7.24206706892653976282256643399884408E-0005
   7.24204360657187211770598200432098727E-0005
   7.24177439854259173427629183799627683E-0005
   7.24174464243225029142933817008927755E-0005
   7.24201197307203471271862909557865230E-0005
   7.24201703209258222890971677306683900E-0005
   7.24205370580630212710578651745469315E-0005
   7.24205967493547726543473642055838748E-0005
   7.24207127365308276219887770028303092E-0005
   7.24209632174347570128317196441322763E-0005
   7.24214183169250765327429197263935719E-0005
   7.24213677527472492568848815774060263E-0005
   7.24218738078682380055131614395313637E-0005
   7.24220368809394978940477837293015596E-0005
   7.24226743644582517071180001544457495E-0005
   7.24230872886276728996045058387507706E-0005
   7.24234372266870329035972549203292337E-0005
   7.24237417683182760258769041894000583E-0005
   7.24248320724372540100978827498066387E-0005
   7.24256074443022262707662590955154874E-0005
   7.24258500053085248901933105533630604E-0005
   7.24264227160717762937512917849626622E-0005
   7.24274792143895241961702679329827314E-0005
   7.24288604228815808311599727614527822E-0005
   7.24304852835632649045877910181609986E-0005
   7.24315233092821976574210539533560401E-0005
   7.24326931303952929546498072907621336E-0005
   7.24343373482054062645255632631317068E-0005
   7.24347461290285171294313449936608701E-0005
   7.24364482036792150824277513510641466E-0005
   7.24376331865633832583292557708743289E-0005
   7.24382059944118639876389447330990491E-0005
   7.24379685005421812747780637155482241E-0005
   7.24373310367334667557230003020123531E-0005
   7.24358373802241450584635211368339168E-0005
   7.24329728104894760225727030398927695E-0005
   7.24293363077089800316022573003403563E-0005
   7.24285000907690952197671977569545403E-0005
   7.24246108738506675770337035668531544E-0005
   7.24178466560961945055133855541588637E-0005
   7.24050059905104207316638440408261184E-0005
   7.23864893577573586979947216879670347E-0005
