   57.3291200000000000000000000000000019      
   57.3295054144524074863180951226461417      
   57.3295417105823925972298457110425769      
   57.3295814248744203271692020886524479      
   57.3296248792314526281218085308007726      
   57.3296724258714323164871407872398975      
   57.3297244501821746815218373808398623      
   57.3297813738451164660641975103430044      
   57.3298436582532416699932895002473300      
   57.3299118082508880679863763878173044      
   57.3299863762257473272822241254403447      
   57.3300679665862263054564057641120358      
   57.3301572406604606413040259666383764      
   57.3302549220566894415059165666059479      
   57.3303618025284394138031625055725951      
   57.3304787483920585147125038658043595      
   57.3306067075486162316694216778689347      
   57.3307467171670862944914633484845786      
   57.3308999120910876152698826708863528      
   57.3310675340373240345708419176283794      
   57.3312509416602805419406490995047173      
   57.3314516215647550536876138646184567      
   57.3316712003554874826173764832512402      
   57.3319114578215539943240416681556096      
   57.3321743413623921486546195534469786      
   57.3324619817723866255842363253740792      
   57.3327767105119570054091307103360676      
   57.3331210786051378694491375031043511      
   57.3334978773168249704956645033820977      
   57.3339101607772862503579116408524494      
   57.3343612707373199766671452170720653      
   57.3348548636547121652237245142863337      
   57.3353949403315417282053381446339936      
   57.3359858783425576056604943621888211      
   57.3366324675174750850828349864431633      
   57.3373399487647919610973820904315963      
   57.3381140565518097726880077636336999      
   57.3389610653851806122229247268558353      
   57.3398878406687261364466535038135356      
   57.3409018943507552536413879652338294      
   57.3420114458119280940930655992042571      
   57.3432254884871909563163654657882701      
   57.3445538627617842558955674763052851      
   57.3460073357321798078768201294484318      
   57.3475976884784472453859077113888287      
   57.3493378115554330329780003274987494      
   57.3512418094767528637356325972507280      
   57.3533251150384891990240294438047948      
   57.3556046144092411345840093406251079      
   57.3580987840004401114132315651411825      
   57.3608278402263295692256845353153686      
   57.3638139033674834114825987763074884      
   57.3670811768660539472831571876471131      
   57.3706561435060213799308545801882395      
   57.3745677800685777681950547698030304      
   57.3788477922025280155912547285033069      
   57.3835308714134426363823478334457961      
   57.3886549762545799033269352510711751      
   57.3942616399987616730994054487288669      
   57.4003963072850277338073765263822850      
   57.4071087024687476874421340990227233      
   57.4144532326608407715929336728403496      
   57.4224894287229255129780677258009044      
   57.4312824277928717170692667561393030      
   57.4409035012518506858002189403200546      
   57.4514306324123042094806159619058486      
   57.4629491486092642436414762556440874      
   57.4755524128184198527285140276286938      
   57.4893425804068202058000571755137780      
   57.5044314271500329702592027936192059      
   57.5209412552272254929394067125176806      
   57.5390058845376837918627170259429587      
   57.5587717373738546491893992929342146      
   57.5803990252426944976225762379645572      
   57.6040630474550687242415810220790836      
   57.6299556120088774809532107228354482      
   57.6582865902828320969625181655188804      
   57.6892856181424042658365072801093464      
   57.7232039572462095039315200497458921      
   57.7603165316395860269536237224525605      
   57.8009241561429151158499045959154862      
   57.8453559745968153702143969353991919      
   57.8939721277273316281800015767737284      
   57.9471666722554170749069350363189333      
