   19694651931.6088097022351550829569055      
   544964790.634125866973706435595054150      
   324009086.807174032730121599513751599      
   146318794.779861457179405409118825699      
   63435826.0736547597983037581801685292      
   32085534.4870104584768181405120132930      
   15920778.5107010952560792599062383834      
   7129011.50328012034874691972301799169      
   3261013.74920125029224092543396488110      
   1420412.37096809899032729691697675898      
   568494.442848048374140266588290856620      
   250396.974873108628307662075341406724      
   111357.316382255914898106696544409956      
   58695.3229297804237147535528252411587      
   36684.5899682476544463908024829262515      
   21167.5458260404432616490703408226530      
   14076.9197388718419393450555128205965      
   7637.72720979561042388884323429208150      
   3403.19483611161815765618730163982218      
   1725.87164239766838672737530625758630      
   409.761046662446133696271265233982666      
