   627.301750640607637200579325909996228      
   560.938033384467503300984379917085576      
   423.607129140826957374386643340826744      
   297.799975031948618318713637516307698      
   196.534134079105953298962429564231389      
   118.353456174001384530334869507393025      
   68.6899406947692272795610577763879426      
   39.3201085883779128259804960959994212      
   21.7915599428580653846911900140634830      
   12.8015629242376921847298980126324028      
   7.87242919755783320921096828336760818      
   4.90520189354519598789419008192615381      
   3.21263225432951933784197593174349769      
   1.95839927000983440447165771427493696      
   1.13710036346002498617606652933902808      
  0.630570889531290295325897993474804292      
  0.263981068795077958179247500919163716      
  0.116577657239699176996856201174882095      
   3.07509671695264997732768869259723587E-0002
   0.00000000000000000000000000000000000      
   0.00000000000000000000000000000000000      
