   20424336146.7872796061982739395335816      
   691844666.158357321019228453202493509      
   378740812.929661516843354473326319682      
   180644255.942942478779425261357862371      
   107133178.100403570144042195694695776      
   70841736.3421967061258334169237787850      
   45023830.8481415995915257945770765518      
   28836077.2055397980786505498320585890      
   18280241.3443032652771995690767187075      
   11302438.9251375396139344791467898081      
   6907348.92155497245121264071058228732      
   4153750.29077038757453570238050580432      
   2470560.80918379208316067533403912228      
   1468194.47524045506737249111450957533      
   875299.285645719612613101305898051099      
   527653.734750634780178205760254450249      
   321909.405775796321293622023673843606      
   197072.543321460311646016668263285140      
   119292.709810139934603928799347884608      
   69491.4736767290444863004020457296341      
   37353.0351843909570342888039173301304      
   16995.7511162725334926396147901444589      
   4724.08210583097245407996833450892678      
  -1996.63316169992857087491359129055442      
  -5058.56701716768273996472071734705351      
  -5891.47923919804741688235051178748456      
  -5527.90374202201083964026432112167947      
  -4665.69952973130668885231954463843025      
  -3721.02825949694570386804570407505649      
  -2901.49799707391506128332047846890894      
  -2274.13955036254644579814298936880372      
  -1827.19632849860396822698973847319904      
  -1514.65182390404316415126987043351265      
  -1286.41718759786800067801458083150119      
  -1102.56941345958379998415753200063835      
  -938.717916767575401494342201997364767      
  -783.942364127216464757955467808474543      
  -636.912627305421689978377550258484435      
  -500.915876293510786327868674438918121      
  -380.448198876286249875882111124696683      
  -278.742629095441973791539932809306846      
  -197.036344537571444829448091234376014      
  -134.459168477022976538052355881623244      
  -88.6813095392521686988359453312401328      
  -56.5835312565271703384472092022347856      
  -34.9535940219367251013301214855594690      
  -20.7885869050730957406342923664634370      
  -11.7971076217757852897345839857841843      
  -6.25859656170520237881105590173713631      
  -2.70419616450343053550889265490245134      
 -0.624773879701045359986612313239107777      
