   20416591162.7617482576587323576377996      
   693997107.416840651895661536448211159      
   378674449.708415801656128730811424505      
   180510775.168640687171860043866993859      
   107192860.807135951994898929108631881      
   70819679.3537853083918648882588917297      
   45018656.4303993457131015950020073627      
   28838038.4351661026312208122758263151      
   18277680.4017188156594243533684785560      
   11303352.9844387920682247915869912560      
   6908242.71889829864604926610962384626      
   4154265.44754681951329222978415018211      
   2471313.27947043314621537452563776720      
   1468593.79663914579432727594510112826      
   875566.655523800253378442285406270391      
   527823.407229105024064479429042190849      
   321984.533359721581948415479701303373      
   197125.537567864385021550931939409178      
   119335.002995514229321112472256945383      
   69536.5135854493846080934978590901132      
   37406.5737681242833905497923962877229      
   17054.0747357450674187387963657274151      
   4783.09482793855235146926940478765286      
  -1940.24429067343978028620342481731298      
  -5008.67648038032243190438770872747284      
  -5848.71361264648598908377013189635548      
  -5492.94145235973691000682625694679986      
  -4637.43335323284201419378939514617219      
  -3698.60122858026588136000887849048341      
  -2883.48973408707572013548449488932269      
  -2259.68656248381254974961708408128556      
  -1815.33853299803027424006836167547393      
  -1504.93753183677438096029046063155433      
  -1278.36694518032746662431234860979794      
  -1095.99768353453408663783722538135202      
  -933.376197469555004856640670112033827      
  -779.713976815010186357066494199634552      
  -633.609136362339985496073336778611766      
  -498.413955781172037157314822371715217      
  -378.579063889127331869007930783184861      
  -277.387792276749667077084915713890965      
  -196.062354624231136266016836938299169      
  -133.776934146834479887445834801807423      
  -88.2043670313671686890011232844357206      
  -56.2586759694390592963563889872619892      
  -34.7315935747881248771008523062736325      
  -20.6456806816232744353354499457261042      
  -11.7062252425760894111265780691300336      
  -6.20508481719589990123008650790852437      
  -2.68159592879481987783479164980556293      
 -0.623319742565834174699717270591888575      
