   20425424117.4740977496209840819361732      
   691541837.728067243222120237461933056      
   378749733.081487578418543473125649409      
   180663485.858064340712529679865168017      
   107124585.136895240913688002762381928      
   70844890.3654246616797812274564039686      
   45024561.6917166645007039533753276134      
   28835789.6063107074237978426137045409      
   18280598.7326818729338485772195024647      
   11302315.3194028684275913168264851191      
   6907215.21608004799373557136390037699      
   4153683.42207228579181663265084110748      
   2470451.88705600520353807794077370392      
   1468140.78218049390421814735609068057      
   875260.885944473980543886004475388887      
   527631.170236203595827935570605951647      
   321898.326385432821160300663308818395      
   197065.889481986601098917883392770482      
   119286.341539938117545773347242244603      
   69485.5781901368514983057802037131465      
   37345.2409503772543906926463051331830      
   16987.7924454125627895383657963576748      
   4715.64336915569464990771410939581784      
  -2004.40493787809339593610472643178084      
  -5065.64688402872222598609007792837013      
  -5897.38401383566358707795947121170229      
  -5532.84526158121750996268866612958737      
  -4669.60350131717282611662712419218644      
  -3724.19043783129709041289773350680415      
  -2903.98840556901454543950708193895976      
  -2276.17401593959506246916705222746752      
  -1828.84096784366468909804623006353291      
  -1516.01675701872804979577654159647006      
  -1287.53773957638087562236620045073851      
  -1103.49028800010115080678726763237472      
  -939.464067409895718833223043576357590      
  -784.532420912526418381161646053633687      
  -637.376006849575182755096648728485939      
  -501.262688203667748291369855632067228      
  -380.712282815714251955456436066843774      
  -278.928212710999544387657812830545667      
  -197.176013581167027475669807030547123      
  -134.550463503545646940696920696175771      
  -88.7518525277292384484923859526644602      
  -56.6248831975567615981586038535007797      
  -34.9885836351279054240144134847028364      
  -20.8046284526390211088074187561301565      
  -11.8136603267020508488925473533798322      
  -6.26233450745143287531044411314138086      
  -2.71100105503335933008924773319900964      
 -0.621406059466962842008038628789117275      
