   20425371942.2769174504594380460449850      
   691556362.879192035085510227860475441      
   378749307.672825270646675828718155312      
   180662560.862668744424835386628195910      
   107124998.468022930590746444818720726      
   70844738.7526738054281874083041672383      
   45024526.6550028768835171066126642897      
   28835803.4360491188290196999749176166      
   18280581.6357947681032169305428769047      
   11302321.1938607262746367098087408347      
   6907221.69705687455194385134074977444      
   4153686.57811494725393216331708686363      
   2470457.14552474395984720810394990001      
   1468143.32910252821293820525993540596      
   875262.744672983817156670771640960561      
   527632.234326988328263663415716186293      
   321898.870105282551683526544510228394      
   197066.195938553625601862026959951648      
   119286.656425335454640898157978153126      
   69485.8523761190682373725894476202015      
   37345.6215413768274365524614555981106      
   16988.1682623812152167058691001130631      
   4716.05279252662098184062618270376354      
  -2004.03641159181342234577198661782503      
  -5065.30410595454129689083823689097630      
  -5897.10385007307004535461315130429267      
  -5532.60605713455245198415517636742712      
  -4669.41839298516394825588610132740311      
  -3724.03727190603717154784430954989183      
  -2903.87040495951147203531264928185403      
  -2276.07543232845169589357281821712882      
  -1828.76302468352286062165847210445219      
  -1515.95065118371032168573868036687349      
  -1287.48456662820927636602203353820331      
  -1103.44575468568898110883498022414768      
  -939.428587648670542129833163951029125      
  -784.503958397476295440793160441059522      
  -637.353897881969426928952757378079260      
  -501.246041079476805572323271864025384      
  -380.699593454216243053872008733908011      
  -278.919405279242936509298431366031592      
  -197.169191873560425172554918529495774      
  -134.546253985707252989839962443329713      
  -88.7482769014326616655937912127544293      
  -56.6231215403055463328666463315638508      
  -34.9866667275203734023531355457175465      
  -20.8041157578206647221615611920663730      
  -11.8125983151447350738306449375110938      
  -6.26243349488310346404266064156429272      
  -2.71038978715848288086237296291390049      
 -0.621857486671322978788312549662754157      
