   260.282765332760110956303275001491259      
   260.267541916943170310890996349528166      
   260.242125445562054678694072808494126      
   260.206491309567362721794056639223530      
   260.160617613278949935746606353716723      
   260.104487067545586745268882059887213      
   260.038088620193005356707297194935162      
   259.961418789419163085735221622925120      
   259.874482667265124106639121310057856      
   259.777294579234834678909190399289399      
   259.669878401802194726521295715932595      
   259.552267539373769168807178205845169      
   259.424504544973466957785734348000905      
   259.286640347274250786638294484211721      
   259.138733037849759434900270278465503      
   258.980846183823137348316124448379842      
   258.813046654687537858028236397739978      
   258.635401973194092801977930742802906      
   258.447977209555680330937979973153113      
   258.250831439170608572543986582888469      
   258.044013790188941532388936571378093      
   257.827559132875099263750906501649070      
   257.601483513451876975928015530799667      
   257.365779503759010665490450645541394      
   257.120411707542428269611279268540680      
   256.865312714629678739871875126725969      
   256.600379810232627315082302258158821      
   256.325472721656047130951429184773778      
   256.040412621916155944059864766889314      
   255.744982519719436750509652242664525      
   255.438929062202304319673977091349515      
   255.121965675201775193482517214823681      
   254.793776877487282578956309487967938      
   254.454023538246312826103042048343340      
   254.102348804867159720709289912766840      
   253.738384410699108698544628852841610      
   253.361757077270528447329641463191673      
   252.972094748033809875189871028829504      
   252.569032426018981303796287477592965      
   252.152217430806363809191990700877997      
   251.721313936516381214714733921994283      
   251.276006698429234020917653145553599      
   250.816003918673811533982923475388025      
   250.341039239335424333754759248195730      
   249.850872883276177790320598949197721      
   249.345291988526379245342512505048638      
   248.824110201359509972384117210906424      
   248.287166606517665353461522091616299      
   247.734324081135877846041447105353721      
   247.165467162468475204423793266318099      
   246.580499519333498875744086584612177      
   245.979341114034339583724208098395089      
   245.361925136111322654384520622664441      
   244.728194782265543638601857049257654      
   244.078099948743564615373235394889375      
   243.411593893845756271449085278429585      
   242.728629919407456411202676161717640      
   242.029158111404194199795843090644094      
   241.313122171479778674005841274022312      
   240.580456363355776217917492798066876      
   239.831082590862907561326664733184979      
   239.064907617805315612705369608859707      
   238.281820434053803166700458363326153      
   237.481689767162864841694567680568738      
   236.664361734391460279328684595790088      
   235.829657626236742119096952648646667      
   234.977371809406592561263936293122144      
   234.107269734497338350178958813438798      
   233.219086031436212569531688113751421      
   232.312522673923293040524251109504926      
   231.387247192589734177899121732078069      
   230.442890915306158327426935861878751      
   229.479047211955442494964786959317476      
   228.495269719957325248062731095326283      
   227.491070525829794687067011133523530      
   226.465918277027884207500339417511822      
   225.419236197145067517141547948421057      
   224.350399976230864881954296931404292      
   223.258735506398686869934619088463096      
   222.143516430997529819494992844733856      
   221.003961473320806732972183596133768      
   219.839231508036067850739041547466320      
   218.648426335141966263493256980503514      
   217.430581112178007300832726118665667      
   216.184662395493425677895760988859375      
   214.909563735463504068380323462000273      
   213.604100763431365931307851576081974      
   212.267005699616670916237949570069750      
   210.896921200981303998820457679325865      
   209.492393455723710294079879538511426      
   208.051864416247297706320874787644541      
   206.573663044567162878000666319021770      
   205.055995422495818593208379989358307      
   203.496933552713439410825223434123536      
   201.894402644881548298276948216144098      
   200.246166641891248532683141707000143      
   198.549811693339943673010377860124747      
   196.802727224062827472019734331392687      
   195.002084171954003715200948334394098      
   193.144809877392088835994275113292221      
   191.227558991032008012989647860131576      
   189.246679620464874649582723180137506      
   187.198173749740946653155016112465886      
   185.077650726049130078968151238412015      
   182.880272297134019133756196622727408      
   180.600687276582062302427615819553880      
   178.232953377149249452735468323311376      
   175.770443035328924671124837052912862      
   173.205729081876992920032201220759275      
   170.530444788214873359696924905374758      
   167.735110981290230374203136705733180      
   164.808920332445558245791068448171708      
   161.739465221874955440026510117392885      
   158.512390177880538386893494876074270      
   155.110941845881300330045838820527834      
   151.515377182587901768508645666687226      
   147.702171390567664311979092346124468      
   143.642936193100887663585658998646523      
   139.302907491752178991519981965765344      
   134.638772027899823281262814761847040      
   129.595440359726013537724140801544328      
   124.101062723376894681946440297015395      
   118.058950480808931595739844857907309      
   111.333669183196800024092747116962252      
   103.725178412365454576270029307524968      
   94.9155395821236736002616393848491969      
   84.3418386176109869325006372948317608      
   70.8143881019048463448395527996320394      
   50.7021194105152695407451657382031891      
   1.06868697170184002362312295109660379E-0004
   1.02105504718123739300673239273589110E-0004
   9.84663319963978246023183957119830270E-0005
   9.76358727163883114970319895533850027E-0005
   1.01842570871010460626783568234046578E-0004
   1.13059038199965062899456292795292169E-0004
