-11.96666666666666666666666666666	0.4018748366472646568547077202574
-11.93333333333333333333333333332	0.4018250077169428398520061487986
-11.9	0.4017783232517011388308628898559
-11.86666666666666666666666666667	0.4017346361394043094616860469487
-11.83333333333333333333333333333	0.4016938052334411931743204567805
-11.79999999999999999999999999999	0.4016556951178308684526571979353
-11.76666666666666666666666666666	0.4016201758816227161315926736457
-11.73333333333333333333333333332	0.4015871229021990823139698226384
-11.70000000000000000000000000001	0.4015564166371069948327850136907
-11.66666666666666666666666666666	0.4015279424240623183428209555328
-11.63333333333333333333333333334	0.4015015902887858552226823720218
-11.59999999999999999999999999999	0.4014772547603462499361120901296
-11.56666666666666666666666666667	0.4014548346936991679754147465392
-11.53333333333333333333333333332	0.4014342330991261307127770074157
-11.5	0.4014153569782896271447457858337
-11.46666666666666666666666666666	0.4013981171666337242851501084158
-11.43333333333333333333333333334	0.4013824281818713904024389288436
-11.4	0.4013682080783111588216424067977
-11.36666666666666666666666666666	0.4013553783067866228834915415062
-11.33333333333333333333333333334	0.4013438635799625919816606562658
-11.29999999999999999999999999999	0.4013335917428015803379213073255
-11.26666666666666666666666666667	0.4013244936479836691550041320739
-11.23333333333333333333333333334	0.4013165030360817027008208820226
-11.2	0.4013095564203022723331237736497
-11.16666666666666666666666666667	0.4013035929756110310292143893676
-11.13333333333333333333333333333	0.40129855443206858513020462711
-11.1	0.401294384972210549267150259869
-11.066666666666666666666666666671	0.4012910311323123433438115272095
-11.033333333333333333333333333338	0.4012884417073859746197507400699
-10.999999999999999999999999999996	0.4012865676597624000912514042006
-10.966666666666666666666666666665	0.4012853620311191203665055732361
-10.933333333333333333333333333329	0.4012847798578184311215011395701
-10.9	0.4012847780894272662623392245725
-10.866666666666666666666666666671	0.4012853155102948216268509087375
-10.833333333333333333333333333334	0.4012863526640691622246392357017
-10.799999999999999999999999999998	0.4012878517810388017759401706926
-10.766666666666666666666666666669	0.4012897767081898121306103200779
-10.733333333333333333333333333331	0.4012920928418733829024384265221
-10.7	0.401294767062982918621930278245
-10.666666666666666666666666666668	0.401297767674543741621878438879
-10.633333333333333333333333333335	0.401301064341622272932616797583
-10.600000000000000000000000000004	0.4013046280334651993914534684256
-10.566666666666666666666666666664	0.4013084309677826112044539384297
-10.53333333333333333333333333333	0.4013124465570924181341310755747
-10.500000000000000000000000000002	0.4013166493570465317053393070922
-10.466666666666666666666666666667	0.4013210150166623422993058953997
-10.433333333333333333333333333331	0.4013255202303859303486160957521
-10.399999999999999999999999999999	0.401330142691916236302142429894
-10.366666666666666666666666666665	0.4013348610497220805099765853934
-10.333333333333333333333333333332	0.4013396548641864772819993444703
-10.299999999999999999999999999999	0.401344504566315132395081720545
-10.266666666666666666666666666668	0.4013493914179596932697417054507
-10.233333333333333333333333333333	0.4013542974734302175425326306992
-10.2	0.4013592055425941046238635213288
-10.166666666666666666666666666666	0.4013640991552576863670947297143
-10.133333333333333333333333333332	0.4013689625267729463559531958962
-10.099999999999999999999999999998	0.4013737805249725624395034570522
-10.066666666666666666666666666668	0.4013785386382351713111141635181
-10.033333333333333333333333333333	0.4013832229446968186638152696164
-10.000000000000000000000000000002	0.4013878200825530722389787759241
-9.966666666666666666666666666668	0.40139231722140817472481909311
-9.933333333333333333333333333333	0.4013967020346291485342384550288
-9.9	0.4014009626726642369366981817969
-9.866666666666666666666666666667	0.401405087737286478468568448273
-9.833333333333333333333333333332	0.4014090662567245664980224684619
-9.799999999999999999999999999999	0.4014128876618644471052569898938
-9.766666666666666666666666666666	0.401416541762162712269981000276
-9.733333333333333333333333333333	0.4014200187243361001693146622142
-9.700000000000000000000000000001	0.4014233090506804910107744923348
-9.666666666666666666666666666666	0.4014264035570056451508910852369
-9.633333333333333333333333333334	0.40142929335325931377515795804865
-9.6	0.40143196982368574166076679637203
-9.566666666666666666666666666666	0.4014344246076424971387527834576
-9.533333333333333333333333333333	0.40143664958199749450708718219985
-9.5	0.40143863684231464445720200749491
-9.466666666666666666666666666667	0.40144037868560547047058113679001
-9.433333333333333333333333333334	0.40144186759456446538841317436083
-9.4	0.4014430962205071528486602686337
-9.366666666666666666666666666666	0.40144405736780485229025777525571
-9.333333333333333333333333333332	0.40144474397854936984212676482611
-9.3	0.40144514911763698934944906401341
-9.266666666666666666666666666667	0.40144526595827919611256474829925
-9.233333333333333333333333333334	0.40144508776788866557662284911086
-9.2	0.40144460789432532812767321514717
-9.166666666666666666666666666666	0.4014438197526192272333441548328
-9.133333333333333333333333333334	0.40144271681136606727981820701238
-9.099999999999999999999999999999	0.40144129258060989654910246968631
-9.066666666666666666666666666667	0.4014395405993464097739784078707
-9.033333333333333333333333333334	0.40143745442264657656513510693585
-9.000000000000000000000000000001	0.40143502761021952299856377533804
-8.966666666666666666666666666666	0.40143225371454736289103719110139
-8.933333333333333333333333333334	0.40142912626937082397472928955646
-8.9	0.4014256387783783612832805095731
-8.866666666666666666666666666667	0.40142178470408292474190110567624
-8.833333333333333333333333333333	0.4014175574568685941853713430574
-8.799999999999999999999999999999	0.40141295038419441044416936667178
-8.766666666666666666666666666667	0.40140795675993957861632320569294
-8.7333333333333333333333333333329	0.4014025697738757427603475165991
-8.6999999999999999999999999999996	0.4013967825212521356468996570865
-8.6666666666666666666666666666665	0.40139058799247964908723339429114
-8.6333333333333333333333333333336	0.40138397906290037797523470162195
-8.6000000000000000000000000000004	0.40137694848262784168838717513468
-8.5666666666666666666666666666662	0.40136948886644770847060124451249
-8.5333333333333333333333333333337	0.40136159268376407666572384697352
-8.4999999999999999999999999999999	0.40135325224857147471039031083282
-8.4666666666666666666666666666664	0.4013444597094582999461476531882
-8.4333333333333333333333333333334	0.40133520703961274316373672520323
-8.4000000000000000000000000000002	0.40132548602681688314816601344179
-8.3666666666666666666666666666667	0.4013152882633745813003739342213
-8.3333333333333333333333333333336	0.40130460513629831101559799644863
-8.2999999999999999999999999999998	0.40129342781692388232201896256208
-8.2666666666666666666666666666667	0.40128174725077080779864293362968
-8.2333333333333333333333333333335	0.40126955414763296782442136400155
-8.2000000000000000000000000000003	0.40125683897105323940261711583749
-8.1666666666666666666666666666665	0.4012435919280075863189381872654
-8.133333333333333333333333333333	0.40122980295843158096649594583962
-8.1000000000000000000000000000001	0.40121546172463341578539368932055
-8.0666666666666666666666666666666	0.40120055760058334756976484068302
-8.033333333333333333333333333333	0.40118507966106231211357295189379
-7.9999999999999999999999999999997	0.40116901667066923771026466163178
-7.9666666666666666666666666666666	0.40115235707266741991367662583086
-7.9333333333333333333333333333335	0.40113508897765754445773872974185
-7.8999999999999999999999999999998	0.40111720015207018600554170810737
-7.8666666666666666666666666666666	0.40109867800646278156741707970467
-7.8333333333333333333333333333333	0.40107950958361385270266956016101
-7.7999999999999999999999999999999	0.40105968154639311733648288998842
-7.7666666666666666666666666666668	0.40103918016540349616106780263355
-7.7333333333333333333333333333332	0.4010179913063909040353643731696
-7.6999999999999999999999999999999	0.40099610041738706658964626010546
-7.6666666666666666666666666666666	0.40097349251561886606296074130216
-7.6333333333333333333333333333335	0.40095015217397431981270788095273
-7.5999999999999999999999999999999	0.40092606350757057268992418080602
-7.5666666666666666666666666666667	0.40090121015962836998854052727908
-7.5333333333333333333333333333333	0.40087557528704846980914390937315
-7.5000000000000000000000000000001	0.40084914154593966563183890025993
-7.4666666666666666666666666666666	0.40082189107663417141622667745247
-7.4333333333333333333333333333334	0.40079380548836775969516029249882
-7.4	0.40076486584358813063954322341447
-7.3666666666666666666666666666667	0.40073505264175931990752747391822
-7.3333333333333333333333333333334	0.40070434580308904728515293501908
-7.3	0.40067272465166979406149989604543
-7.2666666666666666666666666666666	0.40064016789799498057915372872436
-7.2333333333333333333333333333333	0.40060665362148511851732437720509
-7.2	0.400572159252222672522098428696
-7.1666666666666666666666666666667	0.40053666155236954483236185631021
-7.1333333333333333333333333333334	0.40050013659709449493124170386808
-7.1	0.40046255975494651620929263492686
-7.0666666666666666666666666666667	0.40042390566787599733533571549094
-7.0333333333333333333333333333334	0.40038414823062880962729545784266
-7.	0.400343260569620497007582644075858
-6.9666666666666666666666666666667	0.400301215021262946571429107994167
-6.9333333333333333333333333333333	0.40025798310973013155879227146391
-6.9	0.400213535524240387265089480959517
-6.8666666666666666666666666666667	0.400167842095598465552944550935941
-6.8333333333333333333333333333333	0.400120871772211117585685026318046
-6.8	0.400072592595446146070910689406846
-6.7666666666666666666666666666667	0.400022971674354803120099538489714
-6.7333333333333333333333333333333	0.399971975159722259411900912949718
-6.7	0.399919568217419871483496945954124
-6.6666666666666666666666666666667	0.399865715001052666807291002831122
-6.6333333333333333333333333333333	0.399810378623884213188934212841395
-6.6	0.39975352112999599301481805859254
-6.5666666666666666666666666666667	0.39969510346466677943071757556906
-6.5333333333333333333333333333333	0.399635085443948248953913103414798
-6.5	0.399573425723408874433219449266809
-6.4666666666666666666666666666666	0.399510081766023932583045163040076
-6.43333333333333333333333333333333	0.399445009809178542441627637020006
-6.40000000000000000000000000000001	0.399378164830710875334679278517011
-6.36666666666666666666666666666666	0.399309500514105844476271023499152
-6.33333333333333333333333333333332	0.399238969212618377059661655791484
-6.30000000000000000000000000000001	0.399166521912371516671207262014346
-6.26666666666666666666666666666664	0.399092108194515689460283400733287
-6.23333333333333333333333333333334	0.399015676196227722872815930504264
-6.20000000000000000000000000000002	0.398937172570603952915065262070645
-6.16666666666666666666666666666668	0.398856542445457677808985414265809
-6.13333333333333333333333333333334	0.398773729380956773987794986704271
-6.1	0.398688675325956131155050052732873
-6.06666666666666666666666666666668	0.398601320573269755514480407179977
-6.03333333333333333333333333333332	0.398511603713630693308973558960906
-6.00000000000000000000000000000002	0.398419461588363573382195459715908
-5.96666666666666666666666666666667	0.398324829240883177944589926679993
-5.93333333333333333333333333333333	0.398227639866918863660487890211413
-5.89999999999999999999999999999999	0.398127824763470470760674442930227
-5.86666666666666666666666666666666	0.398025313276541864143412406665782
-5.83333333333333333333333333333333	0.39792003274776246244188821359452
-5.80000000000000000000000000000001	0.39781190845979829535290203752722
-5.76666666666666666666666666666666	0.397700863580780317371005468056215
-5.73333333333333333333333333333333	0.397586819107690109399342334355333
-5.7	0.397469693808937452957784033311497
-5.66666666666666666666666666666668	0.397349404166194838651146897865233
-5.63333333333333333333333333333333	0.397225864315636401627291054565516
-5.6	0.397098985988866524917233582120657
-5.56666666666666666666666666666666	0.396968678453569515620925209492231
-5.53333333333333333333333333333334	0.396834848454289401711370089036678
-5.49999999999999999999999999999999	0.396697400153565054577130784516162
-5.46666666666666666666666666666666	0.396556235073649125745048998099859
-5.43333333333333333333333333333332	0.396411252039210933482006764321188
-5.40000000000000000000000000000001	0.396262347121350434086703448553917
-5.36666666666666666666666666666667	0.39610941358327740403061799839213
-5.33333333333333333333333333333333	0.395952341828118536268964025462749
-5.3	0.395791019349150984751325768713711
-5.26666666666666666666666666666667	0.395625330682923669562441731334781
-5.23333333333333333333333333333334	0.395455157365737993020893591618126
-5.19999999999999999999999999999999	0.395280377893747630138298748756056
-5.16666666666666666666666666666667	0.39510086768711874926630525552857
-5.13333333333333333333333333333334	0.394916499058612002279089265129404
-5.1	0.394727141186764406187223229248207
-5.06666666666666666666666666666667	0.394532660093910291693155152951062
-5.03333333333333333333333333333333	0.394332918629164268824924057990827
-5.	0.394127776456294950251241830813353
-4.96666666666666666666666666666666	0.393917090046380979918391058574761
-4.93333333333333333333333333333334	0.39370071267493875182900643971479
-4.9	0.39347849442299227884584740774273
-4.86666666666666666666666666666666	0.393250282181445209569296465288773
-4.83333333333333333333333333333333	0.393015919657788131639915475759223
-4.80000000000000000000000000000001	0.39277524738400190009330794633331
-4.76666666666666666666666666666667	0.392528102724265991498923357933048
-4.73333333333333333333333333333333	0.392274319880727333846263545240168
-4.7	0.392013729895398208810149451701069
-4.66666666666666666666666666666667	0.391746160645952441427262617817436
-4.63333333333333333333333333333334	0.391471436832870060770994129179612
-4.6	0.391189379955201521448818189710883
-4.56666666666666666666666666666667	0.39089980827194204036677651969749
-4.53333333333333333333333333333333	0.390602536745815290186262394627722
-4.5	0.390297376966145751128030722194551
-4.46666666666666666666666666666666	0.389984137047389414931175820165878
-4.43333333333333333333333333333333	0.389662621499886248293079920893455
-4.4	0.389332631069443203246322415521301
-4.36666666666666666666666666666667	0.388993962542527973996706222965547
-4.33333333333333333333333333333333	0.388646408514130797234564227311576
-4.3	0.388289757115709116518768789469936
-4.26666666666666666666666666666667	0.387923791701118540933319947262504
-4.23333333333333333333333333333333	0.3875482904891063935048757650546297
-4.2	0.3871630261616624706065632609591085
-4.16666666666666666666666666666667	0.3867677654184238568882354869679745
-4.133333333333333333333333333333332	0.3863622684883610043741590100530725
-4.1	0.3859462886010964065388677330483101
-4.066666666666666666666666666666668	0.3855195714214678664647428586805498
-4.033333333333333333333333333333335	0.3850818544522813041980792504269835
-4.	0.3846328664116131301970897355366715
-3.966666666666666666666666666666666	0.3841723265925027260210660426575095
-3.933333333333333333333333333333334	0.3836999442143368857875728142910714
-3.9	0.3832154177767003705419587198298542
-3.866666666666666666666666666666667	0.3827184344279031142888747831434693
-3.833333333333333333333333333333332	0.3822086693616844783008712485245466
-3.800000000000000000000000000000002	0.3816857852567930559092854425649138
-3.766666666666666666666666666666668	0.3811494317751327959961642453874858
-3.733333333333333333333333333333332	0.3805992451349127635462619637669275
-3.699999999999999999999999999999999	0.3800348477757134426672677478446039
-3.666666666666666666666666666666667	0.3794558481325044342595953020315148
-3.633333333333333333333333333333332	0.3788618405353974126957463510052151
-3.599999999999999999999999999999999	0.3782524052512251625193053369033062
-3.566666666666666666666666666666668	0.3776271086818949846995289883235081
-3.533333333333333333333333333333333	0.3769855037328009113084470214547652
-3.5	0.3763271303624136388055742826771073
-3.466666666666666666666666666666667	0.3756515163214846191957784400537585
-3.433333333333333333333333333333332	0.3749581780870870694051125840496522
-3.4	0.3742466219930375360530307477326796
-3.366666666666666666666666666666668	0.373516345554120377983297787839587
-3.333333333333333333333333333333333	0.3727668389770631889523934360002483
-3.300000000000000000000000000000001	0.3719975868464708051001062614050814
-3.266666666666666666666666666666667	0.3712080699690459663794040429332415
-3.233333333333333333333333333333333	0.3703977673545482052032465176562983
-3.2	0.369566158307229182351689186851828
-3.166666666666666666666666666666667	0.368712724597117805898087996760195
-3.133333333333333333333333333333332	0.3678369526766897300345527440374273
-3.100000000000000000000000000000001	0.3669383359053366203313794956432626
-3.066666666666666666666666666666667	0.3660163767418373519411450099909118
-3.033333333333333333333333333333334	0.3650705888638701490426481903319475
-2.999999999999999999999999999999999	0.3641004991736468317700612389496472
-2.966666666666666666666666666666666	0.3631056496500797021733383666992479
-2.933333333333333333333333333333334	0.3620855990105562480581401192097238
-2.9	0.3610399241494064210069254262041567
-2.866666666666666666666666666666666	0.3599682213254177518217663010167928
-2.833333333333333333333333333333333	0.3588701070771802904216019351867069
-2.800000000000000000000000000000001	0.3577452188524426690050822394375839
-2.766666666666666666666666666666667	0.3565932153458021571699484343945879
-2.733333333333333333333333333333334	0.3554137765476785626759808039269964
-2.7	0.3542066035163297419995497403746716
-2.666666666666666666666666666666666	0.3529714178933592047075880440706775
-2.633333333333333333333333333333333	0.3517079611914408365589462071751707
-2.6	0.3504159938905542446753263283038137
-2.566666666666666666666666666666666	0.349095294385644922450422255321068
-2.533333333333333333333333333333333	0.3477456578340922630151952841300588
-2.5	0.3463668949555248774519419377476172
-2.466666666666666666666666666666667	0.3449588308392860277292653201890732
-2.433333333333333333333333333333334	0.3435213038161803781366327998639799
-2.400000000000000000000000000000001	0.342054164451039103702298581640321
-2.366666666666666666666666666666667	0.3405572747111991564592048113118928
-2.333333333333333333333333333333334	0.3390305073632945570553936925828341
-2.300000000000000000000000000000001	0.3374737456469271512512932714594871
-2.266666666666666666666666666666667	0.3358868832689560294675189094895066
-2.233333333333333333333333333333334	0.3342698247564387020021894795902012
-2.2	0.3326224861997812486783153523372889
-2.166666666666666666666666666666667	0.3309447964104759430518041906981572
-2.133333333333333333333333333333333	0.3292366985099493742063646737791719
-2.1	0.3274981519574719404801310354504478