-11.96666666666666666666666666667	0.4017479907764760460291494210664
-11.93333333333333333333333333333	0.4017045490153001896215213745917
-11.9	0.4016640061530120737144218525032
-11.86666666666666666666666666667	0.4016262247914151126046108827416
-11.83333333333333333333333333333	0.4015910731285477141745250915649
-11.80000000000000000000000000001	0.4015584247387921496548782292507
-11.76666666666666666666666666667	0.4015281583616182674175096119169
-11.73333333333333333333333333334	0.4015001576983774001284473714306
-11.7	0.4014743112181679676640873653064
-11.66666666666666666666666666667	0.4014505119692383648243217060279
-11.63333333333333333333333333334	0.4014286573988572604923879601311
-11.6	0.4014086491813068105527047894144
-11.56666666666666666666666666666	0.4013903930505063311601939843405
-11.53333333333333333333333333334	0.4013737986402365429532717992605
-11.5	0.4013587793303025544948124247308
-11.46666666666666666666666666667	0.4013452520986207974911504267785
-11.43333333333333333333333333333	0.4013331373789910087447980787437
-11.4	0.4013223589243247234365616436889
-11.36666666666666666666666666667	0.4013128436751116223496559634427
-11.33333333333333333333333333334	0.4013045216329144858056018733105
-11.3	0.4012973257386924721672008204674
-11.26666666666666666666666666667	0.4012911917557609806021955356403
-11.23333333333333333333333333334	0.4012860581572044972236343107928
-11.2	0.4012818660175665806635668576648
-11.16666666666666666666666666667	0.401278558908648536583640430741
-11.13333333333333333333333333333	0.4012760827992553786713155108747
-11.1	0.4012743859587343935643467565911
-11.06666666666666666666666666667	0.4012734188641580352705322158917
-11.03333333333333333333333333333	0.4012731341110089866022202087134
-11.	0.4012734863272310557367433387424
-10.966666666666666666666666666668	0.4012744320905151393046357381826
-10.933333333333333333333333333333	0.4012759298486947927588725822493
-10.900000000000000000000000000003	0.4012779398431310168458825333379
-10.866666666666666666666666666666	0.4012804240349707078028424440772
-10.833333333333333333333333333332	0.4012833460341678398375265085982
-10.799999999999999999999999999998	0.4012866710311608622909575458071
-10.766666666666666666666666666669	0.4012903657311040108815070145847
-10.733333333333333333333333333332	0.4012943982905542622666256382515
-10.700000000000000000000000000001	0.4012987382565195130115858433623
-10.666666666666666666666666666665	0.4013033565077772466241339628487
-10.633333333333333333333333333331	0.4013082251983764738286173632761
-10.599999999999999999999999999998	0.4013133177032390995081153453865
-10.566666666666666666666666666666	0.4013186085657800921225348915241
-10.533333333333333333333333333333	0.4013240734474689149011030906281
-10.5	0.4013296890792576293282327637519
-10.466666666666666666666666666667	0.4013354332148039066581141781657
-10.433333333333333333333333333332	0.4013412845854198883372227582459
-10.4	0.4013472228566804269054656649885
-10.366666666666666666666666666666	0.4013532285866267205056127850017
-10.333333333333333333333333333334	0.4013592831855037315967825426223
-10.300000000000000000000000000001	0.401365368876972058614684988664
-10.266666666666666666666666666668	0.4013714686607371126714152720353
-10.233333333333333333333333333333	0.401377566276540544225795421914
-10.2	0.4013836461694608710422407605322
-10.166666666666666666666666666666	0.401389693456486527246055304724
-10.133333333333333333333333333334	0.4013956938942242202850079416277
-10.1	0.4014016338479046809188075362729
-10.066666666666666666666666666666	0.4014075002614234959893217702146
-10.033333333333333333333333333333	0.4014132806283814039654463324519
-9.999999999999999999999999999999	0.401418962964291071403954820626
-9.966666666666666666666666666668	0.4014245357796927783777172479037
-9.933333333333333333333333333333	0.4014299880542340134251603050875
-9.900000000000000000000000000001	0.4014353092113184327267792879845
-9.866666666666666666666666666667	0.4014404890953437950765041167006
-9.833333333333333333333333333334	0.4014455179466526530159109763112
-9.800000000000000000000000000001	0.4014503863790650819748316909629
-9.766666666666666666666666666667	0.4014550853598805139227084671038
-9.733333333333333333333333333333	0.4014596061874764382294749007851
-9.699999999999999999999999999999	0.4014639404713769229222582563721
-9.666666666666666666666666666667	0.401468080112640359763519433477
-9.633333333333333333333333333333	0.4014720172848939660836419390446
-9.599999999999999999999999999999	0.4014757444159893114078682473512
-9.566666666666666666666666666666	0.40147925417024326517294020458875
-9.533333333333333333333333333334	0.40148253943124572598245849093639
-9.5	0.40148559328521085583712431249016
-9.466666666666666666666666666666	0.40148840900483838310667919449268
-9.433333333333333333333333333333	0.40149098003366672676432764236266
-9.4	0.40149329997089347594784371933447
-9.366666666666666666666666666667	0.40149536255664072026244316168746
-9.333333333333333333333333333334	0.40149716165764340285496808413783
-9.3	0.40149869125333951592304253754579
-9.266666666666666666666666666666	0.40149994542234157778882023728566
-9.233333333333333333333333333334	0.40150091832926942355557183828459
-9.2	0.40150160421192490380259410066047
-9.166666666666666666666666666667	0.40150199736878962281305603076404
-9.133333333333333333333333333333	0.40150209214682736189027153893403
-9.1	0.40150188292957321043548826212951
-9.066666666666666666666666666666	0.40150136412559402145273296200348
-9.033333333333333333333333333334	0.40150053015669265019293315569
-9.	0.4014993754471804513057376297323
-8.966666666666666666666666666667	0.40149789441329850937055472688533
-8.933333333333333333333333333333	0.40149608145151614181306338580624
-8.9	0.40149393092841844058166328378472
-8.866666666666666666666666666667	0.40149143717069091058139415361735
-8.833333333333333333333333333333	0.40148859445453881760493099620161
-8.8	0.40148539699571619387767087922435
-8.766666666666666666666666666667	0.40148183893961415522733660728215
-8.733333333333333333333333333333	0.40147791435141472415525664266041
-8.7	0.40147361720649953075075927223222
-8.6666666666666666666666666666667	0.40146894138042537807335834481097
-8.6333333333333333333333333333335	0.40146388063986290192929139481384
-8.6000000000000000000000000000001	0.40145842863317941552591458290922
-8.5666666666666666666666666666669	0.40145257888044036404817611152444
-8.5333333333333333333333333333332	0.40144632476440122569315291280976
-8.5000000000000000000000000000001	0.40143965952110972371575976399033
-8.4666666666666666666666666666665	0.40143257623053696098506640304442
-8.4333333333333333333333333333334	0.40142506780720938726832606354897
-8.4000000000000000000000000000002	0.40141712699086109236312773655701
-8.3666666666666666666666666666666	0.40140874633705203791939890110541
-8.3333333333333333333333333333334	0.40139991820775604198270600972091
-8.2999999999999999999999999999998	0.40139063476189348467524459039734
-8.2666666666666666666666666666668	0.4013808879458278987444548930279
-8.2333333333333333333333333333332	0.40137066948377703087704118681794
-8.1999999999999999999999999999999	0.40135997086813542331598100243226
-8.1666666666666666666666666666667	0.40134878334972479573286592104134
-8.1333333333333333333333333333334	0.40133709792795532080192099479668
-8.1000000000000000000000000000001	0.40132490534082775846356662066967
-8.0666666666666666666666666666665	0.40131219605483473138481728722799
-8.0333333333333333333333333333332	0.40129896025470858047417788103813
-8.0000000000000000000000000000001	0.40128518783307262941900614962308
-7.9666666666666666666666666666667	0.40127086837990070453732700090891
-7.9333333333333333333333333333332	0.40125599117174579903482215414087
-7.9000000000000000000000000000001	0.40124054516087866002400292036099
-7.8666666666666666666666666666666	0.40122451896414409889973288247976
-7.8333333333333333333333333333332	0.40120790085167273553814871024694
-7.8000000000000000000000000000001	0.40119067873552084604118667811865
-7.7666666666666666666666666666667	0.40117284015765065273896135684251
-7.7333333333333333333333333333333	0.401154372277985693499991272877
-7.6999999999999999999999999999999	0.40113526186237329950148616253177
-7.6666666666666666666666666666667	0.4011154952697989024981558333756
-7.6333333333333333333333333333334	0.40109505843976323545788822799156
-7.6	0.40107393687918644260406299902422
-7.5666666666666666666666666666666	0.40105211564889315651614463297269
-7.5333333333333333333333333333333	0.4010295793499989393119544765372
-7.5	0.40100631210984953729200464582723
-7.4666666666666666666666666666666	0.4009822975676438409340886826643
-7.4333333333333333333333333333334	0.40095751885967280544035783520779
-7.4000000000000000000000000000001	0.40093195860424199240712656813255
-7.3666666666666666666666666666666	0.40090559888615979836259605464538
-7.3333333333333333333333333333333	0.40087842124092687382212943885641
-7.2999999999999999999999999999999	0.40085040663833755811824575210498
-7.2666666666666666666666666666666	0.40082153546576682022819809976038
-7.2333333333333333333333333333334	0.40079178751108844835069133170401
-7.2	0.40076114194504828638845159811079
-7.1666666666666666666666666666667	0.40072957730320651590444627531562
-7.1333333333333333333333333333333	0.40069707146730615100870319806579
-7.1	0.40066360164628865755242711072915
-7.0666666666666666666666666666666	0.4006291443567074019187966523083
-7.0333333333333333333333333333334	0.40059367540263624278086343913447
-7.	0.40055716985502528275556130088156
-6.9666666666666666666666666666667	0.400519602030507399458811435636773
-6.9333333333333333333333333333333	0.400480945469607804066517758456231
-6.9	0.400441172914415236006698642862528
-6.8666666666666666666666666666666	0.400400256285513831015788322148804
-6.8333333333333333333333333333333	0.400358166658360883214861524242582
-6.8	0.40031487423908606916058909389482
-6.7666666666666666666666666666667	0.400270348339470169145366886858708
-6.7333333333333333333333333333333	0.400224557351318267573083062331847
-6.7	0.400177468720051567020925968085832
-6.6666666666666666666666666666667	0.400129048917646398277498604028313
-6.6333333333333333333333333333333	0.400079263414762326527150759271801
-6.6	0.400028076652030255485136551186883
-6.5666666666666666666666666666667	0.399975452010603047384271222686787
-6.5333333333333333333333333333333	0.399921351781837592676256657663686
-6.5	0.399865737136083514330096533971083
-6.4666666666666666666666666666667	0.399808568090592111945623012051508
-6.4333333333333333333333333333333	0.399749803476501204328012815735483
-6.40000000000000000000000000000001	0.399689400904829980782006903648848
-6.36666666666666666666666666666665	0.39962731673153944112262764141786
-6.33333333333333333333333333333331	0.399563506021472137111674391111558
-6.30000000000000000000000000000002	0.399497922511259558745120630344407
-6.26666666666666666666666666666665	0.399430518571235396550317340105098
-6.23333333333333333333333333333334	0.399361245166089157159288836563366
-6.2	0.399290051814383554431637531108821
-6.16666666666666666666666666666668	0.399216886546954120794632093806455
-6.13333333333333333333333333333335	0.399141695863966462600825699294658
-6.10000000000000000000000000000002	0.399064424690750638673048614025216
-6.06666666666666666666666666666669	0.398985016332441443658860081065339
-6.03333333333333333333333333333333	0.398903412427198101001476624346526
-6.00000000000000000000000000000002	0.398819552898100342091270871292254
-5.96666666666666666666666666666667	0.398733375903793565975126944272442
-5.93333333333333333333333333333333	0.398644817787667889159889178924419
-5.9	0.398553813025765057761972651262944
-5.86666666666666666666666666666666	0.398460294173393662933582561555483
-5.83333333333333333333333333333333	0.398364191810290453280607627598951
-5.79999999999999999999999999999998	0.398265434484636744785650038157935
-5.76666666666666666666666666666668	0.398163948655817607184863830080916
-5.73333333333333333333333333333333	0.398059658636012637738814667697288
-5.70000000000000000000000000000001	0.397952486530706286638836935937459
-5.66666666666666666666666666666667	0.397842352178265750795106684669998
-5.63333333333333333333333333333334	0.397729173088703414516812400912092
-5.59999999999999999999999999999999	0.397612864381704705484924079749164
-5.56666666666666666666666666666666	0.397493338724219533763884907632103
-5.53333333333333333333333333333333	0.397370506267696015301460207746271
-5.5	0.397244274585301966614666416348817
-5.46666666666666666666666666666666	0.397114548609317126295195014481336
-5.43333333333333333333333333333333	0.396981230568982590150729899211125
-5.4	0.396844219929175690714426526448479
-5.36666666666666666666666666666666	0.396703413330170479876033409951507
-5.33333333333333333333333333333333	0.396558704528881530035533883194238
-5.3	0.396409984341932791354215129006873
-5.26666666666666666666666666666666	0.396257140590931776135571479122632
-5.23333333333333333333333333333334	0.39610005805039053923526558733053
-5.2	0.395938618398546395363537185343033
-5.16666666666666666666666666666667	0.395772700171530101300342967123269
-5.13333333333333333333333333333334	0.395602178721231929132734257757071
-5.1	0.395426926177069246930376721406681
-5.06666666666666666666666666666667	0.395246811411947973693323612502892
-5.03333333333333333333333333333333	0.395061700012587926471510212499608
-5.	0.394871454254242118349698191130033
-4.96666666666666666666666666666666	0.394675933079791546796680316202476
-4.93333333333333333333333333333333	0.394474992083045471837063030727351
-4.9	0.39426848349588680623981156966324
-4.86666666666666666666666666666666	0.394056256178808958401011383960823
-4.83333333333333333333333333333334	0.393838155614091735291808231559599
-4.8	0.393614023900728075560525205805834
-4.76666666666666666666666666666666	0.393383699749942092349170434266696
-4.73333333333333333333333333333333	0.393147018479889571920671648058072
-4.7	0.392903812007861940415917623868577
-4.66666666666666666666666666666667	0.392653908838054987260249705489513
-4.63333333333333333333333333333334	0.392397134042699940981221164795363
-4.6	0.392133309234038476734619076097576
-4.56666666666666666666666666666667	0.391862252524417072786508144610878
-4.53333333333333333333333333333333	0.391583778471503891649933251833729
-4.5	0.391297698005449421175616782508991
-4.46666666666666666666666666666667	0.391003818334635082345088822925361
-4.43333333333333333333333333333333	0.39070194282652096058227223591672
-4.4	0.390391870860116521357842390675297
-4.36666666666666666666666666666667	0.390073397646563309352784934458558
-4.33333333333333333333333333333333	0.389746314014457236839123674830705
-4.3	0.389410406156796132098918854548412
-4.26666666666666666666666666666666	0.389065455336684406903022838392763
-4.23333333333333333333333333333334	0.388711237549445291846050029277528
-4.2	0.38834752313933816149014089517501
-4.16666666666666666666666666666667	0.3879740763697606820781846038279886
-4.13333333333333333333333333333333	0.3875906549467061681200688175092326
-4.099999999999999999999999999999998	0.3871970094961728573159794147843055
-4.066666666666666666666666666666666	0.386792882997357122848280992426731
-4.033333333333333333333333333333331	0.3863780101746972586417496292272283
-4.000000000000000000000000000000002	0.3859521168531499928866631284632486
-3.966666666666666666666666666666668	0.3855149192825595050875422030330021
-3.933333333333333333333333333333335	0.3850661234384873721179285212955394
-3.9	0.3846054243084269143218637817605866
-3.866666666666666666666666666666669	0.3841325051739539823367282383522455
-3.833333333333333333333333333333335	0.3836470369009314965602893453596198
-3.799999999999999999999999999999999	0.3831486772514243507489976448837044
-3.766666666666666666666666666666666	0.3826370702324440248917600056730413
-3.733333333333333333333333333333335	0.3821118454979107051218372826242852
-3.700000000000000000000000000000001	0.3815726178213752866577554104800451
-3.666666666666666666666666666666664	0.3810189866578795119486865499055464
-3.633333333333333333333333333333332	0.3804505358139006024314275667808752
-3.600000000000000000000000000000001	0.3798668332445553089040413739911325
-3.566666666666666666666666666666666	0.3792674309970028915724283404936193
-3.533333333333333333333333333333332	0.3786518653183289893929910119991674
-3.5	0.3780196569449939269789714853339209
-3.466666666666666666666666666666666	0.377370311589190701382069596195146
-3.433333333333333333333333333333334	0.3767033206351214396915766233216325
-3.399999999999999999999999999999999	0.3760181620552829076464681058748852
-3.366666666666666666666666666666666	0.3753143015533252084243220385834178
-3.333333333333333333333333333333334	0.374591193935963828736024293601849
-3.300000000000000000000000000000001	0.3738482847118195595696442463156508
-3.266666666666666666666666666666667	0.3730850119100142851883846199302106
-3.233333333333333333333333333333334	0.372300808105977405766803893766554
-3.2	0.37149510263634487197326254005038
-3.166666666666666666666666666666666	0.3706673239792373544880971571519169
-3.133333333333333333333333333333334	0.3698169022707700856982916811769985
-3.1	0.3689432719235840816499929130534993
-3.066666666666666666666666666666667	0.3680458743087382011831776802825319
-3.033333333333333333333333333333334	0.3671241604586653757133584338923171
-3.	0.3661775937463138520723012396281874
-2.966666666666666666666666666666666	0.3652056524942580082639244848755541
-2.933333333333333333333333333333334	0.3642078324676259952669839928717772
-2.9	0.3631836492062826254400601459442954
-2.866666666666666666666666666666666	0.3621326401548717364881093810308944
-2.833333333333333333333333333333334	0.3610543665540545064689961211149165
-2.800000000000000000000000000000001	0.359948415062491320068985385090181
-2.766666666666666666666666666666667	0.3588143990866483891064046769282463
-2.733333333333333333333333333333334	0.3576519598041376117506836671492836
-2.699999999999999999999999999999999	0.3564607668757197778097832730262313
-2.666666666666666666666666666666667	0.355240518850987303316388241653379
-2.633333333333333333333333333333333	0.3539909432827129736881663587625828
-2.599999999999999999999999999999999	0.3527117965745200197681708557607387
-2.566666666666666666666666666666666	0.3514028635955277374698418914645525
-2.533333333333333333333333333333333	0.350063957103583188958080692838679
-2.5	0.3486949170253172740633375623852492
-2.466666666666666666666666666666667	0.347295609646297498417318761733313
-2.433333333333333333333333333333333	0.3458659267678089967779733224753978
-2.400000000000000000000000000000001	0.3444057848881686818772165975844918
-2.366666666666666666666666666666667	0.3429151244659185288483453464720494
-2.333333333333333333333333333333334	0.3413939093197694137564176626919358
-2.300000000000000000000000000000001	0.3398421262158443598382993042708209
-2.266666666666666666666666666666668	0.3382597846867000866023860404010755
-2.233333333333333333333333333333334	0.3366469171189107552064649074589683
-2.199999999999999999999999999999999	0.3350035791367871813444247672967889
-2.166666666666666666666666666666666	0.3333298502991758510350828808676815
-2.133333333333333333333333333333333	0.33162583511428557911384202495163
-2.1	0.3298916643641085168284867361810147