-11.966666666666666666666666666661	0.4031020641488106861104893985299
-11.93333333333333333333333333334	0.403039960984256212325922500103
-11.900000000000000000000000000005	0.4029811684123937260600379122971
-11.866666666666666666666666666672	0.4029255481478047054276147384468
-11.833333333333333333333333333335	0.4028729674383239409991531802843
-11.799999999999999999999999999997	0.4028232988478591344831184235181
-11.766666666666666666666666666673	0.40277642004810945100790723607701
-11.733333333333333333333333333331	0.40273221361878186390271676935178
-11.700000000000000000000000000003	0.40269056685592467267371087757465
-11.66666666666666666666666666666	0.40265137158801692152620350780297
-11.633333333333333333333333333338	0.40261452399947067340874386421443
-11.600000000000000000000000000004	0.40257992446122027414379509630368
-11.566666666666666666666666666662	0.40254747736808893896407361918407
-11.53333333333333333333333333334	0.4025170909826382715127617056019
-11.499999999999999999999999999997	0.4024886772852207407356026096483
-11.466666666666666666666666666672	0.40246215182996874791914479450812
-11.433333333333333333333333333336	0.4024374336064667646479363669489
-11.400000000000000000000000000004	0.40241444490686515956307823581685
-11.366666666666666666666666666667	0.40239311119820580130491131976157
-11.333333333333333333333333333335	0.40237336099974036780618411122747
-11.299999999999999999999999999996	0.40235512576503254638697931293684
-11.266666666666666666666666666666	0.40233833976864501056665042217826
-11.233333333333333333333333333333	0.40232293999722124152086739180555
-11.2	0.4023088660447809558409941946333
-11.166666666666666666666666666668	0.40229606001205613583860958023804
-11.133333333333333333333333333335	0.40228446640970246133903214414029
-11.099999999999999999999999999999	0.40227403206522833820377152128638
-11.066666666666666666666666666671	0.40226470603349073255313395317727
-11.03333333333333333333333333333	0.40225643951061367313789627976446
-10.999999999999999999999999999996	0.40224918575119159840774606561737
-10.966666666666666666666666666663	0.40224289998864571908685253257113
-10.933333333333333333333333333334	0.40223753935860725979442002736003
-10.9	0.40223306282520685157894185717824
-10.866666666666666666666666666663	0.40222943111015448722446438356049
-10.833333333333333333333333333334	0.40222660662449933788233690949961
-10.800000000000000000000000000002	0.40222455340296337708427958353328
-10.766666666666666666666666666664	0.40222323704074717972382020782425
-10.733333333333333333333333333331	0.40222262463271047155362880873866
-10.700000000000000000000000000002	0.40222268471483401076706602494425
-10.6666666666666666666666666666643	0.40222338720787319822798565653416
-10.6333333333333333333333333333322	0.40222470336311744712758420319851
-10.5999999999999999999999999999986	0.40222660571017280589864036000783
-10.5666666666666666666666666666685	0.40222906800668862913810315984774
-10.5333333333333333333333333333353	0.40223206518995223856350428282594
-10.5000000000000000000000000000004	0.40223557333027851762995819865793
-10.4666666666666666666666666666663	0.40223956958612424685652628755802
-10.4333333333333333333333333333314	0.40224403216085971919929187422717
-10.4000000000000000000000000000022	0.40224894026113278259003926859083
-10.3666666666666666666666666666676	0.40225427405676294626772020530783
-10.3333333333333333333333333333318	0.40226001464210556463086667857435
-10.3000000000000000000000000000009	0.40226614399882838255458558594975
-10.266666666666666666666666666667	0.40227264496004489464417572232826
-10.2333333333333333333333333333321	0.4022795011757510426350920221789
-10.199999999999999999999999999999	0.40228669707951375470864151491184
-10.1666666666666666666666666666681	0.40229421785636172222040537568437
-10.1333333333333333333333333333341	0.40230204941183061733069311519985
-10.0999999999999999999999999999992	0.40231017834211668314577709589831
-10.0666666666666666666666666666663	0.40231859190529427986687659622553
-10.0333333333333333333333333333332	0.40232727799355454953620742277621
-10.000000000000000000000000000001	0.40233622510642387150693570485223
-9.9666666666666666666666666666675	0.40234542232492222380414186516522
-9.9333333333333333333333333333342	0.40235485928662294497338577437644
-9.8999999999999999999999999999994	0.40236452616157670955587761218058
-9.8666666666666666666666666666677	0.40237441362906379055657947776963
-9.8333333333333333333333333333334	0.40238451285513988661201838667656
-9.7999999999999999999999999999995	0.40239481547094194231040607378522
-9.766666666666666666666666666666	0.40240531355172148943294620666005
-9.7333333333333333333333333333324	0.40241599959657408681629337643647
-9.6999999999999999999999999999999	0.40242686650883443901250847204207
-9.6666666666666666666666666666668	0.40243790757710773076675740500039
-9.6333333333333333333333333333327	0.40244911645690862726564639023942
-9.5999999999999999999999999999998	0.40246048715288026075511777911702
-9.5666666666666666666666666666668	0.40247201400156635401855670453448
-9.5333333333333333333333333333341	0.40248369165471042179024274722096
-9.5000000000000000000000000000001	0.40249551506305674382079881235558
-9.4666666666666666666666666666658	0.40250747946062851929531353793713
-9.4333333333333333333333333333339	0.40251958034945929284404306147364
-9.4000000000000000000000000000002	0.40253181348475439646702598700766
-9.3666666666666666666666666666674	0.40254417486045975359868675176823
-9.3333333333333333333333333333331	0.40255666069521586502110097026175
-9.3000000000000000000000000000007	0.40256926741867574616451379468051
-9.2666666666666666666666666666661	0.40258199165816558900414277401365
-9.2333333333333333333333333333327	0.40259483022566752787512911191959
-9.2	0.402607780105104751035700714209356
-9.1666666666666666666666666666668	0.402620838439909156627364214961234
-9.1333333333333333333333333333328	0.402634002520852385396560239699169
-9.1000000000000000000000000000004	0.402647269774121398925684584034757
-9.0666666666666666666666666666669	0.402660637749620109334976400376672
-9.033333333333333333333333333333	0.402674104109478913756707793413359
-9.0000000000000000000000000000002	0.40268766661675428372939973065319
-8.9666666666666666666666666666662	0.402701323124300830086810068285562
-8.9333333333333333333333333333336	0.402715071563798522120213710579578
-8.8999999999999999999999999999995	0.402728909934917967784555476453327
-8.8666666666666666666666666666662	0.402742836294606867331697017624417
-8.8333333333333333333333333333335	0.402756848746480935168008032670348
-8.7999999999999999999999999999996	0.402770945430302744220190745689744
-8.7666666666666666666666666666663	0.402785124511532083889574798120661
-8.7333333333333333333333333333337	0.40279938417093153698531757437161
-8.7000000000000000000000000000003	0.40281372259421107302293128575168
-8.6666666666666666666666666666666	0.402828137961695525097181607703951
-8.633333333333333333333333333333	0.402842628437998865298116598935675
-8.5999999999999999999999999999997	0.402857192161689216215634957831674
-8.5666666666666666666666666666664	0.402871827234928555317433122870643
-8.5333333333333333333333333333336	0.402886531713071029078951275464105
-8.5	0.402901303594203744818459258020931
-8.4666666666666666666666666666668	0.402916140808613900386074678404231
-8.4333333333333333333333333333331	0.40293104120816598274797604597068
-8.4000000000000000000000000000001	0.402946002555572651611905545750705
-8.36666666666666666666666666666672	0.402961022513542677933299411479672
-8.33333333333333333333333333333317	0.402976098633790210365584919144917
-8.29999999999999999999999999999994	0.402991228345886399786599922602564
-8.26666666666666666666666666666658	0.403006408945938531138221711588352
-8.2333333333333333333333333333332	0.403021637585079422942064706823248
-8.20000000000000000000000000000023	0.403036911257747469764577994279068
-8.16666666666666666666666666666687	0.403052226789741794122572657922588
-8.1333333333333333333333333333335	0.403067580826033310061101470983208
-8.09999999999999999999999999999979	0.403082969818314082027907526263833
-8.06666666666666666666666666666679	0.403098390012265836661237865906827
-8.03333333333333333333333333333334	0.403113837434528215058766484018462
-8.00000000000000000000000000000004	0.403129307879348629673896160139521
-7.9666666666666666666666666666666	0.403144796894892764840132673202993
-7.93333333333333333333333333333341	0.403160299769195570764898697535821
-7.90000000000000000000000000000009	0.403175811515732696424468757380267
-7.86666666666666666666666666666665	0.403191326858590536952451003926006
-7.83333333333333333333333333333324	0.403206840217213507857982243423783
-7.79999999999999999999999999999993	0.403222345690706065253945586362288
-7.76666666666666666666666666666675	0.40323783704166672416421846411098
-7.73333333333333333333333333333331	0.403253307679531153286452496732814
-7.70000000000000000000000000000013	0.403268750643394163605608048921264
-7.66666666666666666666666666666657	0.403284158584317095927114746567293
-7.63333333333333333333333333333321	0.403299523747025910810350247957942
-7.59999999999999999999999999999993	0.403314837951040759610854592522862
-7.56666666666666666666666666666664	0.403330092571213108884217731590323
-7.53333333333333333333333333333332	0.403345278517573206322702448040295
-7.49999999999999999999999999999998	0.403360386214527711542799068014315
-7.46666666666666666666666666666664	0.403375405579348977787391317358183
-7.43333333333333333333333333333341	0.403390325999930754618158132566134
-7.39999999999999999999999999999993	0.403405136311783956368528758668754
-7.36666666666666666666666666666662	0.403419824774229006770336904951837
-7.33333333333333333333333333333344	0.403434379045764600664293562532163
-7.3	0.403448786158577763782858612440238
-7.2666666666666666666666666666666	0.403463032492149846337091942271995
-7.23333333333333333333333333333342	0.403477103745934597480164843571178
-7.19999999999999999999999999999997	0.403490984911065695474453869018928
-7.16666666666666666666666666666658	0.403504660241057864361225676866381
-7.13333333333333333333333333333339	0.403518113221461743361595895839084
-7.10000000000000000000000000000002	0.403531326538432345254334955772914
-7.06666666666666666666666666666673	0.403544282046170627462015936357599
-7.03333333333333333333333333333331	0.4035569607331949756929854770094
-7.00000000000000000000000000000006	0.403569342687398813488965128487065
-6.96666666666666666666666666666667	0.403581407059849463929681938343621
-6.93333333333333333333333333333335	0.403593132027282152749465892129771
-6.89999999999999999999999999999997	0.403604494753240701029343761454026
-6.86666666666666666666666666666672	0.403615471347816154450306546323228
-6.83333333333333333333333333333331	0.403626036825932887853485378616824
-6.80000000000000000000000000000003	0.403636165064129858896819797518062
-6.76666666666666666666666666666666	0.403645828755783542917641474646028
-6.73333333333333333333333333333333	0.403654999364717576316191558552237
-6.70000000000000000000000000000003	0.403663647077142129218621055636686
-6.66666666666666666666666666666672	0.403671740751864986969238005493548
-6.63333333333333333333333333333329	0.403679247868714349640933423512832
-6.60000000000000000000000000000001	0.40368613447511163625704813392027
-6.56666666666666666666666666666664	0.4036923651307309179458973046995937
-6.53333333333333333333333333333336	0.403697902850180313049802073913123
-6.49999999999999999999999999999999	0.4037027090436373284976855574996079
-6.46666666666666666666666666666669	0.4037067434553705670379449093729224
-6.43333333333333333333333333333333	0.4037099641000777248482736256194244
-6.39999999999999999999999999999998	0.4037123271969662204970896187404006
-6.36666666666666666666666666666668	0.4037137871015017837530937670138415
-6.33333333333333333333333333333337	0.4037142962347513363648969608585046
-6.3	0.4037138050102411155782867685572648
-6.26666666666666666666666666666666	0.4037122617582495226215308850996056
-6.23333333333333333333333333333333	0.4037096126474549981359068587725611
-6.2	0.4037058016038529372271377266449919
-6.16666666666666666666666666666666	0.4037007702268627068138515068974043
-6.13333333333333333333333333333332	0.403694457702533373923942922573953
-6.09999999999999999999999999999999	0.4036868007137613327819946355768525
-6.066666666666666666666666666666675	0.4036777333474360585946573550572185
-6.033333333333333333333333333333334	0.4036671869984202601618367719631866
-6.000000000000000000000000000000005	0.4036550902702779516293910291738632
-5.966666666666666666666666666666692	0.4036413688726585503286920494425821
-5.933333333333333333333333333333311	0.4036259455152502620094764318014535
-5.899999999999999999999999999999995	0.4036087397982146571205675803755634
-5.866666666666666666666666666666668	0.4035896680990144481986939349125912
-5.833333333333333333333333333333309	0.4035686434555536143741278526691314
-5.799999999999999999999999999999983	0.4035455754455456728843792149764999
-5.766666666666666666666666666666672	0.4035203700620414320978081674616949
-5.733333333333333333333333333333346	0.4034929295850403720906994336349489
-5.7	0.4034631524491240268814638836920052
-5.666666666666666666666666666666671	0.4034309331070631567352945543208515
-5.633333333333333333333333333333338	0.4033961618893542402959448650985699
-5.599999999999999999999999999999998	0.4033587248596523414081938219490082
-5.566666666666666666666666666666655	0.4033185036660922965847452619512438
-5.533333333333333333333333333333337	0.4032753753885059981012789683403372
-5.499999999999999999999999999999993	0.4032292123815557972878138364839347
-5.466666666666666666666666666666664	0.4031798821138421704514149788332477
-5.433333333333333333333333333333348	0.403127247003066001938243905209995
-5.400000000000000000000000000000014	0.4030711642473612229853167008752118
-5.366666666666666666666666666666667	0.40301148565295179777270792338789
-5.333333333333333333333333333333328	0.4029480574583314967708430721282703
-5.299999999999999999999999999999998	0.4028807201552124332142573732709869
-5.266666666666666666666666666666665	0.4028093083065482033041137473252073
-5.233333333333333333333333333333323	0.4027336503619952253646795214816396
-5.200000000000000000000000000000002	0.402653568471248691580374876893236
-5.166666666666666666666666666666661	0.4025688782957677251999786520814803
-5.133333333333333333333333333333327	0.402479388819487681270493183405147
-5.1	0.4023849021592145271583706746830491
-5.066666666666666666666666666666657	0.4022852133754976148488050265118832
-5.03333333333333333333333333333334	0.4021801102848894885359286656822955
-4.999999999999999999999999999999992	0.4020693732746258574874605139926519
-4.966666666666666666666666666666669	0.40195277512088390869295058397289
-4.933333333333333333333333333333335	0.4018300808119216991245266328348272
-4.900000000000000000000000000000007	0.4017010473775492074356377818070094
-4.866666666666666666666666666666667	0.4015654237265318006720306598096601
-4.833333333333333333333333333333326	0.4014229504936931178922345166217404
-4.799999999999999999999999999999996	0.4012733598986508654664794215148685
-4.766666666666666666666666666666673	0.4011163756182881397149350283359318
-4.733333333333333333333333333333335	0.4009517126752310218781222430828843
-4.7	0.4007790773447752238645066626981416
-4.666666666666666666666666666666664	0.4005981670828629054387128842010296
-4.633333333333333333333333333333336	0.4004086704778626366807236838571163
-4.600000000000000000000000000000007	0.4002102672290431080576131409452313
-4.566666666666666666666666666666666	0.4000026281547394456538470605380581
-4.533333333333333333333333333333335	0.3997854152333032026049631459274764
-4.499999999999999999999999999999998	0.3995582816799739348724481953012518
-4.466666666666666666666666666666663	0.3993208720628116795646931211681824
-4.433333333333333333333333333333335	0.3990728224607847970111668635204646
-4.399999999999999999999999999999995	0.3988137606669918676570480916001081
-4.366666666666666666666666666666664	0.3985433064398076331226971304048377
-4.333333333333333333333333333333335	0.3982610718044658365429343323025743
-4.300000000000000000000000000000004	0.3979666614072170420368341658957861
-4.266666666666666666666666666666671	0.3976596729237123306862880392784268
-4.233333333333333333333333333333337	0.3973396975226474940871424485995481
-4.2	0.397006320384960083082134524151152
-4.166666666666666666666666666666666	0.3966591212779713885335377574336438
-4.133333333333333333333333333333332	0.3962976751828052358879446100788563
-4.100000000000000000000000000000002	0.395921552972197413784709540649834
-4.066666666666666666666666666666663	0.3955303221344065319133585255807583
-4.033333333333333333333333333333336	0.3951235475373528842066013679046483
-3.999999999999999999999999999999998	0.3947007922253571101753287723645033
-3.966666666666666666666666666666669	0.394261618238900712994687201106444
-3.933333333333333333333333333333336	0.3938055874457102067518919747687524
-3.900000000000000000000000000000001	0.3933322623691914583807181853914708
-3.866666666666666666666666666666666	0.3928412069977942519450562423764816
-3.833333333333333333333333333333336	0.392331987556328693065250035920174
-3.800000000000000000000000000000001	0.391804173217582991244881004045647
-3.7666666666666666666666666666666676	0.3912573367298413828557929184910556
-3.7333333333333333333333333333333323	0.39069105493311820944801430238279486
-3.6999999999999999999999999999999987	0.39010490913415108051815542636545231
-3.6666666666666666666666666666666658	0.38949848530747242389492756637758257
-3.6333333333333333333333333333333312	0.38887137408727889230993811400517011
-3.5999999999999999999999999999999999	0.38822317051241181897752378537139265
-3.5666666666666666666666666666666673	0.38755347348461864345844493164691136
-3.5333333333333333333333333333333339	0.38686188489851097744355749657015159
-3.4999999999999999999999999999999995	0.38614800840036509143504480258878732
-3.4666666666666666666666666666666653	0.38541144773229466681176785846969482
-3.4333333333333333333333333333333316	0.38465180461854858924324134324347026
-3.4000000000000000000000000000000024	0.38386867615197226016818304774831353
-3.366666666666666666666666666666665	0.38306165164132718160895385312971994
-3.3333333333333333333333333333333344	0.38223030888454337563368329318802409
-3.3000000000000000000000000000000014	0.38137420983954841106001217495396699
-3.266666666666666666666666666666669	0.38049289567361557247916083246469375
-3.2333333333333333333333333333333328	0.37958588118487401941841680237997443
-3.1999999999999999999999999999999982	0.37865264860650168232907981098833723
-3.1666666666666666666666666666666657	0.37769264082605560275371816662394867
-3.1333333333333333333333333333333325	0.3767052540803617429419918924704437
-3.0999999999999999999999999999999994	0.37568983022136180352947660858929916
-3.0666666666666666666666666666666672	0.37464564869124788638391699157515001
-3.0333333333333333333333333333333325	0.37357191839683805415964442325965244
-3.	0.37246776973380037157661260463718027
-2.9666666666666666666666666666666658	0.3713322470807407274524008173535181
-2.9333333333333333333333333333333346	0.370164302160037773969131908450032
-2.8999999999999999999999999999999996	0.36896278874403586630312202668667601
-2.8666666666666666666666666666666675	0.36772645926739639057244755920411116
-2.8333333333333333333333333333333329	0.36645396398253132425305251912635902
-2.8	0.36514385335615218155308233550121554
-2.7666666666666666666666666666666663	0.36379458443965162063623299233737733
-2.7333333333333333333333333333333342	0.36240453194075380485178812655747778
-2.6999999999999999999999999999999984	0.36097200466383012430482223822273434
-2.6666666666666666666666666666666668	0.35949526785694668919019264386434513
-2.6333333333333333333333333333333337	0.35797257179307122349900189400909002
-2.6000000000000000000000000000000005	0.35640218661432127049934803305854752
-2.5666666666666666666666666666666657	0.35478244308366139715466452923427569
-2.5333333333333333333333333333333323	0.35311177843174214674377640156551746
-2.4999999999999999999999999999999994	0.35138878598503139326709131298294748
-2.4666666666666666666666666666666673	0.34961226675651229979740548554356599
-2.4333333333333333333333333333333341	0.34778128072533041604227941643906033
-2.4000000000000000000000000000000001	0.3458951951867175784808331663472476
-2.3666666666666666666666666666666676	0.34395372737665650864243658869880643
-2.3333333333333333333333333333333342	0.34195697861412305950330758162619006
-2.3000000000000000000000000000000003	0.33990545748319143781687461253742827
-2.2666666666666666666666666666666675	0.33780009009480791006785828117492663
-2.2333333333333333333333333333333339	0.33564221618849396351998410135951007
-2.1999999999999999999999999999999993	0.33343357069261936104657311873771907
-2.1666666666666666666666666666666658	0.33117625127159684344567332690033001
-2.1333333333333333333333333333333331	0.32887267325384599116499329373306889
-2.1000000000000000000000000000000003	0.32652551406572354043465143409171641