-11.966666666666666666666666666672	0.4035865202010406230435437067096
-11.933333333333333333333333333333	0.4035150298736251741531469877532
-11.899999999999999999999999999995	0.4034471615261524117170143601234
-11.866666666666666666666666666662	0.4033827691353300677590577573909
-11.833333333333333333333333333333	0.4033217124849452675456335924802
-11.799999999999999999999999999995	0.4032638569379022013873365156071
-11.766666666666666666666666666659	0.4032090732177156826578919927075
-11.733333333333333333333333333335	0.4031572371990251727939537425965
-11.700000000000000000000000000007	0.40310822970671676700715651252616
-11.666666666666666666666666666666	0.40306193632326217179675133930236
-11.63333333333333333333333333334	0.40301824720390395805283223349986
-11.600000000000000000000000000001	0.40297705689933542608776564726784
-11.566666666666666666666666666659	0.40293826418554134989240759237683
-11.533333333333333333333333333338	0.40290177190048275034043315436888
-11.500000000000000000000000000001	0.40286748678732474890210760135313
-11.46666666666666666666666666667	0.40283531934392153789690649560239
-11.433333333333333333333333333328	0.40280518367828662923982879106668
-11.400000000000000000000000000001	0.40277699736978986578626412164934
-11.366666666666666666666666666672	0.40275068133583524873792289694727
-11.333333333333333333333333333338	0.40272615970378549866605280922268
-11.300000000000000000000000000001	0.40270335968791048805609537070886
-11.266666666666666666666666666671	0.40268221147114716160136089367894
-11.233333333333333333333333333332	0.40266264809146880857367759904931
-11.200000000000000000000000000005	0.40264460533267075961751281037833
-11.166666666666666666666666666665	0.4026280216193885269882536603452
-11.13333333333333333333333333333	0.40261283791617311678669709498811
-11.100000000000000000000000000001	0.40259899763045600505740183341919
-11.066666666666666666666666666663	0.40258644651924396338233356518757
-11.033333333333333333333333333335	0.40257513259939108931043717093243
-10.999999999999999999999999999996	0.40256500606130220902109030902878
-10.96666666666666666666666666667	0.40255601918592827827569300758485
-10.933333333333333333333333333335	0.40254812626492053701791937837769
-10.899999999999999999999999999998	0.40254128352381596799640138770656
-10.866666666666666666666666666666	0.4025354490481321586773621518514
-10.833333333333333333333333333336	0.40253058271225489471709691736783
-10.799999999999999999999999999997	0.40252664611100675098113168153964
-10.766666666666666666666666666664	0.40252360249378972524499544899244
-10.733333333333333333333333333335	0.40252141670119944363292994997812
-10.7	0.40252005510401272254355364826277
-10.666666666666666666666666666666	0.40251948554445435273904637886546
-10.6333333333333333333333333333352	0.40251967727965283621748924664073
-10.5999999999999999999999999999983	0.40252060092719848903761482815116
-10.5666666666666666666666666666672	0.40252222841272082923778945271244
-10.5333333333333333333333333333352	0.40252453291940550801119572245672
-10.499999999999999999999999999999	0.40252748883937422320874408766857
-10.4666666666666666666666666666645	0.40253107172685408533992276609344
-10.4333333333333333333333333333331	0.40253525825306579532278930576515
-10.4	0.40254002616276274761252306200248
-10.3666666666666666666666666666684	0.40254535423235579890537928475112
-10.3333333333333333333333333333336	0.40255122222956094789903840275676
-10.299999999999999999999999999998	0.40255761087450956123625959030231
-10.2666666666666666666666666666669	0.40256450180226306146543412488235
-10.2333333333333333333333333333325	0.40257187752673332305351591364384
-10.1999999999999999999999999999992	0.40257972140561438960722284135114
-10.1666666666666666666666666666669	0.4025880176070342804492963017752
-10.1333333333333333333333333333329	0.40259675107726236747641241045346
-10.0999999999999999999999999999985	0.40260590750903418055519409683312
-10.0666666666666666666666666666668	0.40261547331160582979441639809686
-10.033333333333333333333333333334	0.40262543558172432203328468986838
-10.0000000000000000000000000000009	0.40263578207542346402248615931505
-9.9666666666666666666666666666672	0.40264650118091906598640176490303
-9.9333333333333333333333333333335	0.40265758189240680846792304896977
-9.9000000000000000000000000000003	0.40266901378474962588155452696885
-9.8666666666666666666666666666674	0.4026807869890169961072418431858
-9.8333333333333333333333333333331	0.40269289216883979421347548351393
-9.8000000000000000000000000000005	0.40270532049758031820173857385004
-9.766666666666666666666666666666	0.40271806363607782828837965294986
-9.7333333333333333333333333333345	0.40273111371140867814443047009451
-9.6999999999999999999999999999996	0.40274446329616882530544560374029
-9.6666666666666666666666666666673	0.40275810538823314104238533437634
-9.6333333333333333333333333333329	0.40277203339143357963689411542139
-9.6000000000000000000000000000005	0.40278624109666681343206827497715
-9.5666666666666666666666666666666	0.40280072266359665212171089639923
-9.5333333333333333333333333333326	0.4028154726028935964904840304175
-9.500000000000000000000000000001	0.40283048575898218056322154640083
-9.4666666666666666666666666666669	0.4028457572932711379409822101946
-9.4333333333333333333333333333328	0.40286128266784329323827655092749
-9.3999999999999999999999999999993	0.40287705762957786113335656391924
-9.3666666666666666666666666666667	0.4028930781946821108046275755463
-9.3333333333333333333333333333336	0.40290934063360910725853027401904
-9.3	0.40292584145633857549434739819129
-9.2666666666666666666666666666666	0.40294257739799854900323104993673
-9.2333333333333333333333333333331	0.40295954540480594957170513940975
-9.1999999999999999999999999999996	0.4029767426203047003569123812314
-9.1666666666666666666666666666663	0.40299416637188039909134239341667
-9.1333333333333333333333333333335	0.403011814157530973912264037992781
-9.0999999999999999999999999999994	0.40302968363287311133492470153294
-9.0666666666666666666666666666665	0.403047772598364584888473479036262
-9.0333333333333333333333333333338	0.40306607898672292446519154276273
-9.0000000000000000000000000000004	0.403084600850521150846974278984223
-8.9666666666666666666666666666667	0.403103336349948087097825347134301
-8.9333333333333333333333333333332	0.403122283740675053456938416179037
-8.9000000000000000000000000000004	0.403141441361902957773106649068671
-8.8666666666666666666666666666668	0.40316080762447781896240514041908
-8.8333333333333333333333333333336	0.403180380999057709872055700609352
-8.8000000000000000000000000000001	0.403200160004405590605989750329991
-8.7666666666666666666666666666667	0.403220143195696452190188114446955
-8.7333333333333333333333333333334	0.403240329152861251862005022974476
-8.6999999999999999999999999999998	0.40326071646894295848943457605341
-8.6666666666666666666666666666665	0.403281303738444345532757430430477
-8.6333333333333333333333333333332	0.403302089545665350428551917425362
-8.5999999999999999999999999999998	0.403323072452975309515954539989848
-8.566666666666666666666666666667	0.40334425098903949024799329008513
-8.5333333333333333333333333333331	0.403365623636981428501971442629136
-8.5000000000000000000000000000002	0.403387188822426245025029207613147
-8.4666666666666666666666666666669	0.403408944901440065708955168026936
-8.4333333333333333333333333333336	0.403430890148355467462839598927148
-8.3999999999999999999999999999998	0.403453022743419030864225404394106
-8.3666666666666666666666666666665	0.403475340760248956139033964709307
-8.33333333333333333333333333333317	0.403497842153194976530097401574731
-8.30000000000000000000000000000026	0.403520524744425785119530062905439
-8.26666666666666666666666666666662	0.403543386210764023871334927440922
-8.2333333333333333333333333333333	0.40356642407033882954698989977402
-8.19999999999999999999999999999991	0.403589635668941865044404197200385
-8.16666666666666666666666666666647	0.403613018166102416429511803553153
-8.13333333333333333333333333333347	0.403636568520857196781443458025884
-8.10000000000000000000000000000014	0.403660283477193084404060461292291
-8.06666666666666666666666666666667	0.403684159549141977885981460772015
-8.03333333333333333333333333333318	0.403708193005505993281943183918526
-8.0000000000000000000000000000001	0.403732379854190163396176004521216
-7.96666666666666666666666666666649	0.403756715826121252296351566464804
-7.93333333333333333333333333333349	0.403781196358723703862043054003419
-7.90000000000000000000000000000003	0.403805816578951458323465932864755
-7.86666666666666666666666666666652	0.4038305712858061276455895653131
-7.83333333333333333333333333333325	0.403855454932363275238318059699397
-7.80000000000000000000000000000016	0.403880461607254983239246186827338
-7.76666666666666666666666666666677	0.403905585015597813639438196310457
-7.73333333333333333333333333333336	0.403930818459336199449819578807316
-7.70000000000000000000000000000016	0.403956154816940984188784961741558
-7.66666666666666666666666666666681	0.403981586522492640256991102147953
-7.63333333333333333333333333333344	0.404007105544077012995965997923277
-7.59999999999999999999999999999986	0.404032703361479602455660214997055
-7.56666666666666666666666666666656	0.404058370943145382121938057944247
-7.53333333333333333333333333333332	0.404084098722391570863654515842256
-7.50000000000000000000000000000007	0.404109876572770754546915691473438
-7.4666666666666666666666666666667	0.404135693782656019031202029066702
-7.43333333333333333333333333333336	0.404161539028962078161770729763636
-7.39999999999999999999999999999994	0.404187400349916315290974238533378
-7.3666666666666666666666666666667	0.404213265116938300262187851957623
-7.33333333333333333333333333333324	0.404239120005531354330747288481021
-7.30000000000000000000000000000007	0.404264950965165401069982009938371
-7.26666666666666666666666666666671	0.404290743188106766409199574001384
-7.23333333333333333333333333333336	0.404316481077161709589959591065095
-7.19999999999999999999999999999992	0.404342148212286732299214972863559
-7.16666666666666666666666666666664	0.404367727316018929392509541861178
-7.13333333333333333333333333333342	0.404393200217699312253192279155449
-7.09999999999999999999999999999994	0.404418547816421584580114066542776
-7.06666666666666666666666666666674	0.404443750042684226161594702216377
-7.03333333333333333333333333333327	0.404468785818680686604606897212565
-6.99999999999999999999999999999997	0.404493633017171393290053685392567
-6.96666666666666666666666666666662	0.404518268418921543624282352382422
-6.93333333333333333333333333333334	0.404542667668615960919373976487269
-6.89999999999999999999999999999993	0.404566805229210099786069209767933
-6.8666666666666666666666666666666	0.404590654334685363473646018697923
-6.83333333333333333333333333333332	0.404614186941120153962373218901284
-6.80000000000000000000000000000002	0.40463737367602176599388681602181
-6.76666666666666666666666666666668	0.404660183785876634650206158687641
-6.73333333333333333333333333333338	0.404682585081860646324254870744063
-6.70000000000000000000000000000002	0.404704543883626572420684229018753
-6.66666666666666666666666666666672	0.404726024961107482429225452842375
-6.63333333333333333333333333333336	0.404746991474277859536265415214818
-6.59999999999999999999999999999997	0.40476740491081281267616195729162
-6.56666666666666666666666666666672	0.404787225021553382576904380149105
-6.5333333333333333333333333333333	0.40480640975370678140796499298277
-6.49999999999999999999999999999999	0.4048249151817297673856965762803845
-6.46666666666666666666666666666671	0.4048426954358035677770005955961293
-6.43333333333333333333333333333329	0.404859702627803446617227427018971
-6.40000000000000000000000000000002	0.4048758867747129055900229200213419
-6.36666666666666666666666666666669	0.4048911957193937644957356424315053
-6.33333333333333333333333333333332	0.4049055750485924487278628000440873
-6.30000000000000000000000000000001	0.4049189680081405009756444103761244
-6.26666666666666666666666666666667	0.4049313154152314189546120249676156
-6.23333333333333333333333333333331	0.4049425555676790055686353950271907
-6.19999999999999999999999999999999	0.404952624150079069632199307432999
-6.16666666666666666666666666666668	0.4049614541367613007960656156931812
-6.13333333333333333333333333333331	0.4049689756914318226650937758994207
-6.10000000000000000000000000000002	0.4049751160634192142087893079546379
-6.06666666666666666666666666666669	0.4049797994804023004328912909198888
-6.033333333333333333333333333333355	0.4049829470375189026000057334844211
-6.000000000000000000000000000000004	0.4049844765827512060853671252601384
-5.966666666666666666666666666666647	0.4049843025984765845294433720420149
-5.933333333333333333333333333333322	0.404982336079072542001736472768222
-5.899999999999999999999999999999996	0.4049784844044676732290547841029302
-5.866666666666666666666666666666649	0.4049726512095279728262514262246503
-5.833333333333333333333333333333326	0.4049647362491690380716020750384757
-5.800000000000000000000000000000015	0.4049546352590837643301660965411959
-5.766666666666666666666666666666682	0.4049422398119910971521185197635809
-5.733333333333333333333333333333351	0.4049274371692940444804569250306475
-5.700000000000000000000000000000014	0.4049101101280543144902844645676146
-5.666666666666666666666666666666657	0.4048901368632061469892995222479718
-5.633333333333333333333333333333333	0.4048673907649164475649515488770135
-5.599999999999999999999999999999995	0.4048417402710328946014581680666552
-5.566666666666666666666666666666677	0.404813048694561870409623579387484
-5.533333333333333333333333333333349	0.4047811740461427319788976328677439
-5.500000000000000000000000000000017	0.4047459688514974321742062439747552
-5.466666666666666666666666666666668	0.4047072799638650476325779774428152
-5.433333333333333333333333333333333	0.4046649483714560197446909962197987
-5.399999999999999999999999999999999	0.4046188089999899149090521650570758
-5.366666666666666666666666666666659	0.4045686905104274687746070865866328
-5.333333333333333333333333333333338	0.4045144150920399648468093944317247
-5.300000000000000000000000000000001	0.4044557982510237735541738561008568
-5.266666666666666666666666666666661	0.4043926485949133062838586678865363
-5.233333333333333333333333333333343	0.4043247676131152032668960537464813
-5.200000000000000000000000000000011	0.4042519494539724291534488609590171
-5.166666666666666666666666666666659	0.4041739806988344161167689459813571
-5.133333333333333333333333333333346	0.4040906401337186946550583315473276
-5.099999999999999999999999999999991	0.4040016985192522735586257389899123
-5.066666666666666666666666666666661	0.4039069183596996074591125021818809
-5.033333333333333333333333333333324	0.4038060536720200030291697418205249
-5.000000000000000000000000000000003	0.4036988497560422302244628919725184
-4.96666666666666666666666666666667	0.4035850429670121323045591104661207
-4.933333333333333333333333333333327	0.4034643604919350575618675060010659
-4.900000000000000000000000000000009	0.4033365201313456950651978703456329
-4.866666666666666666666666666666674	0.4032012300883406904579407440451479
-4.833333333333333333333333333333325	0.4030581887669276215974776154854761
-4.800000000000000000000000000000003	0.4029070845820107510993689010985993
-4.766666666666666666666666666666664	0.4027475957835774064039717865686332
-4.733333333333333333333333333333326	0.4025793902979268768039722058209737
-4.699999999999999999999999999999997	0.402402125589078435254291027166195
-4.666666666666666666666666666666671	0.4022154485437915461149375053626796
-4.633333333333333333333333333333336	0.4020189953839396572946302454624722
-4.599999999999999999999999999999997	0.4018123916102936000974309236148086
-4.56666666666666666666666666666666	0.4015952519820840705302685380578567
-4.533333333333333333333333333333334	0.4013671805370076156693503471206169
-4.499999999999999999999999999999995	0.4011277706566558706243133707898869
-4.466666666666666666666666666666667	0.4008766051825862072750326041416722
-4.433333333333333333333333333333339	0.4006132565884986350630350451312415
-4.400000000000000000000000000000002	0.400337287214193753641981809317847
-4.366666666666666666666666666666667	0.400048249567080079001983195791035
-4.333333333333333333333333333333332	0.3997456866970742756095464090882609
-4.300000000000000000000000000000002	0.3994291326506943231695709236716561
-4.266666666666666666666666666666669	0.3990981130099937752007981452956545
-4.233333333333333333333333333333333	0.3987521455217000069525215451363076
-4.199999999999999999999999999999997	0.3983907408214749408009879568070371
-4.166666666666666666666666666666663	0.3980134032575979631203668535865906
-4.133333333333333333333333333333338	0.3976196318175362836296982621567602
-4.1	0.3972089211598162958992828607993765
-4.066666666666666666666666666666665	0.3967807627522897449001369566290043
-4.033333333333333333333333333333331	0.396334646116286917093050196370858
-3.999999999999999999999999999999999	0.39587006017425672440242876857176
-3.966666666666666666666666666666666	0.3953864946962598520963569573043031
-3.933333333333333333333333333333336	0.3948834418381098649642334204573917
-3.900000000000000000000000000000004	0.3943603977610321033984902491963691
-3.866666666666666666666666666666664	0.3938168643194051571806192366375672
-3.833333333333333333333333333333334	0.3932523507994855204029876174340843
-3.799999999999999999999999999999998	0.3926663756879680468734698637934316
-3.766666666666666666666666666666667	0.3920584684448198765101349023598026
-3.733333333333333333333333333333337	0.3914281712500669366556706634181782
-3.6999999999999999999999999999999973	0.3907750406890950586434447122451952
-3.6666666666666666666666666666666639	0.3900986493356111039456348367734411
-3.6333333333333333333333333333333335	0.38939858718568918902784943587088917
-3.6000000000000000000000000000000019	0.38867446289033852604922472299785157
-3.5666666666666666666666666666666661	0.38792590472781454857960580349005188
-3.5333333333333333333333333333333314	0.38715256125046936766618572128059827
-3.500000000000000000000000000000001	0.386354101534351957409713815335059
-3.4666666666666666666666666666666666	0.38553021495306246645286636524605661
-3.4333333333333333333333333333333347	0.38468061039060457553319339935032744
-3.4000000000000000000000000000000011	0.38380501480125700881992270066044954
-3.3666666666666666666666666666666692	0.38290317101793052716341941245331322
-3.333333333333333333333333333333333	0.38197483470431039532818664406656508
-3.2999999999999999999999999999999992	0.3810197703406133737924785742975374
-3.2666666666666666666666666666666673	0.38003774612849099090827759007926818
-3.2333333333333333333333333333333326	0.37902852769820016173338565736534387
-3.1999999999999999999999999999999997	0.37799187050161542304827713700962622
-3.1666666666666666666666666666666653	0.3769275107793766507915909407576648
-3.1333333333333333333333333333333325	0.3758351550013607783180906579550005
-3.100000000000000000000000000000001	0.37471446769922972759192669618087256
-3.0666666666666666666666666666666674	0.3735650576412871824807985033114866
-3.0333333333333333333333333333333342	0.37238646234729312390552079201389085
-2.9999999999999999999999999999999991	0.37117813100906812164008636081467807
-2.9666666666666666666666666666666667	0.36993940597716325475964725986525737
-2.9333333333333333333333333333333335	0.36866950310042409034892910236834596
-2.8999999999999999999999999999999996	0.36736749136953958711016383049212887
-2.8666666666666666666666666666666669	0.36603227252192930104102690267978686
-2.8333333333333333333333333333333327	0.36466256151509703012801975050563994
-2.7999999999999999999999999999999996	0.36325686906543791148847798189994821
-2.7666666666666666666666666666666665	0.36181348776848561062869464428191578
-2.7333333333333333333333333333333349	0.36033048364322237832307834295493995
-2.6999999999999999999999999999999995	0.35880569524247757175810649611686311
-2.666666666666666666666666666666666	0.35723674269347952027668624278221642
-2.6333333333333333333333333333333329	0.35562104911213292433963640983720442
-2.6	0.35395587669531710900573634530830144
-2.5666666666666666666666666666666662	0.35223837935900776430789960885501689
-2.5333333333333333333333333333333338	0.3504656729906470065337677104336727
-2.4999999999999999999999999999999997	0.34863492318919807135652192887094549
-2.4666666666666666666666666666666665	0.34674344879880669999478679303878141
-2.4333333333333333333333333333333332	0.34478883770084483746213456233761301
-2.4000000000000000000000000000000001	0.3427690693986846495547811863676405
-2.3666666666666666666666666666666668	0.34068263717099430812116313552533326
-2.3333333333333333333333333333333344	0.33852866128833648224040207775747097
-2.3000000000000000000000000000000012	0.33630698427968537216010404211545762
-2.2666666666666666666666666666666668	0.33401823971669525082680524997633371
-2.2333333333333333333333333333333349	0.33166388752755044941015443246502581
-2.1999999999999999999999999999999998	0.32924621134929262193806808983895936
-2.1666666666666666666666666666666655	0.32676827658557968523691246341316857
-2.1333333333333333333333333333333336	0.32423385122986124289418352229446141
-2.0999999999999999999999999999999992	0.32164729466447832885006027972945386