   591609.045789235643655535397159785201      
   504058.576831260492815796651384948369      
   321274.898441483075677286343005252582      
   173968.694073117725755950442107418636      
   97713.8274275657891650644735215950429      
   58551.2011015623767921930982580614919      
   30971.3149423142979469814961847379673      
   13893.5987546067845324745423446207706      
   6778.65735237918664665994644048253614      
   3430.45090825281426091166131222950195      
   1286.22160077745391983665688614464396      
   562.624542089494748199866137364910889      
   434.045696372845024067869796571024530      
   215.464185902744166987413634185956545      
   108.111858444782566685232905851527328      
   127.457248727712343787199455805836736      
   68.8272573369105529640620639097021976      
   15.7802920155049025296067585775461170      
   41.8359500616804930750918892050869724      
   35.6318923120029506341392200232808654      
   0.00000000000000000000000000000000000      
