   648.309754686122584481348921728312116      
   575.511497185388907561577796826506852      
   424.283720538895698785439298890557322      
   289.933809681848395848434380821837860      
   192.325461774738731110838709413999116      
   116.220338699509215110541983450113342      
   62.2116815490445604615207132849735782      
   33.6301655200044205852579936241454224      
   18.9871520902678974715999148794867282      
   9.52827271154509028602262850242974051      
   5.26534845725664042795326963056872289      
   3.81173226364529508674859789734243445      
   2.51473958481911054786503518122915814      
   1.49682188299012162505329231563030380      
   1.26983539960325536082664529482140955      
  0.824125874889252321234065345887466947      
  0.420120408085173068911982256115831308      
  0.334687600493443944600735113640695788      
  0.300891535079136027577175635752149518      
   0.00000000000000000000000000000000000      
   0.00000000000000000000000000000000000      
