   590220.877918689022166735499061908379      
   502237.579490389114527443694785474630      
   322450.700895256535379660495019024731      
   175289.984502847036320879158344209770      
   94534.4473648476418897760413891997667      
   57531.0409950468585654832408478419381      
   33015.5031376262149780753911762869635      
   12581.4743348256713593942411358211941      
   4888.87041502944560679747072307728143      
   4071.74325205763105145201136173008763      
   1220.38103343179958114782572829652790      
  -728.353122947167549935854357106131259      
  -117.186447325967506931311338264148059      
   188.232493826915250590734174953042807      
  -265.017740148892865735204586761531745      
  -906.585863682584515923745877067714795      
  -373.485993417337085394397986766669761      
   129.612725773191255735578691844885315      
  -824.370951403771943510163873164073630      
  -861.540199757538682135086078814323207      
   0.00000000000000000000000000000000000      
