   590454.519835845433234036414213981045      
   502110.691616356616849413184682742336      
   322363.969676173140936034673338113644      
   175441.298581183818551936991454652240      
   94470.6019914183644628274971403428572      
   57486.6502528309378152860468913976085      
   33048.2738674761255719775585861152621      
   12593.3576617784671298611869911042372      
   4868.72591236771728417942534218896889      
   4041.80816973341670623357478703480858      
   1258.48511819154821178461391519270371      
  -742.932486373355749966697248855498549      
  -136.305966417830672646385610002542583      
   194.994834866998585912676492449795577      
  -266.911205828896331870623715309552904      
  -902.016024406962968306650114009195439      
  -396.454664171383888406622933650131868      
   134.270803746960554880049532971335983      
  -811.537316518374484869397298541969441      
  -884.168104008321071021613595270051279      
   0.00000000000000000000000000000000000      
