   627.632462021886969478414078738429228      
   564.923988723050842470368228266238736      
   427.319686660089512380815686056298513      
   295.938548727097162731763988556583735      
   196.267221643225470220103432053192283      
   120.369031782117866079783200817781436      
   68.4473005681090783668264301502532282      
   39.3061194142782253407223607788476495      
   22.8600479963936692257978768704155322      
   13.1197653346338484231656484538400248      
   8.20397316359500082062377384468584086      
   5.40427302784534071763622130666410890      
   3.34067856124778549339596060651637281      
   2.17404337267216054854608908344068065      
   1.30716925153733476770345194487320555      
  0.647918672357637717335007828385714650      
  0.351270674472369792584323643505713101      
  0.192731664700586555976529925401447502      
   1.96271465312466131231374884633200275E-0002
   0.00000000000000000000000000000000000      
   0.00000000000000000000000000000000000      
