   533794.989630445997313768137469279242      
   456911.322835635352978352098601549409      
   297598.787284545170696208143066859481      
   170565.725073753173980793272738212115      
   100501.562611244182504326122904725901      
   57808.1278353530366161922772707740035      
   29689.5676414701645234310395201767335      
   14928.4890205249794342687608343538432      
   7529.56080065127707360104341819240150      
   3474.09345778235508006835289274254844      
   1748.28904621460097576971231887837168      
   988.139067158443932879251047380539002      
   543.598355763929466604317788184042157      
   360.686487885447469581972211855216324      
   225.414613113832495268085390682818312      
   122.588170142257472948886302796887109      
   75.8546423643814825519074145438727861      
   32.6643162158489041666850841855459550      
   9.74074622364540723760677056301290270      
   4.96704554027944154473162438281185294      
   0.00000000000000000000000000000000000      
