   1042400.92812822605051230501580961561      
   840265.170759974477903919831198465357      
   595156.780341018614986388506206955513      
   529895.724171180355914288459142315441      
   445412.125845892549809157094354746444      
   348458.548107121783983112984672475461      
   273264.748258122925708864706386491162      
   201690.735831856212959431962260974530      
   146136.556053403924579121204192129873      
   101600.370954537760449950765131064427      
   68164.4081637568996298423215712675487      
   44661.2025203474171548716014602087974      
   28211.4259406057128739350175952697510      
   17735.4926602010441070123927817747871      
   10961.5425043751193146134515131608119      
   6871.10875051394363407425142816746296      
   4345.88033626874910372291688775354296      
   2745.98382028298491770330241911124876      
   1708.69764942320626436463678287108907      
   968.460810830243836453888827680995772      
   465.807589588614118946181203163016011      
   122.927255045502226625229792059748485      
  -71.0629275020765706838718497359916732      
  -149.160309843922114215867246347167449      
  -143.204836612733094859123251827324683      
  -84.8374468429943436087502412465493488      
  -10.2677660708847524264097867936730054      
   58.5835904619224823879243330611293928      
   104.350392219042112497854503004591312      
   123.380637117079682986874464295170682      
   118.311643287655709505234167938982410      
   97.2412713834606543215906811868148035      
   69.7935656949084981230912364423449699      
   43.9679106661996697165881392539453219      
   25.2759781094611952100662123818361180      
   15.6218807798155763563911414436821534      
   14.2417139267532678136918049928312327      
   18.5068178607919169002804085930522548      
   25.1297769272718725279957188960280357      
   31.2009444948276659364562566358189141      
   34.7105538686382447543073366525327272      
   34.8628677541142994643781795744596380      
   31.8384960978873907227682249051692871      
   26.5918142911104816865637204577731665      
   20.2600583384392385207107492760974468      
   14.0379669664689560750697204220365868      
   8.70871797427735506381193554767890095      
   4.67759834190916463117159394782336195      
   2.13159787034906384847782894906120887      
  0.617860735356255422016958450589820350      
   0.00000000000000000000000000000000000      
