   1042250.49495557252443650956624494235      
   840334.875440585434238127716334046406      
   595165.631247997430503095222837715637      
   529853.925460799189762015380691184585      
   445458.038781310555122683129917942063      
   348430.737446648978635308272306781290      
   273282.797684640907202693812212087561      
   201686.057852845085807423879324794492      
   146136.494826485242450202487798820001      
   101602.834214389902988099845151282445      
   68160.1714584947202295186320001847825      
   44662.7980327061356207059587717271426      
   28208.8861004174521498870898650498913      
   17735.6013490557682957373179726872492      
   10961.2491828272113679633105343977895      
   6870.90878643048410610522383773429181      
   4346.61914205236912883776887570906791      
   2746.01473835491540201020488343095668      
   1709.41159345981324570727013102499469      
   968.594297591357621611954710171780363      
   466.094457856655457867283136176142223      
   122.957794077103860388515743314816075      
  -71.1135519142817447207058111840388892      
  -149.239684997031762381552600634026282      
  -143.345812524371024438098780150502561      
  -84.9165714934500821789583681632134151      
  -10.3336155251531767696761511953662567      
   58.5766971447281472975744500338240203      
   104.380630573294757166199812373698741      
   123.430693060952440024408774734679094      
   118.376939531013346528169522276192283      
   97.2946921549943058066471998545129140      
   69.8368879479629321762354057761928083      
   43.9922906259398645667448121306485683      
   25.2841986401035426910780437027780264      
   15.6218514524027393046490495404814616      
   14.2337968168593793222561766054706847      
   18.5032766108956820221873052854486230      
   25.1268236155084197890335324642164337      
   31.2069946813673558833731396526158562      
   34.7186692186006172179997443636192327      
   34.8770566651976462179371545785716373      
   31.8513413322300119336985886840835746      
   26.6059509554502145949347505901570372      
   20.2698362071002134282457225437545118      
   14.0464661674230917079497929249705613      
   8.71305341740972907983997754510763376      
   4.68035044487558309077211741539404018      
   2.13265216396065599517301302721119449      
  0.617815142264662066188584753726925700      
   0.00000000000000000000000000000000000      
