   1042291.74054069818822771802840402962      
   840315.811530191560715565462971267082      
   595163.091616097053606671261384008396      
   529865.521859163415000631389296300975      
   445445.327341334953341713799233466733      
   348438.451141156480049299047842529498      
   273277.792348800069726462262217223164      
   201687.371841492590187313730987160872      
   146136.495999963860717457914870267881      
   101602.168588258766476320145349117322      
   68161.3259252921224542945423108035703      
   44662.3699585515782718486849263570879      
   28209.5716483015299953268814726937023      
   17735.5839746112469358621169171726776      
   10961.3163274309336268208676966942600      
   6870.97592607284412965045314774486128      
   4346.40472807129614309389611041096290      
   2746.01604744039203233944985050364937      
   1709.20718285470547982402202314698325      
   968.564705455486025877448587011452968      
   466.009965414559808995103159926401150      
   122.954420888910355020381089863768243      
  -71.1037506790655590163384247581949714      
  -149.214196299050800477190617608157021      
  -143.310281987220307542445752587185351      
  -84.8920282025041601033265603103822866      
  -10.3180716919012424875616556559555574      
   58.5807469598983707721341160311986889      
   104.370364649023817309886548411272985      
   123.418567204286025288031688161650851      
   118.357575371689409271544585363181982      
   97.2811995580338224509549102666853827      
   69.8239974834176781389478881017611176      
   43.9864158497169996470652625927923142      
   25.2812768415811908771118081792709380      
   15.6224008923642897150480379747317179      
   14.2355397568842602001991934936130723      
   18.5045815994104235894298481145400492      
   25.1273680355425124040015091031896038      
   31.2055171521874442940594889760922753      
   34.7162922148430587405897569718997684      
   34.8732443736328601715012383474370389      
   31.8477483695856150196811759450737239      
   26.6020906025990310312812664395485272      
   20.2671376769120080232809626503850866      
   14.0441198503356155448422217012439104      
   8.71187404173587811248367912226188358      
   4.67957051773949526546221284289012429      
   2.13237610930310280862321880054586311      
  0.617809165462132991755487231363814434      
   0.00000000000000000000000000000000000      
