   19256397988.2419298282010888525670787      
   635587523.024434266501359181817803366      
   371771478.490119432523175364122427575      
   163223968.492536040181066262638949232      
   65266242.5648521357873349619027424515      
   31143690.3321320011249065319320931067      
   16426794.8142295988201275412026555507      
   7514590.06500757801331098180235226743      
   3127699.30540009837052775767100147977      
   1394408.59655881359254714001315812840      
   573963.911480603899274935178764989784      
   197445.711251894107235628417041068263      
   80727.5303751480193426005430999077374      
   38326.1170294501056761142490996015038      
   18136.8097507827835965232465857407092      
   12865.8172932759865197746036949165825      
   8145.60395776436427087230826249600157      
   4321.98452066537757591825855598397056      
   2867.86944816103205771681315392832332      
   1021.17908654937784419081192058526219      
  -59.0498585754533746559513038182961290      
