   647.586776523557662309986592518766612      
   572.799825086092752589212616775983185      
   423.323373697297165040169539166613409      
   290.924048797293845177984734763961174      
   191.151237015756727297217573134152047      
   114.073724898738706274745049513729158      
   62.0396551402055845602248540570207782      
   33.3534060391270944881945620458784460      
   17.5650317771453103137864532157744701      
   8.85063718688106085666254171380230996      
   4.86623484604507217742707741069594432      
   3.01163976850184384681478439077764873      
   1.81681602421753975109903222625119296      
   1.15304191120613833988052735453190540      
  0.700573744031296538329495229984068263      
  0.362515191053055550781548922233216020      
  0.164951590444705050954464757184271779      
   6.89850125517962964782402414582631848E-0002
  -4.43196649351773068608030453292918083E-0003
   0.00000000000000000000000000000000000      
   0.00000000000000000000000000000000000      
