   19305640106.2321849282763824628991089      
   611034433.453486637042824304664971313      
   372566147.001085869534845264998498721      
   166720830.663886566014022418094318842      
   64586415.0610915619304459118169924170      
   30540875.4593566668263945896415711286      
   16674023.7264552776385571040671412526      
   7619804.35289410500674591166593073137      
   3044350.84919446609115501312493626198      
   1375466.51906978042665506383362057405      
   608554.065459798152702408682987759032      
   195141.273107963674396311917982603670      
   66095.4060451383865644269830959560701      
   46510.3656924094571598139975901839095      
   20747.3169738751654304194850046721949      
   6820.28838406576723648672570736561975      
   11031.3266183306968828809857252045854      
   5742.83641731521297908508445572428978      
  -175.916846076131298373463344146218988      
   2169.29441729388040002770659767405436      
   1926.44625192050319862541407225790970      
