 0.31184001305184E-02
 0.81012537323127E-03
 0.80579232364146E-03
 0.80148362097044E-03
 0.79719907005793E-03
 0.79293847955945E-03
 0.78870166182175E-03
 0.78448843276247E-03
 0.78029861175397E-03
 0.77613202151114E-03
 0.77198848798317E-03
 0.76786784024896E-03
 0.76376991041626E-03
 0.75969453352429E-03
 0.75564154744980E-03
 0.75161079281632E-03
 0.74760211290674E-03
 0.74361535357883E-03
 0.73965036318382E-03
 0.73570699248781E-03
 0.73178509459597E-03
 0.72788452487941E-03
 0.72400514090467E-03
 0.72014680236566E-03
 0.71630937101806E-03
 0.71249271061604E-03
 0.70869668685123E-03
 0.70492116729385E-03
 0.70116602133598E-03
 0.69743112013681E-03
 0.69371633656987E-03
 0.69002154517214E-03
 0.68634662209501E-03
 0.68269144505692E-03
 0.67905589329780E-03
 0.67543984753509E-03
 0.67184318992132E-03
 0.66826580400324E-03
 0.66470757468245E-03
 0.66116838817736E-03
 0.65764813198664E-03
 0.65414669485387E-03
 0.65066396673352E-03
 0.64719983875817E-03
 0.64375420320687E-03
 0.64032695347469E-03
 0.63691798404332E-03
 0.63352719045277E-03
 0.63015446927404E-03
 0.62679971808288E-03
 0.62346283543438E-03
 0.62014372083854E-03
 0.61684227473674E-03
 0.61355839847900E-03
 0.61029199430213E-03
 0.60704296530860E-03
 0.60381121544626E-03
 0.60059664948870E-03
 0.59739917301637E-03
 0.59421869239843E-03
 0.59105511477514E-03
 0.58790834804095E-03
 0.58477830082828E-03
 0.58166488249172E-03
 0.57856800309290E-03
 0.57548757338595E-03
 0.57242350480336E-03
 0.56937570944244E-03
 0.56634410005228E-03
 0.56332859002107E-03
 0.56032909336402E-03
 0.55734552471159E-03
 0.55437779929822E-03
 0.55142583295145E-03
 0.54848954208140E-03
 0.54556884367062E-03
 0.54266365526438E-03
 0.53977389496123E-03
 0.53689948140390E-03
 0.53404033377056E-03
 0.53119637176637E-03
 0.52836751561532E-03
 0.52555368605240E-03
 0.52275480431598E-03
 0.51997079214049E-03
 0.51720157174940E-03
 0.51444706584836E-03
 0.51170719761865E-03
 0.50898189071084E-03
 0.50627106923863E-03
 0.50357465777295E-03
 0.50089258133627E-03
 0.49822476539705E-03
 0.49557113586443E-03
 0.49293161908308E-03
 0.49030614182825E-03
 0.48769463130092E-03
 0.48509701512322E-03
 0.48251322133388E-03
 0.47994317838395E-03
 0.47738681513257E-03
 0.47484406084295E-03
 0.47231484517840E-03
 0.46979909819861E-03
 0.46729675035590E-03
 0.46480773249173E-03
 0.46233197583323E-03
 0.45986941198991E-03
 0.45741997295040E-03
 0.45498359107933E-03
 0.45256019911434E-03
 0.45014973016315E-03
 0.44775211770068E-03
 0.44536729556634E-03
 0.44299519796136E-03
 0.44063575944617E-03
 0.43828891493794E-03
 0.43595459970811E-03
 0.43363274938003E-03
 0.43132329992670E-03
 0.42902618766850E-03
 0.42674134927105E-03
 0.42446872174309E-03
 0.42220824243449E-03
 0.41995984903420E-03
 0.41772347956835E-03
 0.41549907239838E-03
 0.41328656621923E-03
 0.41108590005751E-03
 0.40889701326981E-03
 0.40671984554105E-03
 0.40455433688276E-03
 0.40240042763156E-03
 0.40025805844757E-03
 0.39812717031292E-03
 0.39600770453024E-03
 0.39389960272125E-03
 0.39180280682536E-03
 0.38971725909828E-03
 0.38764290211071E-03
 0.38557967874704E-03
 0.38352753220406E-03
 0.38148640598974E-03
 0.37945624392200E-03
 0.37743699012758E-03
 0.37542858904083E-03
 0.37343098540262E-03
 0.37144412425922E-03
 0.36946795096126E-03
 0.36750241116265E-03
 0.36554745081958E-03
 0.36360301618949E-03
 0.36166905383015E-03
 0.35974551059863E-03
 0.35783233365045E-03
 0.35592947043859E-03
 0.35403686871269E-03
 0.35215447651808E-03
 0.35028224219502E-03
 0.34842011437783E-03
 0.34656804199409E-03
 0.34472597426384E-03
 0.34289386069881E-03
 0.34107165110172E-03
 0.33925929556545E-03
 0.33745674447240E-03
 0.33566394849378E-03
 0.33388085858890E-03
 0.33210742600455E-03
 0.33034360227430E-03
 0.32858933921792E-03
 0.32684458894077E-03
 0.32510930383316E-03
 0.32338343656981E-03
 0.32166694010928E-03
 0.31995976769345E-03
 0.31826187284695E-03
 0.31657320937667E-03
 0.31489373137128E-03
 0.31322339320075E-03
 0.31156214951588E-03
 0.30990995524787E-03
 0.30826676560788E-03
 0.30663253608666E-03
 0.30500722245411E-03
 0.30339078075895E-03
 0.30178316732834E-03
 0.30018433876758E-03
 0.29859425195973E-03
 0.29701286406536E-03
 0.29544013252228E-03
 0.29387601504522E-03
 0.29232046962562E-03
 0.29077345453141E-03
 0.28923492830677E-03
 0.28770484977198E-03
 0.28618317802321E-03
 0.28466987243239E-03
 0.28316489264705E-03
 0.28166819859023E-03
 0.28017975046035E-03
 0.27869950873114E-03
 0.27722743415157E-03
 0.27576348774578E-03
 0.27430763081305E-03
 0.27285982492779E-03
 0.27142003193949E-03
 0.26998821397273E-03
 0.26856433342721E-03
 0.26714835297771E-03
 0.26574023557417E-03
 0.26433994444168E-03
 0.26294744308048E-03
 0.26156269526605E-03
 0.26018566504908E-03
 0.25881631675548E-03
 0.25745461498643E-03
 0.25610052461835E-03
 0.25475401080287E-03
 0.25341503896681E-03
 0.25208357481208E-03
 0.25075958431568E-03
 0.24944303372948E-03
 0.24813388958014E-03
 0.24683211866892E-03
 0.24553768807144E-03
 0.24425056513741E-03
 0.24297071749035E-03
 0.24169811302722E-03
 0.24043271991801E-03
 0.23917450660528E-03
 0.23792344180366E-03
 0.23667949449929E-03
 0.23544263394921E-03
 0.23421282968065E-03
 0.23299005149040E-03
 0.23177426944398E-03
 0.23056545387488E-03
 0.22936357538370E-03
 0.22816860483732E-03
 0.22698051336798E-03
 0.22579927237244E-03
 0.22462485351105E-03
 0.22345722870689E-03
 0.22229637014492E-03
 0.22114225027120E-03
 0.21999484179213E-03
 0.21885411767382E-03
 0.21772005114152E-03
 0.21659261567919E-03
 0.21547178502921E-03
 0.21435753319228E-03
 0.21324983442749E-03
 0.21214866325260E-03
 0.21105399444457E-03
 0.20996580304039E-03
 0.20888406433810E-03
 0.20780875389823E-03
 0.20673984754550E-03
 0.20567732137089E-03
 0.20462115173404E-03
 0.20357131526612E-03
 0.20252778887296E-03
 0.20149054973865E-03
 0.20045957532955E-03
 0.19943484339860E-03
 0.19841633199014E-03
 0.19740401944495E-03
 0.19639788440579E-03
 0.19539790582312E-03
 0.19440406296123E-03
 0.19341633540453E-03
 0.19243470306406E-03
 0.19145914618421E-03
 0.19048964534942E-03
 0.18952618149100E-03
 0.18856873589383E-03
 0.18761729020297E-03
 0.18667182643001E-03
 0.18573232695917E-03
 0.18479877455294E-03
 0.18387115235727E-03
 0.18294944390615E-03
 0.18203363312549E-03
 0.18112370433623E-03
 0.18021964225658E-03
 0.17932143200320E-03
 0.17842905909145E-03
 0.17754250943437E-03
 0.17666176934053E-03
 0.17578682551057E-03
 0.17491766503240E-03
 0.17405427537506E-03
 0.17319664438116E-03
 0.17234476025799E-03
 0.17149861156712E-03
 0.17065818721276E-03
 0.16982347642871E-03
 0.16899446876411E-03
 0.16817115406793E-03
