   127.810474799999999999999999999999997      
   127.808282457851224627245964852064296      
   127.808223208919169428434159954330500      
   127.808162358760794860416834412466483      
   127.808099864102312908719883039373252      
   127.808035680500443959543409173683681      
   127.807969762310810816933594882910111      
   127.807902062655478555503019808251776      
   127.807832533389617124560129407988393      
   127.807761125067262995650365136271456      
   127.807687786906155504793261361735801      
   127.807612466751622882665937748629656      
   127.807535111039492290165908461180748      
   127.807455664757997482704381091541413      
   127.807374071408657013741630160297577      
   127.807290272966095155971664204966411      
   127.807204209836776966673623455560643      
   127.807115820816628151537438033515710      
   127.807025043047509588192084914404040      
   127.806931811972515556152304719608428      
   127.806836061290063883374633550533290      
   127.806737722906745360481173072685279      
   127.806636726888898891358689073108823      
   127.806533001412877942643908088912619      
   127.806426472713972923918828692119309      
   127.806317065033953174600617492443324      
   127.806204700567191251839471696270005      
   127.806089299405331205536581479144960      
   127.805970779480461491146030893860961      
   127.805849056506752107492773124783848      
   127.805724043920514454667441697554575      
   127.805595652818641285371012537207296      
   127.805463791895382971080520648215470      
   127.805328367377415121271909832700720      
   127.805189282957151378826263876026397      
   127.805046439724253966797003705082768      
   127.804899736095293280040654413041963      
   127.804749067741506498901021414711423      
   127.804594327514603850249966245595414      
   127.804435405370569752766041058750707      
   127.804272188291404657387645934752602      
   127.804104560204751929396049565668752      
   127.803932401901352614524091048090493      
   127.803755590950269386779041602095095      
   127.803574001611819389214426375003241      
   127.803387504748154049557376398186820      
   127.803195967731422279236597172521763      
   127.802999254349451745771286802495701      
   127.802797224708881143451135944093398      
   127.802589735135674574506687110271963      
   127.802376638072947291248692647716886      
   127.802157781976030137620720273393626      
   127.801933011204698064901362964439616      
   127.801702165912486079514518976681163      
   127.801465081933013909624079669693792      
   127.801221590663238549929998618590709      
   127.800971518943551659333307779865540      
   127.800714688934636542344503604472350      
   127.800450917990997140677167165465695      
   127.800180018531069094757902881658872      
   127.799901797903820504211586205448388      
   127.799616058251747520018921337785306      
   127.799322596370167337216129689316286      
   127.799021203562708523890944387029666      
   127.798711665492895917952426876121369      
   127.798393762031724545791293446631638      
   127.798067267101114164527313138654921      
   127.797731948513133100032406099570425      
   127.797387567804877044239003988825257      
   127.797033880068885385253399547183061      
   127.796670633778974470295754648505081      
   127.796297570611363942225311568951150      
   127.795914425260968943063325270714134      
   127.795520925252727540116829192313338      
   127.795116790747829199588754026637024      
   127.794701734344706506423256953079893      
   127.794275460874648605000648891779762      
   127.793837667191891010515599226861901      
   127.793388041958032512725345862876619      
   127.792926265420625859447928955204982      
   127.792452009185784763854988854954122      
   127.791964935984645524292876232488550      
   127.791464699433517175053536882717060      
   127.790950943787549598094893575395574      
   127.790423303687744415987296778040394      
   127.789881403901128752059835538125028      
   127.789324859053907081471074446590070      
   127.788753273357401403275308067543032      
   127.788166240326584834946447601447314      
   127.787563342491008463609948898996089      
   127.786944151097915878672961526646487      
   127.786308225807334254787099053263548      
   127.785655114378925148175907290405964      
   127.784984352350372309252468883412475      
   127.784295462707077795974195523537004      
   127.783587955542931491251662655669895      
   127.782861327711912779550605051296976      
   127.782115062470276618086387760523238      
   127.781348629109069542071861586337682      
   127.780561482576714266580666966462365      
   127.779753063091394484838236025443331      
   127.778922795742964209129262073530461      
   127.778070090084098550854821052227359      
   127.777194339710395185286793563568851      
   127.776294921829127888810725926159070      
   127.775371196816345466332715079908942      
   127.774422507762001098312216193053375      
   127.773448180002788624676663393126981      
   127.772447520642353540621980163308163      
   127.771419818058537500788355809417987      
   127.770364341397305907137978083502310      
   127.769280340052998685493079715481637      
   127.768167043134534629383795017381965      
   127.767023658917189700689035708019395      
   127.765849374279559417426054569643481      
   127.764643354125304922659759578530392      
   127.763404740789271507368185571706807      
   127.762132653427557246520340220934243      
   127.760826187391097993693457388795121      
   127.759484413582323257161460982796628      
   127.758106377794425441188746712507922      
   127.756691100032772571701513098760306      
   127.755237573817981926789718294814759      
   127.753744765470158950585570333621419      
   127.752211613373792434694480617022694      
   127.750637027222783194996174043411736      
   127.749019887245069343504275234064138      
   127.747359043406296745024913715769984      
   127.745653314591968346269915100421912      
   127.743901487767490760260304078319875      
   127.742102317115520770417066009347094      
   127.740254523149998275500178200350145      
   127.738356791806235617043514864097123      
   127.736407773506416203351776388600839      
   127.734406082199837856366873980651384      
   127.732350294377218347338738500009162      
   127.730238948058362141476740086711095      
   127.728070541752468427495041659247326      
   127.725843533390341051725990383312868      
   127.723556339227740994423708986620657      
   127.721207332719101503805082103982954      
   127.718794843360804926683001327606056      
   127.716317155503198628248278016761017      
   127.713772507130505162258219648323003      
   127.711159088607759020781633401718975      
   127.708475041393878843494841748688595      
   127.705718456719959883645226097154046      
   127.702887374231846794071238962653501      
   127.699979780596021394501271910082430      
   127.696993608067813992683402270027414      
   127.693926733020920038170823617162634      
   127.690776974437176369749246957973650      
   127.687542092355523055973341160599425      
   127.684219786279047802981091071423740      
   127.680807693538980094036354802245466      
   127.677303387614471609911619516155800      
   127.673704376406968036492790308365841      
   127.670008100467945073505199660881619      
   127.666211931178748293059991396570840      
   127.662313168881242435217073210795710      
   127.658309040957940745731997118552905      
   127.654196699860249033721833953612807      
   127.649973221083422228599446081171634      
   127.645635601086793320046124778934768      
   127.641180755157795645069780748741131      
   127.636605515218259514651870520228378      
   127.631906627571423120695114591407521      
   127.627080750588055502751700256892877      
   127.622124452330046053354965698553744      
   127.617034208109770569903129230953496      
   127.611806397983498188325851631804239      
   127.606437304177056626722998470471498      
   127.600923108441924992441808225760188      
   127.595259889339873929394159716233710      
   127.589443619454222068624278084782153      
   127.583470162525725558082629314606278      
   127.577335270511063850130935421322430      
   127.571034580561829879380208839086152      
   127.564563611921876229902367921251129      
   127.557917762740810829452329914896437      
   127.551092306801376077800927209512103      
   127.544082390158384074203107115145633      
   127.536883027686817711858153467446999      
   127.529489099536642810229584617506393      
   127.521895347491810113343577985058853      
   127.514096371230857846496384773841188      
   127.506086624486455546718313292369162      
   127.497860411101158014100045530966470      
   127.489411880976564420576975333129988      
   127.480735025913001807498333391666677      
   127.471823675336774349370930881984076      
   127.462671491911939803196329383099580      
   127.453271967033492443952758711985064      
   127.443618416198747448610056743265297      
   127.433703974253635073629937282731270      
   127.423521590510524012596732338667892      
   127.413064023734101958182414258111389      
   127.402323836991747561101483893093612      
   127.391293392364731611327602575746797      
   127.379964845516486295092669897214414      
   127.368330140114079734686323396108234      
   127.356381002098928624533319297009068      
   127.344108933802674562208139568906664      
   127.331505207904039560704293230274430      
   127.318560861222363140103388997220616      
   127.305266688343407252363130492242289      
   127.291613235072896009667438101452359      
   127.277590791713134679827243585437677      
   127.263189386157926594465915512102016      
   127.248398776800877397693050150848763      
   127.233208445252043352770681232260121      
   127.217607588857744127529532855477198      
   127.201585113018220499071888352915570      
   127.185129623297673655054584678453441      
   127.168229417321075120342869044331605      
   127.150872476451984699062659189780650      
   127.133046457245458085216731241015896      
   127.114738682669965849316743733437597      
   127.095936133092081240171878627167088      
   127.076625437017525533246296392852482      
   127.056792861581986389874512651446571      
   127.036424302784946741886730364749030      
   127.015505275459578957295569975632122      
   126.994020902971571344661943695312712      
   126.971955906639561283108952267537726      
   126.949294594869651284599169168241600      
   126.926020851996280964238146085488508      
   126.902118126821519068416027653262776      
   126.877569420844625241042548660988611      
   126.852357276173510942447680681024988      
   126.826463763109502717068140468778968      
   126.799870467396578673942881747219415      
   126.772558477126010433074838692957530      
   126.744508369287097731192609258653724      
   126.715700195954431198089582261905981      
   126.686113470101860330544497865587283      
   126.655727151033078221014726076437283      
   126.624519629418461954051931577238370      
   126.592468711927527570827426511051076      
   126.559551605446070922139551418068976      
   126.525744900866770378294405528691406      
   126.491024556441724030263649245924287      
   126.455365880685082484811972175096384      
   126.418743514813618405305369999642616      
   126.381131414712745352125421910695876      
   126.342502832415160998340923086872734      
   126.302830297078943197527731960909211      
   126.262085595451571414895704027087902      
   126.220239751805980447031914824023457      
   126.177263007334377889614458583839882      
   126.133124798985171199377111006782416      
   126.087793737727954162182073101762760      
   126.041237586231095841644700146018938      
   125.993423235936057353097931362188988      
   125.944316683512132788715268421821203      
   125.893883006674870006231369468991937      
   125.842086339350974472564992097808126      
   125.788889846172034602948257320779153      
   125.734255696278929725390044802735020      
   125.678145036418291590008656811846244      
   125.620517963311886884345060643641723      
   125.561333495279271151176941339920953      
   125.500549543093533466883302898677348      
   125.438122880049405848409711610234476      
   125.374009111222451227499607788138026      
   125.308162641897468563749588528473775      
   125.240536645143662854113109928201188      
   125.171083028513521015558422302572666      
   125.099752399841711438168512808200030      
   125.026494032119684984877316766576452      
   124.951255827420997896114389874695921      
   124.873984279851701975425830489303600      
   124.794624437499454105565599232040696      
   124.713119863354285080547054721636809      
   124.629412595173236431322876966319730      
   124.543443104260322851050648247011277      
   124.455150253132506456174115475911485      
   124.364471252041576903244477979144350      
   124.271341614321017755134728332526485      
   124.175695110526103875450152494458816      
   124.077463721334616432259351065206951      
   123.976577589174680701452505935722382      
   123.872964968545326649273139601361929      
   123.766552174994442599122721922717923      
   123.657263532717837488463164882635238      
   123.545021320742146618531900953115709      
   123.429745717653308695278774177926735      
   123.311354744831307638227883032741774      
   123.189764208150810359299555615781872      
   123.064887638106240730557726082868330      
   122.936636228318709492519958396723112      
   122.804918772381069106257245297039127      
   122.669641598996180704660022794062595      
   122.530708505362266510480641025755004      
   122.388020688757974497891703792859369      
   122.241476676278501793807079759646140      
   122.090972252672808434622362354020316      
   121.936400386230602678262505193987412      
   121.777651152666392160123719658670564      
   121.614611656946470788358009286905109      
