   19319188343.4552553365107578096430204      
   607776228.372722940037163573464938860      
   365551141.437680168696492632007173249      
   170787334.857851196769342453791692229      
   67030866.8063703048215491567406848224      
   27395739.8307650446161184901020274896      
   16698257.6437780625442580187765620194      
   9140749.06421635069558208205029271725      
   2494870.43730437771738042612792604502      
   821638.144256212887618391322503608599      
   1039589.74308699708617911087352200362      
   355360.126240114695971955112029074790      
  -188199.111996334106901250283392517039      
   4717.68097528494782418776942751151118      
   164843.098241275174314286423080774965      
   44095.8188390695124935415182169100799      
  -134325.622337608370658927057646382060      
   15327.3650414052996027493631972989463      
   142741.346400979119498030326164791816      
  -76921.4449519431893868183421485230773      
  -109664.652804495224058364671072014150      
