   591967.867522675453072349964737821204      
   501353.961978021453600776147454852251      
   321845.099567944316002761167638265214      
   176419.613660279268283403970321106097      
   94128.6535791865882119641346219975529      
   57253.6276631273863600406910520256683      
   33249.2322873077471847138149593759696      
   12724.9401854558002425674709701557776      
   4811.34655587971679433547127260446291      
   3854.28963621914876035806514866167978      
   1524.79398456004985212059302385902662      
  -766.109097626828551504264498864424202      
  -212.522457777972502867902860535174304      
   237.619802208908959629734725243676945      
  -239.780334380871035389985362996049695      
  -788.070607332462821795418514967349288      
  -533.752358422163913537199964236179603      
   167.133711268457374775655521016097042      
  -649.558954886394179304367596888027659      
  -974.797287983287045522260455576343510      
   0.00000000000000000000000000000000000      
