   625.691134294832983280159091655473974      
   554.355389498552052650490230382254289      
   402.867151193490115013147470564428563      
   268.270856549268216203591414703796373      
   167.640999646451090635275510136287088      
   100.931027964047614937877397598022952      
   40.4107159506124542796295300206744798      
   12.2664085312269557786405577063536933      
  0.822013151416631302752953669078726153      
  -4.84060144523425949010778459623995210      
  -14.5951453934599637386793069255679922      
  -11.6174635988344810550881980356134036      
  -10.8497231383954685979917915977863631      
  -10.4840104906852943731260494460924726      
  -12.2226375511580536980747033436387183      
  -8.99204396564876348625502940967260928      
  -6.96883350227496821943857991052305597      
  -5.19647163909115343443494077510422088      
  -8.23162154296997949552131051375578958      
   0.00000000000000000000000000000000000      
   0.00000000000000000000000000000000000      
