   19329592300.4973040801318143647898093      
   598519329.016630785029238526588500131      
   371113539.153807854231002957539802961      
   170164294.841360204129094781004438496      
   64783652.7005080517942103892642721777      
   29007943.6411264783133960069008471212      
   17046482.1358441348479201918559099024      
   8167264.22601283140441590895025525985      
   2672834.00140300508590623387976621061      
   1287550.28645508476985441111265104974      
   801628.098443341390529268194360834166      
   159672.571825730936751175278859710481      
  -7837.66431639534243444658361222713344      
   91989.5673947255831460695351675393140      
   42412.0900234773914145082506112990724      
  -29675.7125166007753557951053366203152      
   17052.1888837174213139484958070293876      
   24725.7474867027614903197842083168333      
  -13415.8788439938651834774701525590692      
  -2206.59193736336681311051555579526525      
   7318.79941928826145745121203083688993      
