   1.21715922737641170461173260971341227E-0002
   1.30918647790040761222649351828014281E-0002
   1.40335326190403018767079838766515614E-0002
   1.49690836234046731521095800914215759E-0002
   1.59011670171409002972898723086340655E-0002
   1.68175653523259897611807812368142255E-0002
   1.77321620543675906167936257398160605E-0002
   1.86328394734581383812895242233093782E-0002
   1.95249966641024912644751759372627700E-0002
   2.03864316976614900054303940890101971E-0002
   2.12363303097781253577408255388286230E-0002
   2.20573673326723620542053038273807917E-0002
   2.28686808448767263436995706154986083E-0002
   2.36521708917123311200779982676424499E-0002
   2.44166274671567575044842731027015318E-0002
   2.51511534142272033514018131097078641E-0002
   2.58582623699951877057897825143379974E-0002
   2.65353459333718501727905081728890457E-0002
   2.71835395078484077882244077965454537E-0002
   2.78029347479180508616306071804836732E-0002
   2.83927456646308930854490638302751364E-0002
   2.89532506640417444495511365525614032E-0002
   2.94881078398460539472228492491326346E-0002
   2.99858338792832478550524262810034558E-0002
   3.04670614334623967165997222868779214E-0002
   3.09185121706386021082304684229557782E-0002
   3.13437083840451248415861287313354336E-0002
   3.17439517284142390484999586885253106E-0002
   3.21205036051047952298716145225905104E-0002
   3.24739027957574063020851141915938739E-0002
   3.28052029329693910655350949341798092E-0002
   3.31155834155476416772561047951372160E-0002
   3.34060034953738100993758558521886884E-0002
   3.36768912177837537586575659923095519E-0002
   3.39301773067102616197054754909806931E-0002
   3.41673716237554303509920544492216014E-0002
   3.43880774890214066961331989495129225E-0002
   3.45942754977118208575209240424382704E-0002
   3.47898145469225174320872599608554372E-0002
   3.49724608597753593188707215901400527E-0002
   3.51419349920126919281696006297758475E-0002
   3.52991283356438551846331129753103267E-0002
   3.54451648827912420860252826587527397E-0002
   3.55808855689813482597982773258991560E-0002
   3.57068464191755595901423586653035765E-0002
   3.58236836851708038282267479098370109E-0002
   3.59319326375387961406921770412097119E-0002
   3.60343769915481613041638003512201613E-0002
   3.61294017717674548123885070437632593E-0002
   3.62171550102909916685102461565487411E-0002
   3.62983170291651224179615830208736431E-0002
   3.63735446939441027622060248960842689E-0002
   3.64431449584786980385455086229952645E-0002
   3.65075204367907508526160642332146403E-0002
   3.65671184469445238137219790125934610E-0002
   3.66233712406532971170646193973934154E-0002
   3.66754135740285301460242047801317761E-0002
   3.67233992245956690566396668850915266E-0002
   3.67677758461802239623602804920851146E-0002
   3.68088448268581411468550230647482082E-0002
   3.68467874174834834134832815747639928E-0002
   3.68818448941977378637930218530753449E-0002
   3.69142929381280525278649875877728637E-0002
   3.69443137407317231379671856244722737E-0002
   3.69725908718656542376504429810482560E-0002
   3.69987242482680938385329002939361789E-0002
   3.70228708578915036954938764260517179E-0002
   3.70451681610996467357287184090623200E-0002
   3.70657755973122152848475765908106033E-0002
   3.70848092253539250524330753034091322E-0002
   3.71024114106414295106351015758151897E-0002
   3.71186801696141094653681470825154031E-0002
   3.71337077423356650124400225192859562E-0002
   3.71476053640837849004263405017571247E-0002
   3.71604566676697581299893206262194571E-0002
   3.71725667460666762381791157922272371E-0002
   3.71837493551414822606915592101639870E-0002
   3.71940641084582985807601295922405805E-0002
   3.72035929462147153330023269843075602E-0002
   3.72123931007759745939573992657329702E-0002
   3.72205065676557252253931386639749795E-0002
   3.72279919511837194367271106002658096E-0002
   3.72349041817860684454624534830569005E-0002
   3.72412785958333391180421064957028234E-0002
   3.72471532061718737740725915813864726E-0002
   3.72525672787015317217642323599632123E-0002
   3.72575530584791954352257821004993061E-0002
   3.72621377835553480102192101927060316E-0002
   3.72663502520450151946088386110397309E-0002
   3.72702162783193102288255347513883511E-0002
   3.72737552137135344082640983671484055E-0002
   3.72769866420052858176530815308131391E-0002
   3.72799295505844409550265355140395905E-0002
   3.72826017308432657427389136622738339E-0002
   3.72850571770736082113196933948787121E-0002
   3.72872555381953352252249923063382887E-0002
   3.72892025238958807892503599135359198E-0002
   3.72909104679982066353028239116395606E-0002
   3.72923807474196370846640702192094578E-0002
   3.72936185233384136368224928409364573E-0002
   3.72946230762406819710416627018479028E-0002
   3.72953938135686607652658031415172926E-0002
   3.72959259638861738949771626749577211E-0002
   3.72962117634772374380881947434171807E-0002
   3.72962417182931497912380043267324391E-0002
   3.72960018744964894375816574750096794E-0002
   3.72954753550629256422832007510358178E-0002
   3.72946416518704173851073873843108723E-0002
   3.72934741927665056692782196307810314E-0002
   3.72919417547486295101647930506621531E-0002
   3.72900104938569241419507399236176036E-0002
   3.72876385543310446294674859071581264E-0002
   3.72847745975772005864982992507618641E-0002
   3.72813596730816000132671353785509354E-0002
   3.72773315948017742973479379632763056E-0002
   3.72726144397751508969576766173819786E-0002
   3.72671186516944259450244535242377658E-0002
   3.72607373275066730293628978755381078E-0002
   3.72533609376338363253446379903829058E-0002
   3.72448534113999856221979613611379592E-0002
   3.72350583607158340313786422839159188E-0002
   3.72237977365473582478812273744269899E-0002
   3.72108797622926955605719015423069244E-0002
   3.71960620786374115262521463480595018E-0002
   3.71790707899012811954823971468604544E-0002
   3.71596013591933090126521050879364609E-0002
   3.71372993538946965621262454586915574E-0002
   3.71117590791650118265774856001690689E-0002
   3.70824923967586804589835207853433522E-0002
   3.70489594627247194703990519412709080E-0002
   3.70105489962377248706650731566950913E-0002
   3.69665082225801605376516509204347453E-0002
   3.69159801064720121570681714141477529E-0002
   3.68579912924285782161567217543872109E-0002
   3.67913811837872672071921409318291030E-0002
   3.67147548025324458803357515065193967E-0002
   3.66265117716713627785866802687264884E-0002
   3.65247986294567573128360531121813953E-0002
   3.64074138923665300309850267545981243E-0002
   3.62715779065249478930300442769696135E-0002
   3.61141867825771227349266452068700302E-0002
   3.59314157657781730420705453149975016E-0002
   3.57187124962966351613129511117096223E-0002
   3.54702125438151675013806021245625436E-0002
   3.51790913471190326519718598526259201E-0002
   3.48368516248219195540307008743397349E-0002
   3.44329898710506484157440970935215398E-0002
   3.39532098638856126917266354312300824E-0002
   3.33805332024119536169076234294434934E-0002
   3.26933686239535714664973287529777605E-0002
   3.18624933213308364613770072129284038E-0002
   3.08488356217983749737023519686465319E-0002
   2.96018972055610664551444484268327375E-0002
   2.80498584709972684208118038305459478E-0002
   2.60923409446003621217081189233812543E-0002
   2.36376300538501165992363562256096209E-0002
   2.04472106113289798747939109622480423E-0002
   1.62233477371441950200586170981987825E-0002
   1.05692724058292534269814625663694545E-0002
   2.99780292795928617265489156620312169E-0003
   0.00000000000000000000000000000000000      
   0.00000000000000000000000000000000000      
   0.00000000000000000000000000000000000      
   0.00000000000000000000000000000000000      
   0.00000000000000000000000000000000000      
   0.00000000000000000000000000000000000      
   0.00000000000000000000000000000000000      
   0.00000000000000000000000000000000000      
   0.00000000000000000000000000000000000      
   0.00000000000000000000000000000000000      
   0.00000000000000000000000000000000000      
   0.00000000000000000000000000000000000      
   0.00000000000000000000000000000000000      
   0.00000000000000000000000000000000000      
   0.00000000000000000000000000000000000      
   0.00000000000000000000000000000000000      
   0.00000000000000000000000000000000000      
   0.00000000000000000000000000000000000      
   0.00000000000000000000000000000000000      
   0.00000000000000000000000000000000000      
   0.00000000000000000000000000000000000      
   0.00000000000000000000000000000000000      
   0.00000000000000000000000000000000000      
   0.00000000000000000000000000000000000      
