   14.4930885580584564416349735631354715      
   15.2401757483510205608303353670663566      
   16.0243692331044489779883156622612847      
   16.8456694834332008676433692066691344      
   17.7040676523449273200445910134739711      
   18.5995447530174266092585591360553939      
   19.5320721367318930242757726260069346      
   20.5016128914367861240959690944032325      
   21.5081236077756787109910169484611089      
   22.5515560905077072030857274161765726      
   23.6318588535782749977552647199840363      
   24.7489783204574845781235031234348292      
   25.9028597576090140561481296749843615      
   27.0934479621972722980731520110079754      
   28.3206877632396938602261287738104952      
   29.5845243655569269101732479531007820      
   30.8849035848108134088072124481122608      
   32.2217719922697107328746037820776527      
   33.5950770025029599224946029229017979      
   35.0047669124239574666407483404352164      
   36.4507909136927534735870299203050284      
   37.9330990802684293439329560288682361      
   39.4516423459692463561287818736061062      
   41.0063724701222091702126988969035417      
   42.5972420018099945301229957799136468      
   44.2242042389381587841423498688691902      
   45.8872131900105678442712521479431335      
   47.5862235340373715409292483777789208      
   49.3211905848640217660152131229527195      
   51.0920702551187976925700025415872739      
   52.8988190250604193047532669212574608      
   54.7413939115875868274538382533856586      
   56.6197524420290026996974483103339530      
   58.5338526281767832786287072986614705      
   60.4836529447204516386327988728176114      
   62.4691123077997400599871295888380117      
   64.4901900574926248199668256069340522      
   66.5468459402239683261313805072345515      
   68.6390400946446722277907447011889217      
   70.7667330372250127760333907422539626      
   72.9298856508930735860960018447036932      
   75.1284591732023102579174360354856312      
   77.3624151871720970850398367816763874      
   79.6317156115046610409451447437301310      
   81.9363226931578258037926023704653853      
   84.2761989991752961425549347622635292      
   86.6513074106064503540380592838681568      
   89.0616111155959905801922976753240278      
   91.5070736043413648680920215411001360      
   93.9876586631591115223646805854440407      
   96.5033303702350412597704062210344917      
   99.0540530904443931497226721970342871      
   101.639791471703319398062705084821084      
   104.260510440368918587465268820972748      
   106.916175198043873794134949938734688      
   109.606751217421832226972141986129794      
   112.332204239431644714148433220944322      
   115.092500269424881927349776551780307      
   117.887605574573443838838354172481311      
   120.717486680320650249132369427402448      
   123.582110367967358006914625386681623      
   126.481443671327296331780123257255148      
   129.415453874453404675922753747152590      
   132.384108508452978808614675770344108      
   135.387375349318699420080657467801788      
   138.425222414870610477605204702577777      
   141.497617962666053046552027035688321      
   144.604530487044246581618101988157747      
   147.745928717096727239468089056824900      
   150.921781613796937105908377884315535      
   154.132058368018315380718448597107068      
   157.376728397736292314485703479445972      
   160.655761346085311355663556827507465      
   163.969127078624347762046268585516193      
   167.316795681427178476382612854351521      
   170.698737458405294207621296611221362      
   174.114922929427938860929577633302126      
   177.565322827698288547802414686426774      
   181.049908097901354556934636296971359      
   184.568649893630742461804739203280652      
   188.121519575563607618635606966638872      
   191.708488708936321187288021095912038      
   195.329529061746405269885806369344066      
   198.984612602276127430699818431226799      
   202.673711497321816326559806410812411      
   206.396798109764864556260740467742287      
   210.153844996829105748008946851009751      
   213.944824907698990280662645481895797      
   217.769710781805845167581682921645958      
   221.628475746493146323809069586734544      
   225.521093115332524016285156534321223      
   229.447536385836125204691108559439601      
   233.407779237803200502898715806592592      
   237.401795531079558010106382965264329      
   241.429559303935495562563424251490161      
   245.491044770872313797983477674661309      
   249.586226321032256922236677897965737      
   253.715078516051992613592006049650577      
   257.877576088505107982926301187794446      
   262.073693939802388379383991124098794      
   266.303407138667291622672398774228457      
   270.566690919082774799249787203869852      
   274.863520678800045510887767806566359      
   279.193871977331601002696598789366815      
   283.557720534493434451645356885684233      
   287.955042228443868147372245171814789      
   292.385813094259278618453704016014172      
   296.850009322018227693142892053483735      
   301.347607255410664323645233510532356      
   305.878583389866785817656353933076808      
   310.442914371199577567547117347282846      
   315.040576993777772487459439858251140      
   319.671548199201502908105499296570034      
   324.335805074518669692353453578698306      
   329.033324850933403335222828645468055      
   333.764084902065105415159574538949409      
   338.528062742689348178723700314029854      
   343.325236027038809715800573212699479      
   348.155582547576182559648368909806231      
   353.019080233336189888323215898874621      
   357.915707148730023368933580055826990      
   362.845441491927600317102085708943241      
   367.808261593693008529184095948913174      
   372.804145915806143148915242132485691      
   377.833073049928600903866402980264280      
   382.895021716063819880472923567117880      
   387.989970761452836751646810529513639      
   393.117899159072042193618345750390853      
   398.278786006558191717171232236826177      
   403.472610524742883529970685287046802      
   408.699352056606195848216847922523416      
   413.958990065846992097847072903635177      
   419.251504135864544506984627687724248      
   424.576873968363773162297593176880767      
   429.935079382364206727088445590120414      
   435.326100312839266573408846883852012      
   440.749916809751910138832371286648530      
   446.206509036727078724354657792639681      
   451.695857270113366839709804867630780      
   457.217941897687761912565870499339428      
   462.772743417742683565143426805439300      
   468.360242437822155079344376033460903      
   473.980419673833559523597761156927669      
   479.633255948814396052462521769999997      
   485.318732192068104825827706151736635      
   491.036829437960575813381074132482797      
   496.787528825079401217785188814460118      
   502.570811595059320158490510149022271      
   508.386659091764265558695214993331494      
   514.235052760140944681550300352688395      
   520.115974145423056929148049207095407      
   526.029404892012227504207276867474929      
   531.975326742703783086221101060040558      
   537.953721537594273723643584326468060      
   543.964571213328204711188375216831584      
   550.007857802031400033590919584492827      
   556.083563430578100804963464393390389      
   562.191670319549442056239948879745431      
   568.332160782520340667843181947419133      
   574.505017225042375906234549230654323      
   580.710222143949902758214752036570915      
   586.947758126366645280611964405170174      
   593.217607849030484518369288729008419      
   599.519754077323092352356837861369523      
   605.854179664612856658340871830433736      
   612.220867551306901849806494714647069      
   618.619800764211627527470002488484603      
   625.050962415606480255843371123225988      
   631.514335702621595591164367510797910      
   638.009903906332703751201200999379245      
   644.537650391155378531973638777551547      
   651.097558603960477387551704687017249      
   657.689612073484514300067406089845210      
   664.313794409465052344405350680552757      
   670.970089302066731016486913819597595      
   677.658480521036046587464498099894794      
   684.378951915142577684026068169524253      
   691.131487411352605614830989870561991      
   697.916071014285095102099066178109978      
   704.732686805403623271443762949364398      
   711.581318942486685329869141481004845      
   718.461951658837417034561394227334351      
   725.374569262767807776494249621315097      
   732.319156136825717073529516170418237      
   739.295696737292589933465424275517029      
   746.304175593427283244964884472462364      
   753.344577306976890445323687593701510      
   760.416886551436908605279290382537194      
   767.521088071574791304140024795563415      
   774.657166682706001719202452568160990      
   781.825107270229924205805668935722175      
   789.024894788921362808890431850141699      
   796.256514262478453352075514717136394      
   803.519950782829180489817708205273601      
   810.815189509690943124422805327223573      
   818.142215669891676415886004949333235      
   825.501014556940734066827839774946436      
   832.891571530364214607898359770629140      
   840.313872015286834517328222566862182      
   847.767901501781070608218527660387947      
   855.253645544459708082511410187653313      
   862.771089761838422969160442484094481      
   870.320219835938699054067084814944985      
   877.901021511663486062557301038718963      
   885.513480596410188960150532991367720      
   893.157582959459048946600029013846835      
   900.833314531595917890772158080440044      
   908.540661304513020214815662299051563      
   916.279609330441234214201212686957138      
   924.050144721562903568034937061279360      
   931.852253649653356007478920692346135      
   939.685922345505443500901652076037786      
   947.551137098580037175974325603759774      
   955.447884256441985205240755749961669      
   963.376150224419331064665496822103202      
   971.335921465050387795249485337307157      
   979.327184497751434599534209718932041      
   987.349925898274615487341932316595697      
   995.404132298383876878035735392566700      
   1003.48979038532340766269000423957553      
   1011.60688690150158790025571535009390      
   1019.75540864396969605368031537835888      
   1027.93534246411364604889149498990786      
   1036.14667526714269587752482143533039      
   1044.38939401178875723512477756932913      
   1052.66348570980484783712854468822463      
   1060.96893742567176457349977095404163      
   1069.30573627610602976649777497564586      
   1077.67386942977372527981277292262435      
   1086.07332410680769056522058781595567      
   1094.50408757852832145161386536331263      
   1102.96614716696978519134540094448737      
   1111.45949024460759373462372319698336      
   1119.98410423389360810345752200068780      
   1128.53997660699020183604087743436594      
   1137.12709488531383389498145467343139      
   1145.74544663927562365095322100545375      
   1154.39501948783327818045937843700454      
   1163.07580109823790565439985715116493      
   1171.78777918559408930673382112102996      
   1180.53094151261277140758056083842051      
   1189.30527588917927239522505396868415      
   1198.11077017211208275076952209230767      
   1206.94741226473863178934962035954877      
   1215.81519011665982972007364096185599      
   1224.71409172333339639537651846753612      
   1233.64410512584400064176675322392218      
   1242.60521841049396487590904665278928      
   1251.59741970857885343397675662367140      
   1260.62069719598537438594321579289246      
   1269.67503909297227307934400781528105      
   1278.76043366377525772580631058208083      
   1287.87686921639305871397284034097678      
   1297.02433410219920961090293408658970      
   1306.20281671573313699398817142850692      
   1315.41230549431863341073022626819587      
   1324.65278891785984653563040995133220      
   1333.92425550846628537084113264281931      
   1343.22669383025358145587257424629593      
   1352.56009248897487417430529780123706      
   1361.92444013182622053627724937582150      
   1371.31972544708420988835872925209013      
   1380.74593716391590245573199653642948      
   1390.20306405202252803889651918580618      
   1399.69109492145383704864325210174759      
   1409.21001862225774191966195465779225      
   1418.75982404429896780097428635386600      
   1428.34050011691449942759820836928396      
   1437.95203580873642194603295277082505      
   1447.59442012735303986559741146904148      
   1457.26764211913580170669293714660555      
   1466.97169086890596140806197155005663      
   1476.70655549976548358877626762711425      
   1486.47222517276912142077539740094806      
   1496.26868908675920229780509042405141      
   1506.09593647804299969857346230230156      
   1515.95395662023130196006959839677976      
   1525.84273882392095905999527244820688      
   1535.76227243653714000182865240647520      
   1545.71254684202093873856180661106735      
   1555.69355146067522839642508233488362      
   1565.70527574885721375070974130341611      
   1575.74770919882779314523147466758804      
   1585.82084133844894801908451028960582      
   1595.92466173103652592593164738477802      
   1606.05915997506236059808321012996801      
   1616.22432570401039193514488641837563      
   1626.42014858608341298793440795481384      
   1636.64661832406244516917325069377798      
   1646.90372465501801134350101811256709      
   1657.19145735017268682468158725361350      
   1667.50980621461680047100532675310663      
   1677.85876108717408426842668096865111      
   1688.23831184012170696423885093931974      
   1698.64844837905894719901619771892563      
   1709.08916064263146675794968940469030      
   1719.56043860240293431293707732714384      
   1730.06227226258344784079076742491355      
   1740.59465165990403806467657281736677      
   1751.15756686334915198129400747811975      
   1761.75100797403396705872470202463413      
   1772.37496512494085013344276981626897      
   1783.02942848079941532388653471559867      
   1793.71438823782687480714802199915288      
   1804.42983462361077525443086601695575      
   1815.17575789685315917421277332593098      
   1825.95214834725591646187716904879015      
   1836.75899629526867711104022313373194      
   1847.59629209197671620160063662052086      
   1858.46402611885250082723103534536653      
   1869.36218878764608852390682812266188      
   1880.29077054014025325012969529937865      
   1891.24976184804331888424832980116959      
   1902.23915321274779101808664000279403      
   1913.25893516522556872820916704186697      
   1924.30909826579001081464029286066094      
   1935.38963310399347057794996952584111      
   1946.50053029839272694559188463319627      
   1957.64178049644878846867746009672253      
   1968.81337437429562153915375827951500      
   1980.01530263664217125503826241905051      
   1991.24755601654432063608480737214832      
   2002.51012527530907740001253860448093      
   2013.80300120226969974237057321811982      
   2025.12617461469199941512822022607301      
   2036.47963635755257124204877602606696      
   2047.86337730344716420160324504213926      
   2059.27738835237195341131436258256589      
   2070.72166043163393218582072590633445      
   2082.19618449563516673611568698577954      
   2093.70095152578516340687947988731523      
   2105.23595253028804780900661126803782      
   2116.80117854405686263469419309725365      
   2128.39662062850361436749639624525781      
   2140.02226987145545823406299576806578      
   2151.67811738694755702496491926488369      
   2163.36415431514111086670199130769584      
   2175.08037182211897403104509297812948      
   2186.82676109980548830321083862070164      
   2198.60331336576480496782992190402331      
   2210.41001986312248160935279330548507      
   2222.24687186036645773129922853236775      
   2234.11386065127037585328166546647670      
   2246.01097755469716045718980974442990      
   2257.93821391452402524489758990743640      
   2269.89556109944860630299664455895384      
   2281.88301050291561835345302371864057      
   2293.90055354292549419614030660893437      
   2305.94818166196265372795100794174927      
   2318.02588632680660285429627634471425      
   2330.13365902846177996444041993154703      
   2342.27149128197106860532662754498655      
   2354.43937462634718699110404603471950      
   2366.63730062438856980345632004651128      
   2378.86526086261226717342924610214823      
   2391.12324695107215201313302454325573      
   2403.41125052329329574771426089380030      
   2415.72926323609245859689615519816272      
   2428.07727676951391014700893341174663      
   2440.45528282665216098356063990717640      
   2452.86327313358919698507320564342493      
   2465.30123943921941166745629814996387      
   2477.76917351518822384935867398495543      
   2490.26706715571917099825778757731641      
   2502.79491217755388066326476498842676      
   2515.35270041978128602105701431788354      
   2527.94042374377892219883729878911671      
   2540.55807403304422609814876539501442      
   2553.20564319313712943406929321670571      
   2565.88312315151340577357502709718835      
   2578.59050585746853280478337617426680      
   2591.32778328197305036115495074175178      
   2604.09494741761766509896451615323801      
   2616.89199027845058409003775014990283      
   2629.71890389992383573548413663939068      
   2642.57568033873254430207193994547454      
   2655.46231167276244152935313713193554      
   2668.37879000093104825230476749982492      
   2681.32510744313635177173186473617015      
   2694.30125614009986145736653794206499      
   2707.30722825331642754819348243373534      
   2720.34301596489913835804387817786303      
   2733.40861147753025675054528713229587      
   2746.50400701430792728041646071942242      
   2759.62919481869820715353075075596611      
   2772.78416715438355232966833619080230      
   2785.96891630521592032493947047259475      
   2799.18343457506700497348144689199511      
   2812.42771428778238896484437282130023      
   2825.70174778703349762154780610965487      
   2839.00552743627277958160379811557722      
   2852.33904561858735058566172764014974      
   2865.70229473665518122193756942463911      
   2879.09526721260040233987636197870230      
   2892.51795548795047926519992732697473      
   2905.97035202349315106821061837785045      
   2919.45244929923457113458610213899286      
   2932.96423981425785309917922195136286      
   2946.50571608668215812990058308769252      
   2960.07687065352282092497556504420652      
   2973.67769607065136450818232030900324      
   2987.30818491265718024293511794334538      
   3000.96832977280845139725174416613233      
   3014.65812326291536167106041014024444      
   3028.37755801329190920021769405854337      
   3042.12662667262061864655372063261072      
   3055.90532190791522774189802185401713      
   3069.71363640438687848049410177113321      
   3083.55156286540765870506007783523500      
   3097.41909401237824848748183408168718      
   3111.31622258469229967161433736839356      
   3125.24294133960551395390023846005107      
   3139.19924305220084363794574851695879      
   3153.18512051525897861360533094858240      
   3167.20056653922435198876732449826204      
   3181.24557395207701302980623359320906      
   3195.32013559929942205576526346117536      
   3209.42424434374968828888616324583027      
   3223.55789306562913661871107013897037      
   3237.72107466235688756986407682902449      
   3251.91378204853818655480088491296859      
   3266.13600815584030323611386950007692      
   3280.38774593296159379604386144243774      
   3294.66898834550871520226681353970225      
   3308.97972837596643129855430401467404      
   3323.31995902357605807554342489291040      
   3337.68967330430598436393102662004074      
   3352.08886425073150584480579499674027      
   3366.51752491200594242713588594836661      
   3380.97564835374146916190627263010127      
   3395.46322765798137622871446469574873      
   3409.98025592308237592866816443365184      
   3424.52672626368620200740160483686402      
   3439.10263181060352989297808461441796      
   3453.70796571078918531282959340918832      
   3468.34272112722399153854354121049318      
   3483.00689123888601337414956376929547      
   3497.70046924064483359684638860588793      
   3512.42344834323586445612441586271377      
   3527.17582177312757163007308100218307      
   3541.95758277251168404093442209463624      
   3556.76872459922516941575716035001222      
   3571.60924052666700400541589510197200      
   3586.47912384365400547903836095890133      
   3601.37836785455235931837372646736837      
   3616.30696587913009389683468932568973      
   3631.26491125222250480094958274486958      
   3646.25219732392508587900214953220228      
   3661.26881746002545977213277274979270      
   3676.31476504094118371625693809718461      
   3691.39003346140581466923375063169465      
   3706.49461613254166597078507456523589      
   3721.62850648095299881230134248766601      
   3736.79169794479570450324454231662564      
   3751.98418397810156180919668560253536      
   3767.20595805537673008370542228785961      
   3782.45701365993591143122342817330386      
   3797.73734428230308948838017201043094      
   3813.04694344353503270875032168661717      
   3828.38580468287741318158070793969651      
   3843.75392152178048957186431632840574      
   3859.15128750937700599266375918074391      
   3874.57789625961434848562416846366971      
   3890.03374134538697058698473435885050      
   3905.51881629775475920547335959596910      
   3921.03311479304644104747854623975457      
   3936.57663053986853743679619243812217      
   3952.14935702537557654960948772542608      
   3967.75128785925256869616772053787887      
   3983.38241699359096577660743932693914      
   3999.04273802513058004284068985140039      
   4014.73224424491245178623152710800859      
   4030.45092972879367794735358345138000      
   4046.19878863303075242942165550256759      
   4061.97581389722613032428981854386708      
   4077.78199905323285286226756302444836      
   4093.61733917244083139727974372559665      
   4109.48182766148029677655708844432295      
   4125.37545663036253929798280264623681      
   4141.29822127998066290379231745566864      
   4157.25011704284844931400577082523497      
   4173.23113504411254717420017601216899      
   4189.24126833013561762392543772868910      
   4205.28051466630351318291072710264307      
   4221.34886705616059483040964751645513      
   4237.44631495470312024949214569152506      
   4253.57285536190054056459025520376556      
   4269.72848597228833192857255229442296      
   4285.91319549680049974023099105137858      
   4302.12697596249220006748207518609610      
   4318.36982764728228976258488973336347      
   4334.64174388785789548198310082920161      
   4350.94271275890667695245682108418950      
   4367.27273098685184366925087916740430      
   4383.63179669748846848050499294131638      
   4400.01990048558910715480478946561887      
   4416.43703433428876467823780190188072      
   4432.88319465923935120629483845399635      
   4449.35837645517521225675855784218721      
   4465.86257331179622597372855588218576      
