   19328352045.0492039848771248963467837      
   600206499.709547339680547057436207040      
   369282973.208470019979237248668203758      
   170796271.066823574654208553436234406      
   65486240.2666374367520894161081815126      
   28226935.0337086287328846442725707063      
   17053365.1796688014652368181433372668      
   8580047.48104407201648102508337967780      
   2506277.14424308240656344717628029035      
   1128609.81281178273831320067417581974      
   938993.478380074777256415077505426768      
   218815.053325358788825165517635884467      
  -115139.342812364518306875530164631608      
   82082.6386260195130864066861894270835      
   128150.939228628296183379031897044780      
  -52299.4459869784936849780803031470251      
  -48254.5185704507574061111190089172025      
   72170.0380799652292193944436281674829      
   27228.2391905127113143339820439370291      
  -59376.9059059603770226759485409413101      
  -34625.6944626760113384986676365238655      
