   25.0615347915346254604178300866609768      
   17.7611431065524415361415327487241649      
   14.5104027964291891878481082749338568      
   12.5686054618139065729847494859440332      
   11.2417046544196829172981329749770008      
   10.2611532989553697320970117957660936      
   9.49827605089595804870279451832222965      
   8.88268694228677473871003624759858497      
   8.37221703315131457933005363337290497      
   7.93986078177853566835319427442846404      
   7.56741726843059145620527525743465882      
   7.24211348759153819462006718880338348      
   6.95468643827444148060678515029311487      
   6.69823329739960903242798313635893938      
   6.46749075293938440210768928706752462      
   6.25836618845224555380479349678844655      
   6.06762289607131514275539260768770768      
   5.89266287095280247251232881313035627      
   5.73137333899931981023193526388684379      
   5.58201603301151432772861207411689426      
   5.44314582191774225156788588363514629      
   5.31354991919185171453027690195197460      
   5.19220179061826834754649642552219707      
   5.07822573972806084094993272975170236      
   4.97086936923998979689072540596886246      
   4.86948193399572640932962204010058905      
   4.77349715802833171635256841351048818      
   4.68241947438083788783525992505975552      
   4.59581291758788328145364591844586065      
   4.51329209201274621396700939516606473      
   4.43451477872641198795856363217776502      
   4.35917584558730083381589329775594978      
   4.28700220068330747753721516505182763      
   4.21774858592171413328894358367197010      
   4.15119405055384496954375658529575160      
   4.08713897746936513814517510654195743      
   4.02540256077254641089389786559637052      
   3.96582065329490009825125677578869815      
   3.90824391862461612100880353450501042      
   3.85253623490471747202525676037726953      
   3.79857330778043628126691003113296884      
   3.74624145799770487720500815311425426      
   3.69543655567878310419529904065576792      
   3.64606307854657026266784365396152474      
   3.59803327558713371365446222550972109      
   3.55126642103038867876237487634839655      
   3.50568814625223819935435952780435601      
   3.46122983938744314665822947723993518      
   3.41782810419601182185157657828547111      
   3.37542427113209118105266844201533024      
   3.33396395469222185410862487946777483      
   3.29339665202525915951851199312186491      
   3.25367537851443436563827669317989213      
   3.21475633662932061257485640311638182      
   3.17659861482112990276948478132992541      
   3.13916391362221909271290131297153102      
   3.10241629642860820999678737265120646      
   3.06632196270753306026309000146019312      
   3.03084904159231142399347411962590038      
   2.99596740401328228155753856368810278      
   2.96164849167349684223211627415121320      
   2.92786516131675355130565110984065625      
   2.89459154285777777073738088162198708      
   2.86180291005309536738257676890255804      
   2.82947556248890702697746358183261632      
   2.79758671775084184453104152732758099      
   2.76611441272119161637860486944320413      
   2.73503741302305212313301292983498441      
   2.70433512969836444218030972071221496      
   2.67398754226862539775198261225197817      
   2.64397512738325560062198827012819995      
   2.61427879231145143368267124244119960      
   2.58487981257882125626105858651938646      
   2.55575977309020611034184070289696160      
   2.52690051211468979940450983055284135      
   2.49828406753776581530445663728934934      
   2.46989262480871509854952126877946587      
   2.44170846602816445412792067186427241      
   2.41371391963117337503939518312862353      
   2.38589131012454439889537534640838714      
   2.35822290733279194448968310203439034      
   2.33069087459457363910466533696738095      
   2.30327721532945991786239090227164811      
   2.27596371736251738347269348640040130      
   2.24873189434984264857552590837326382      
   2.22156292359007474439378765659789997      
   2.19443757943273356691737008763028119      
   2.16733616140109612211623980472026896      
   2.14023841603159989365793927077021367      
   2.11312345128888414508586209026049395      
   2.08596964223974463980930188228991380      
   2.05875452645314435741999059355624888      
   2.03145468732760062960747598110011125      
   2.00404562321972420867523480229338880      
   1.97650159984290996298079101012665673      
   1.94879548290302600044164876023514686      
   1.92089854731212352648129100649354735      
   1.89278025853709233818835445883264458      
   1.86440802065191520306582555362394829      
   1.83574688440842125230845559076782775      
   1.80675920703838018266739151467718165      
   1.77740425343672221517672200189664730      
   1.74763772569645684368431244727032554      
   1.71741120445455579363177604445600134      
   1.68667148086054271442784981708733291      
   1.65535975176187158438558370495075346      
   1.62341064228438658014555033110354300      
   1.59075100844942616684343368407807465      
   1.55729845643243642637785583515113970      
   1.52295949243221328692590102968389066      
   1.48762718462459021699898607749966862      
   1.45117817114012809242788669146058779      
   1.41346877699720693581777661505087592      
   1.37432989431678209203602880216314813      
   1.33356010955072737801777145901717239      
   1.29091628524969858185916999729454429      
   1.24610034093541962987383902776025320      
   1.19874017008966302805714796555273754      
   1.14836115496054411284292062140744784      
   1.09434189546315624536637161564097749      
   1.03584191435456278583169697726387813      
  0.971676069516973603366417018036550031      
  0.900078360651811801154362062307585038      
  0.818207909409583979534862170195493564      
  0.720945740971617960659696728656041932      
  0.597150110528287434156340077375569013      
  0.410298250142697301548485178016681167      
   2.83080502842720006309734128853264527      
   8.43182269833530304681344852078806686      
   13.3877204501638716442217886263539641      
   18.0825445788718303700273844234292428      
   22.6307783210735411192074805016733343      
   27.0861459781622975156026615353734388      
