   627.556073210295484033212721068400222      
   555.911032961763395641631715835083767      
   421.735017143241267453063404952992110      
   298.428094140696209441721429586880797      
   194.464916156768149302995630002727390      
   118.178412864091162120993827037971970      
   68.8525097094319723145601792453341776      
   38.7718364787961643723830551339539540      
   21.7127704402185540496771688709593974      
   12.5158574201120781842003972697351034      
   7.53034618090382764936076760240008592      
   4.70702680084105979141514403999974488      
   2.97818440306776442239669723224686636      
   1.83076109540143056541454353092871312      
   1.06055924636556565341512763097918624      
  0.557691315654668699538729811374448640      
  0.256459566547958268959809001898114997      
   9.40622060141088441204758444102198550E-0002
   2.26916383080684588679591755133409187E-0002
   0.00000000000000000000000000000000000      
   0.00000000000000000000000000000000000      
