   1.53771191801552118612711445011753606E-0003
   1.47459606426150403990394561162997274      
   1.50333127749003050478561943061867877      
   1.53239724627794469674252469014263632      
   1.56180458883895360405021362126684665      
   1.59156383597306616386540825996598379      
   1.62168544911446083398749925914374978      
   1.65217983686520010553440226339095619      
   1.68305737019426174567518927502043879      
   1.71432839645774817270305706833262071      
   1.74600325237603929717765910204936664      
   1.77809227608649207992185108295713616      
   1.81060581837558786422659771589216028      
   1.84355425318179579269993842659970696      
   1.87694798744953470623692913744066006      
   1.91079747040520923384129058632452997      
   1.94511320231814559557953765825119324      
   1.97990574280217292434415566426196322      
   2.01518571870743078455519912093576658      
   2.05096383164660207644372394354223980      
   2.08725086519506209106845806497915969      
   2.12405769180030584837079713344282648      
   2.16139527943238770840067457857351002      
   2.19927469800391229237031319252007225      
   2.23770712558529652331640387493767385      
   2.27670385443966461427179352255797118      
   2.31627629689155684517256423448298688      
   2.35643599106568630658937192334337944      
   2.39719460649005617889213114666841811      
   2.43856394959653699634561986912561989      
   2.48055596912631905063524633386554827      
   2.52318276145454983620644465812278618      
   2.56645657584619191352532233977742014      
   2.61038981965414273082882041409755204      
   2.65499506346976503484003740455970233      
   2.70028504623517286628620496142289779      
   2.74627268032589360289392805515689639      
   2.79297105661187193596772320433672780      
   2.84039344950418956377365252562231256      
   2.88855332199433715062746477591260951      
   2.93746433069238721082908881852200233      
   2.98714033086997214917787856233856763      
   3.03759538151356595818728386409456483      
   3.08884375039319709306058203276072859      
   3.14089991915137891843799833969435364      
   3.19377858841673098930158443566485786      
   3.24749468294647456439488184941869513      
   3.30206335680171745230155937539418410      
   3.35749999855919354262559385000814739      
   3.41382023656288902125503334196406044      
   3.47103994421876816775524291766399926      
   3.52917524533560497600742761982440034      
   3.58824251951473064745305397845511043      
   3.64825840759131997421765766263610364      
   3.70923981712965993265517168945855292      
   3.77120392797467033863116724779606046      
   3.83416819786177749530146548998408218      
   3.89815036808707661236658766065596827      
   3.96316846923955572969720986732075495      
   4.02924082699699222885747345634599000      
   4.09638606798697122666519634751612036      
   4.16462312571431278755685140643082929      
   4.23397124655603005777471240310786014      
   4.30444999582477318405543683301616103      
   4.37607926390154200530939900699415806      
   4.44887927243827428785335821973907242      
   4.52287058063073357633201886469712495      
   4.59807409156193132673916507054389825      
   4.67451105861612048878912079191377640      
   4.75220309196319120800555538259294245      
   4.83117216511308274137336078844053220      
   4.91144062153959797387598253989405989      
   4.99303118137276693576230486141065895      
   5.07596694815865242425296252677594574      
   5.16027141568522292274578522626934393      
   5.24596847487200298694987872052972330      
   5.33308242072533370085426168032022188      
   5.42163795934747605772660570875305764      
   5.51166021500960514263915111289444548      
   5.60317473727621027991487547877666161      
   5.69620750818134917183399588929141922      
   5.79078494945235520244428376802919197      
   5.88693392977680041895778345748229933      
   5.98468177210805646413262575388123112      
   6.08405626100430701972576097906488283      
   6.18508564999553703941048436731744359      
   6.28779866897113233350287862317936199      
   6.39222453158417686659614062791502901      
   6.49839294266112651305404327204065758      
   6.60633410561171235562188532819544410      
   6.71607872982908701317752158229856546      
   6.82765803807086940913638032795694007      
   6.94110377381074877342208123930640814      
   7.05644820854946769016919020457918934      
   7.17372414907310962162051445148471928      
   7.29296494464567094208983021394018795      
   7.41420449412189098800613438420723454      
   7.53747725296525900740097337825677072      
   7.66281824015498261348541824136204707      
   7.79026304496448016284016790800674264      
   7.91984783359292431748334073550502568      
   8.05160935562951350698857648863008726      
   8.18558495032937116687685101410949650      
   8.32181255267840189269689753509535544      
   8.46033069922080452845300290720133110      
   8.60117853362794605215482985189497627      
   8.74439581197433481823605851929821079      
   8.89002290769581696742474804366861905      
   9.03810081619684833982969310352640814      
   9.18867115907315192602429194760895941      
   9.34177618791433389217577895189868062      
   9.49745878764862712609528070034344254      
   9.65576247938928313822993045846333438      
   9.81673142274023774597344924758635189      
   9.98041041751572522143885972735095994      
   10.1468449048260326407146722769462052      
   10.3160809674788006746563346467240731      
   10.4881653296421508180636454782222534      
   10.6631453557146531900548007265809476      
   10.8410690483385363996282720288300477      
   11.0219850454992939656230183353700690      
   11.2059426166400001274404143368929273      
   11.3929916577244630475257642223952312      
   11.5831826851735603854369701930202448      
   11.7765668285997757635779645770996824      
   11.9731958222570341780509640421697491      
   12.1731219951292102790158353374203993      
   12.3763982595468203292730682453963815      
   12.5830780982761776376072787427979182      
   12.7932155499491499173185426265218390      
   13.0068651927499309187744800701517682      
   13.2240821262546931588127647719417265      
   13.4449219513076863371496821491332276      
   13.6694407478254328910279100027354184      
   13.8976950504137348268463992381406630      
   14.1297418216684385848731838811388660      
   14.3656384230395965410196901923088759      
   14.6054425831302926070904585875170670      
   14.8492123632921204421751880751179324      
   15.0970061203836286667826189133084123      
   15.3488824665496581303737589154598959      
   15.6049002258778746339346468783850542      
   15.8651183877862721418664953413579863      
   16.1295960569894949967451615366939869      
   16.3983923998962691288296770828307587      
   16.6715665872810845615798102607729767      
   16.9491777330769926771230256977627833      
   17.2312848291352409553232055539091470      
   17.5179466757876327370604452046269123      
   17.8092218080744562921770634669633656      
   18.1051684174714115284223876701275483      
   18.4058442689535879409292260212941280      
   18.7113066132822645909393200901697785      
   19.0216120943369174432959782121754269      
   19.3368166513744398340245709702222754      
   19.6569754160756282542341151167094748      
   19.9821426042585041292316423025657370      
   20.3123714021446306093118889193120419      
   20.6477138470758278942176805774526341      
   20.9882207025865078749372828605819282      
   21.3339413277655685210964183983039622      
   21.6849235408378840842957483340960273      
   22.0412134769298529649889523320551861      
   22.4028554400031368898830908899227145      
   22.7698917489521797854044874836550676      
   23.1423625778975809377704484986554039      
   23.5203057907401807039109686532199514      
   23.9037567700558982941650448335036822      
   24.2927482404640536282292529921450243      
   24.6873100866346153858723240310964128      
   25.0874691661311574276285952207819330      
   25.4932491173479280068979008362694188      
   25.9046701628568975852335582148165223      
   26.3217489084928151748209681022757835      
   26.7444981386086588891625125417127286      
   27.1729266079799735242905873047678659      
   27.6070388308685796515231643036734059      
   28.0468348678591059058640823270960933      
   28.4923101111083075930112332269389036      
   28.9434550687097239946389232937238339      
   29.4002551489108022292268842531796247      
   29.8626904449192760038771568446529415      
   30.3307355210331314157347046080553236      
   30.8043592007389497953607857832734729      
   31.2835243572802941907854652126480760      
   31.7681877069508127253699401607192596      
   32.2582996049568855787805266104110519      
   32.7538038431028471467231616099646693      
   33.2546374476623237487430213167398775      
   33.7607304745352924734862672028414929      
   34.2720057969923620938321844196600087      
   34.7883788787853893876160389334769975      
   35.3097575218624608095149970199037262      
   35.8360415729805965659722531350315581      
   36.3671225665597822467296002471439726      
   36.9028832713124007934568715796463567      
   37.4431970942049067849026080229917724      
   37.9879272751542817471074664356647853      
   38.5369257763519765091259012895771816      
   39.0900317261552910039416021688762148      
