   19329448010.8182852447087774108698020      
   599339112.935746442150176233323961061      
   369659541.442585348280703330136973931      
   170806180.199483361899378634857560536      
   65367085.1892962682837836421778284385      
   28281291.6866914838306215409365039138      
   17063768.9319113724392651294592452934      
   8567756.52140496631581790146018197334      
   2497457.51572923701722356884731232663      
   1139756.15055492276456597859330752666      
   941332.589983507208213246274655203948      
   208775.315791762539167080948963608325      
  -109425.568557036931307526221517698152      
   82907.9216673683968617787809165886813      
   126739.316439633393129128791557957972      
  -53841.3673508782859595727614063853243      
  -46535.9410547428291798506745226499619      
   74066.0102061369549724195942584437103      
   22913.8350873420708987714727594640949      
  -57695.4473710992777930110127049812138      
  -30960.9343808918126594320476357455795      
