   637.066402102857144561660425116017661      
   564.752165970717931543304700510276326      
   413.447058310848690951617328795134958      
   277.626550692339276640544908722510897      
   180.704040199534363748476960214909790      
   108.249226710298408238363983189235317      
   51.0393493638444295913730078953743945      
   21.7760771515725459004347650559858461      
   11.0748682602561716197367131053892200      
   1.25273765566040066155046288236780008      
  -4.78863907420250053199405731505369618      
  -4.13910491580500213821684449454883397      
  -3.72372543330179086323653119428717767      
  -5.16569039398396297232665600763260387      
  -5.83712265922294548956704448114711182      
  -3.38278007614483954111249936412237724      
  -3.01832447383272596861034422376342033      
  -3.89764848956176693519226240730763194      
  -2.32398566026098586981400163920891146      
   0.00000000000000000000000000000000000      
   0.00000000000000000000000000000000000      
