   19975195135.2341830262323753341002111      
   487157353.111109810849199532064638344      
   311914182.585532639651496678599350004      
   152552865.252516823637730278056853188      
   65273168.2881166578327550385371374764      
   30811325.0023709483737085904539228842      
   15998052.2429727344862793456323388614      
   7427697.84634345798617921912258067964      
   3106153.75445994622016609482727813471      
   1385248.13809772366549481876626909241      
   610492.094046949719257801623392174498      
   235155.740441666527861946441479328972      
   110948.866639600834385498110234062152      
   67993.8561805536876670308937374265231      
   35311.2758530674235014875028858723615      
   22008.3769127624395114059869688078782      
   16571.8299407395158346550729992534568      
   6997.47801432022022762399260977776723      
   2572.57361352651475114336336854559230      
   2851.65067117337565156930993946381695      
   1314.88674474970951262184222534323571      
