   627.715197135969145850251246218590054      
   564.855807396484780254206129608883495      
   427.413562354909215827588954216864863      
   296.154485848660206194928062219817569      
   196.184738416464854899875290945375390      
   120.358619444970535202590213048633855      
   68.6726827503493925149817949391089683      
   39.2504481051982512097681872156861840      
   22.8803790860420158813835393366341043      
   13.2694057893158640056459201727952685      
   8.18096351544832042171346381270065556      
   5.41973425907488755798863176576282708      
   3.48003204273565773156173506244217207      
   2.13158978013252882293187324375403849      
   1.34325584697970965545750293203007934      
  0.739846871944424701894071941461994730      
  0.342502586969121748466014321839915234      
  0.192646597945900276641160596734135773      
   9.86957341544722958917931002446304960E-0002
   0.00000000000000000000000000000000000      
   0.00000000000000000000000000000000000      
