   80.0870047177723418327087000004588442      
   80.0823205898286677879664604152394442      
   80.0745001370960168242135608641520275      
   80.0635357875591885297827960438960408      
   80.0494208040858307498683981892115600      
   80.0321498669371041267393591113991320      
   80.0117195754440865368886310508070656      
   79.9881288582867682501159006753953379      
   79.9613792823141340036324744977231781      
   79.9314752560154281970980297348897817      
   79.8984241298177936403887766625844148      
   79.8622361978936841760833337265247211      
   79.8229246037541188186425067583156101      
   79.7805051462746713268445270635599991      
   79.7349959776017666900530921882148512      
   79.6864171822201171939890978846108735      
   79.6347902269275904284075918286526863      
   79.5801372721802272474251299638160431      
   79.5224803347808844586986196257541743      
   79.4618402917468760937994156958346516      
   79.3982357194447328311268040659937745      
   79.3316815745579157534672130659569029      
   79.2621877449775451278204937981658024      
   79.1897575260067983844370368758852959      
   79.1143861040778850784542982399971978      
   79.0360591496170839460961656312183233      
   78.9547516276278060813107892651478920      
   78.8704269269934868879610911990557637      
   78.7830363887003136871592720996697165      
   78.6925192828684925150514980676804794      
   78.5988032495884244378622760449560554      
   78.5018051840046327860237526940556580      
   78.4014325159038148751204361735490732      
   78.2975848109237573810893333691987975      
   78.1901556056623933936253607553964431      
   78.0790343824503127739642314106198552      
   77.9641085904648168784556269785939675      
   77.8452656267658440273687791823805989      
   77.7223947020478047467419604330906003      
   77.5953885297648864789032146936723708      
   77.4641447923183269387256507301142609      
   77.3285673529800923735809272781988214      
   77.1885671962577827678293049967114132      
   77.0440630918625553207193106162777926      
   76.8949819879657333465506165273495713      
   76.7412591478726187659001981430749738      
   76.5828380506176605265167877970813390      
   76.4196700804224418838663850489848418      
   76.2517140326596114762781861974832858      
   76.0789354651758265410916903026475837      
   75.9013059238033574423479376287205313      
   75.7188020698883078167334441282222880      
   75.5314047359221017726343634000766492      
   75.3390979330959879204467400214742148      
   75.1418678319919492674532447113591865      
   74.9397017348336252907348271859754764      
   74.7325870548747356696013393366865011      
   74.5205103157000173553515503400854614      
   74.3034561805300629440352818630341856      
   74.0814065191107515994994466103981641      
   73.8543395174655967298531051342561423      
   73.6222288337157348511100576939948806      
   73.3850428013351985879726819616436291      
   73.1427436796070569912668911876881672      
   72.8952869496691068500207646266465708      
   72.6426206533716611641890364405698202      
   72.3846847711954130511261863950049329      
   72.1214106346733728234238951155074341      
   71.8527203681042848371803033419262840      
   71.5785263538127924499096891372630481      
   71.2987307147800799637856480118881993      
   71.0132248081149023973676240748766827      
   70.7218887225366841497544707986391999      
   70.4245907727776598295301081888521404      
   70.1211869835595661842714976525294044      
   69.8115205555416651893453216683671911      
   69.4954213053511541591136455666251143      
   69.1727050714750628434545685722568774      
   68.8431730773940682857075633037840104      
   68.5066112428531695266783689320919671      
   68.1627894335696106402316433377918832      
   67.8114606389508032344114378796409256      
   67.4523600665074946657222129631779015      
   67.0852041405692238053125583881603143      
   66.7096893916046031165039122909783321      
   66.3254912208755102944063126994057797      
   65.9322625232616239108602964510527276      
   65.5296321488183595078447968633888776      
   65.1172031809027643803623887449109318      
   64.6945510054262993616034035614902630      
   64.2612211418579817337056586830526410      
   63.8167268018647304477908166464694796      
   63.3605461357624363412268684338138412      
   62.8921191200400001198026117674565769      
   62.4108440308298702769938099773909652      
   61.9160734379771458297787358156318923      
   61.4071096418507146406612532556919544      
   60.8831994596588918122526845876687270      
   60.3435282490208350813103264921881666      
   59.7872130329136380446892634820001325      
   59.2132945605623505543544888373034536      
   58.6207281016411695604333538261224516      
   58.0083727240022693623268769133973062      
   57.3749787449305179616090536092701417      
   56.7191729683999851506517071374658010      
   56.0394412201410513624041111517601453      
   55.3341075603878288647016644725929149      
   54.6013093795085124955532183760695757      
   53.8389673479704123469110644655423643      
   53.0447488755681504569316659871127134      
   52.2160233007087317667458314304307966      
   51.3498064266866805690428406478745605      
   50.4426911688857615418392665149583033      
   49.4907598512122024525975492097366388      
   48.4894718953486010529345051354015777      
   47.4335179621962002839691767344117200      
   46.3166274937025882401599079164385389      
   45.1313101350427493899822724473252744      
   43.8685010245053812738551590255593690      
   42.5170623112394362386056860700170659      
   41.0630624287676994679756698415826375      
   39.4886981334479570728128909135818144      
   37.7706148429372545362320886744317040      
   35.8771543394271980670436931737205596      
   33.7635511189919052944004102588465377      
   31.3628378145609302676418124658845407      
   28.5666336585856786014586188300885893      
   25.1776053549522328710481252392675391      
   20.7571354902260206717489466331504019      
   13.7728875109031429530535339233638311      
   3.24266270024896304746170980765587303E-0005
   3.10013336627848553114090711438567769E-0005
   3.00133747548073180712113461805860718E-0005
   3.00114000486427846160950058962621809E-0005
   3.16461397588870452746917180465803387E-0005
   3.54831664705476066868536172455285790E-0005
