   260.282765332760110956303275001491259      
   260.267541916943170310890996349528166      
   260.242125445562054678694072808494126      
   260.206491309567362721794087142662129      
   260.160617613278949937072294114937561      
   260.104487067545588411902917112047179      
   260.038088620193281244888050915122976      
   259.961418789431996812876677195034833      
   259.874482667520935511805542117600338      
   259.777294582050141640568596638391806      
   259.669878421907829331263524153399385      
   259.552267643154473572270834611205334      
   259.424504962200886160588146964525718      
   259.286641725392681812244712956570006      
   259.138736927205741742672549611698239      
   258.980855842215380880464568124985308      
   258.813068237514668892324673443121240      
   258.635446134585738554131672382402106      
   258.448061088037874490770513783701051      
   258.250980948177347304848101011462608      
   258.044266088195381701162113214479749      
   257.827965117313226198768442464359916      
   257.602110171177021665416604844038858      
   257.366711959522094749420369846627212      
   257.121754838253126504976469279990880      
   256.867192236255522824812538301459581      
   256.602942789790369764260065111730612      
   256.328887512728832385873546396931214      
   256.044868263276019483267634323926597      
   255.750687669322600673917368719961552      
   255.446110561162379423052397146107180      
   255.130866848015056554577196255680885      
   254.804655676687398344141417564034472      
   254.467150635502211488540333449896076      
   254.118005718402778529282422455038412      
   253.756861742963516515383752084514560      
   253.383352919010654854980787680430410      
   252.997113286988993088948532342736919      
   252.597782781655365426911371407544457      
   252.185012721735881056435447754435230      
   251.758470575034562550858364872871332      
   251.317843897185300214138013654146154      
   250.862843387837793995445241239312062      
   250.393205048553304792337759502902823      
   249.908691460888633376289503713886119      
   249.409092230586010989175643964993665      
   248.894223664507396711179560340514352      
   248.363927761372936122565751409200730      
   247.818070606143737297904105141820654      
   247.256540261821436258547993483604644      
   246.679244252360911687630797293341727      
   246.086106727137000404383693416722433      
   245.477065391746830761061681050249131      
   244.852068282561960741451905069791173      
   244.211070453973835119223045311917344      
   243.554030638209282194888188354420289      
   242.880907928342890926204352844231116      
   242.191658526025056404892538605277725      
   241.486232586722704568114666054861116      
   240.764571187109942698373201483794021      
   240.026603431763189372022591686332429      
   239.272243709576138266107687505483362      
   238.501389104339395410911216375341822      
   237.713916958722935221617396359986531      
   236.909682586424597262567485036601371      
   236.088517123457898783614368431851919      
   235.250225506385092416160105783766035      
   234.394584562688461676127659125399130      
   233.521341196338925720835985861260420      
   232.630210649891575462206489696104931      
   231.720874823035259882303356038636685      
   230.792980626373432791444778243349240      
   229.846138348244223486702030095577424      
   228.879920011527394445972851613769497      
   227.893857696568590098882367370720598      
   226.887441805510411865372295422193359      
   225.860119242391251017119348091531609      
   224.811291482293954241227347859834855      
   223.740312501530721928549580737298037      
   222.646486539272800961704699029298930      
   221.529065659101234580752840847823648      
   220.387247076590110511837173108833005      
   219.220170216149357663597192130328186      
   218.026913456849977367265814761521000      
   216.806490522714960128637714945679576      
   215.557846467845408456820516273068778      
   214.279853200600277710295963465921340      
   212.971304483659668400495589806013843      
   211.630910337933984236177763420960504      
   210.257290767635472925211061574843367      
   208.848968711038440634543390719921096      
   207.404362106060373955320154101025799      
   205.921774941227918108987322409894973      
   204.399387140130000389358488244233897      
   202.835243100197078400229882426520649      
   201.227238673425723946780891400803621      
   199.573106336014822582149073080998856      
   197.870398243891398389821224909923366      
   196.116466809317714014258561099611534      
   194.308442356969323645240106316500415      
   192.443207321827639301652088721236221      
   190.517366330333801071408399934897980      
   188.527211353007375427562349968541244      
   186.468680921024183375229424230127967      
   184.337312147299951739618048196763844      
   182.128183965458416927813361243220471      
   179.835849571260443810280409535926970      
   177.454255483402665610547959722226115      
   174.976643880903840127460959513012667      
   172.395433845596488985027914458116320      
   169.702075727303378241923952148900090      
   166.886870886731711849389232105592323      
   163.938746298878725010977616173614478      
   160.844969516439657970942034931644093      
   157.590783659882953422037141690055134      
   154.158933377137650922899824386838093      
   150.529039354533411780519700728425241      
   146.676757938888935517442385453807143      
   142.572628329642489140029266833067945      
   138.180452511528167775468479727555456      
   133.454952893495023270920926985143569      
   128.338268933705860486641895469140918      
   122.754498239546077242754288191903032      
   116.600751603138393717892002814591813      
   109.731541136723692206801333341251246      
   101.929222897323023369835890514124749      
   92.8415593904034554547405111977879120      
   81.8272174035947568309064070276195098      
   67.4606903432345671831840765577388023      
   44.7618844104352145974239852509324537      
   1.05386537758091299042505568748815871E-0004
   1.00754334404050779762079481217534525E-0004
   9.75434679531237837314368750869047239E-0005
   9.75370501580890500023087691628520784E-0005
   1.02849954216382897142748083651386112E-0004
   1.15320291029279721732274256047967895E-0004
