 0.11174265202507E-03
 0.11174591996998E-03
 0.11175137665312E-03
 0.11175902832124E-03
 0.11176888103029E-03
 0.11178094024144E-03
 0.11179521047236E-03
 0.11181169501076E-03
 0.11183039569701E-03
 0.11185131277855E-03
 0.11187444483443E-03
 0.11189978876710E-03
 0.11192733985991E-03
 0.11195709190319E-03
 0.11198903739535E-03
 0.11202316782713E-03
 0.11205947405725E-03
 0.11209794678695E-03
 0.11213857714187E-03
 0.11218135736990E-03
 0.11222628166061E-03
 0.11227334708384E-03
 0.11232255462930E-03
 0.11237391030998E-03
 0.11242742627286E-03
 0.11248312184587E-03
 0.11254102444427E-03
 0.11260117026415E-03
 0.11266360470435E-03
 0.11272838247877E-03
 0.11279556740521E-03
 0.11286523188109E-03
 0.11293745607769E-03
 0.11301232690132E-03
 0.11308993678083E-03
 0.11317038234597E-03
 0.11325376306129E-03
 0.11334017987603E-03
 0.11342973394303E-03
 0.11352252545079E-03
 0.11361865260220E-03
 0.11371821076384E-03
 0.11382129179965E-03
 0.11392798359447E-03
 0.11403836976570E-03
 0.11415252955523E-03
 0.11427053788955E-03
 0.11439246559257E-03
 0.11451837973400E-03
 0.11464834409483E-03
 0.11478241973157E-03
 0.11492066562149E-03
 0.11506313937197E-03
 0.11520989797884E-03
 0.11536099861986E-03
 0.11551649947189E-03
 0.11567646054161E-03
 0.11584094450199E-03
 0.11601001752832E-03
 0.11618375012954E-03
 0.11636221797195E-03
 0.11654550269432E-03
 0.11673369271441E-03
 0.11692688402846E-03
 0.11712518100622E-03
 0.11732869718515E-03
 0.11753755606851E-03
 0.11775189193263E-03
 0.11797185065000E-03
 0.11819759053505E-03
 0.11842928322074E-03
 0.11866711457470E-03
 0.11891128566445E-03
 0.11916201378241E-03
 0.11941953354211E-03
 0.11968409805843E-03
 0.11995598022580E-03
 0.12023547410999E-03
 0.12052289647068E-03
 0.12081858843424E-03
 0.12112291733837E-03
 0.12143627877327E-03
 0.12175909884719E-03
 0.12209183670840E-03
 0.12243498735997E-03
 0.12278908480982E-03
 0.12315470560477E-03
 0.12353247280561E-03
 0.12392306046968E-03
 0.12432719871909E-03
 0.12474567948661E-03
 0.12517936304853E-03
 0.12562918547400E-03
 0.12609616714632E-03
 0.12658142254238E-03
 0.12708617149526E-03
 0.12761175221285E-03
 0.12815963638557E-03
 0.12873144679144E-03
 0.12932897790254E-03
 0.12995422011888E-03
 0.13060938841205E-03
 0.13129695636399E-03
 0.13201969685084E-03
 0.13278073097033E-03
 0.13358358727496E-03
 0.13443227399589E-03
 0.13533136778824E-03
 0.13628612369146E-03
 0.13730261261691E-03
 0.13838789496014E-03
 0.13955024221139E-03
 0.14079942321256E-03
 0.14214707879731E-03
 0.14360721928949E-03
 0.14519689597495E-03
 0.14693712410557E-03
 0.14885417823177E-03
 0.15098145368208E-03
 0.15336221598972E-03
 0.15605379420564E-03
 0.15913422446098E-03
 0.16271326989084E-03
 0.16695176146833E-03
 0.17209804668987E-03
 0.17856334951841E-03
 0.18709856962088E-03
 0.19929334154888E-03
 0.21949078408258E-03
 0.26945577742964E-03
 0.33089795979551E+01
 0.86575423107465E+01
 0.13461061624036E+02
 0.18036718838212E+02
 0.22486024202316E+02
 0.26857641758341E+02
