   1042230.15458539027664982949321135075      
   840344.261382664726900129467964255672      
   595166.919480561015640075912525860487      
   529848.163535279246666063462845980114      
   445464.346948888964077207269654011287      
   348426.904183427759309291770536148864      
   273285.285928618842430831638886631360      
   201685.397530742747962396761582195203      
   146136.501893925022395169354539552596      
   101603.156627797442208784888193152551      
   68159.6070782040853209414661783908100      
   44663.0035877551709623467381258551504      
   28208.5538296115959531874924063634023      
   17735.6036959682599148829435562485148      
   10961.2223946157483964828482171088677      
   6870.86971826127659460863991819882242      
   4346.73058566390270321961958355716885      
   2746.00909681464267762375605130722679      
   1709.51696344079459080763773969360572      
   968.604919016327709462930928263810822      
   466.139650870559258380490325981546743      
   122.956275406390248487603323116927726      
  -71.1155850807016494248711180594899349      
  -149.254866712112661219482620931741454      
  -143.361013682513063005333175698145327      
  -84.9308388442685939919718135480904451      
  -10.3393252413761375896876965440239257      
   58.5729201953228372987728081384645258      
   104.387319323281390661732099689513449      
   123.435227021109716431664725595678471      
   118.387804126104307093395927528127236      
   97.3001851414234636587329430600607620      
   69.8442806097015660871670675613966128      
   43.9942681883848594777250168191227497      
   25.2864397261446577528059873042387464      
   15.6208660545374821292746908669533011      
   14.2335465351843801725554104326339096      
   18.5020926022299418350909451282727057      
   25.1270101934590550337735486165381244      
   31.2073277081028091708594076239790950      
   34.7201701609875229389514838255189882      
   34.8786583335137555633383467988240387      
   31.8533379223499032308882422462388221      
   26.6076687835795272933376556220914619      
   20.2713079948536505128225036592222467      
   14.0475085543921310267580234241216998      
   8.71371183675113682983909494863001971      
   4.68067350437198773603054619470872064      
   2.13281895986068683395049698204635437      
  0.617794086668087956151198396642448779      
   0.00000000000000000000000000000000000      
