   1042227.06812568067763923574467072307      
   840345.684530105522589331760727044293      
   595167.117385066089971862602416624692      
   529847.286289150744576423705837422277      
   445465.306871419754112254901142494756      
   348426.320437785881852535677670427779      
   273285.665004495632552988544615272531      
   201685.296290384361257479382185037018      
   146136.503716835653563704452390284681      
   101603.204910494921265449341811025003      
   68159.5220127572144548447690035706947      
   44663.0341646604312572268019971762245      
   28208.5040261969225216245159873461585      
   17735.6034085814988576168357380483577      
   10961.2189666292082434884862521391040      
   6870.86317530661407570378684109790541      
   4346.74808462648318703503709746164267      
   2746.00769759419716888052216078632643      
   1709.53345896250729555421840573051821      
   968.606063083903480012689015801871858      
   466.146937747950934205017709762329866      
   122.955639250691237193863146794491976      
  -71.1155236104292185088586274839796647      
  -149.257526667422494436775553589506115      
  -143.362995039496819349462838694234370      
  -84.9333172965483205466334231029412878      
  -10.3399041720777204483525322477640288      
   58.5720728057763058473345849643928257      
   104.388586040910922168248705066103940      
   123.435676962395495932577539459450043      
   118.389669868816591451785711580846749      
   97.3008136959065710369344413887422717      
   69.8455868475321121555129760827570128      
   43.9943935008907945412399573074574217      
   25.2869344487157102320771260980757647      
   15.6205694839416424203223944271824714      
   14.2336364561243689744241494207378129      
   18.5017913873539367275756308799842292      
   25.1271423202564431530897668064927004      
   31.2072799876605637882973787061923244      
   34.7204798383063469170919013361937890      
   34.8788242213065272796427263833052540      
   31.8537028177172494901714717388471984      
   26.6078713023162340066313404323203153      
   20.2715750903096815648955147897455623      
   14.0476256550010652240138500476980671      
   8.71383917679953865358065830903508107      
   4.68069675795651218889041892462830356      
   2.13285715367532567720653313867533568      
  0.617778782257228470000617195464604072      
   0.00000000000000000000000000000000000      
