   1042236.52531401666069956366517803505      
   840341.322937812372535472924858779721      
   595166.513088763074663907093966525036      
   529849.971714610269086088055024473143      
   445462.367942517117546777774211511393      
   348428.107263839738217448249024384435      
   273284.504817866294939928414218617041      
   201685.605558789388430394663427184256      
   146136.498824184916406185329550750532      
   101603.056367929434076537633203122877      
   68159.7832023194147120161188785648084      
   44662.9398981387660169235334534315860      
   28208.6572027738756299635974301341809      
   17735.6036904401987944610346037806304      
   10961.2300608062705808850574434204988      
   6870.88265159608989610507099194367227      
   4346.69501377262693460238850932317110      
   2746.01147602022701080314136690955560      
   1709.48339118338512201573174771276347      
   968.602115074582611413024244875459824      
   466.125017913637215917945319323116490      
   122.957201096035399040705353282671748      
  -71.1153572956326161796178048695348596      
  -149.249718956001004513386236971697606      
  -143.356610266966999370687226558927710      
  -84.9260264210149018943900097084036022      
  -10.3378517248282374905490275991831354      
   58.5744024059584194357873574061291594      
   104.384949835739001524343016754976861      
   123.434065359165908314916157845600283      
   118.384165654507449008689171845288120      
   97.2986860775298534996522433900170635      
   69.8417660940479927376783049329423098      
   43.9938366529097925677377342463029271      
   25.2855717755549268419537390318050011      
   15.6213319854636056446704052028134189      
   14.2334882928367401418088951481079604      
   18.5025928427946836476225453923279126      
   25.1268413416082573246485945653250694      
   31.2073274996010482395929688977920923      
   34.7196132899770750905063185795424876      
   34.8782380409379971432738344055385254      
   31.8526472604144269206633485069565821      
   26.6071917993166519437006986856042861      
   20.2708010618171190204495335935713355      
   14.0472250195861020657760212585323996      
   8.71347693212764168333209302743319228      
   4.68059916121259663263974871977445958      
   2.13275329986559305232908193702759733      
  0.617813250103481196946689605524834340      
   0.00000000000000000000000000000000000      
