   1042243.55739917626889629187508840683      
   840338.078079264289611072041689072060      
   595166.067595971513527180849398434992      
   529851.963881269502197068795825961394      
   445460.186940377367028886748627977873      
   348429.432607540502651234734559055048      
   273283.644505776094339778961602103027      
   201685.833896537833897729561501452272      
   146136.496345620309011655910000722925      
   101602.944932865122080359421536133786      
   68159.9782938011013944461445291014836      
   44662.8688625417361898357872543567040      
   28208.7720464303403497413797250990086      
   17735.6029102416728777836203918952976      
   10961.2392911273398754396168884481180      
   6870.89618854008470334635982059469722      
   4346.65645650276543298640189142230544      
   2746.01345349437044026276369413727399      
   1709.44693746705065149702745106405561      
   968.598466661110298912929345186699337      
   466.109372166280105155355331119832770      
   122.957747001205060566145404183549509      
  -71.1146733552105587460424994132497904      
  -149.244451592186989868036573757350329      
  -143.351371983177833816322005502797706      
  -84.9210769945103596588156749604318211      
  -10.3358932430931551349134259363088643      
   58.5757234000764430927169150217472474      
   104.382623441833755798033406339276695      
   123.432511518742872571111297509214708      
   118.380397115850833076239751990630835      
   97.2967992026796220022002584849748193      
   69.8391993643457854222164745282888221      
   43.9931637396285681841232452037012016      
   25.2847874571749402514572708662374052      
   15.6216820973142826820344996648321568      
   14.2335666063739320425970344801201032      
   18.5030103336328649006247418996164404      
   25.1267698706634927995931429591102887      
   31.2072192774446007509203504759318815      
   34.7190886228217513682957271582183687      
   34.8776900203767276515422382237756624      
   31.8519524210167264521999516810829974      
   26.6066024496848984107965479133062920      
   20.2702888229072717870451446909176370      
   14.0468680360742991525297158206249291      
   8.71324703999693310905986401781259318      
   4.68048972930771149975716319748495861      
   2.13269450695078349516276322911347083      
  0.617821657255666072260305385655634663      
   0.00000000000000000000000000000000000      
