   1042255.78923226514734034349073834682      
   840332.430745487901985907153345868249      
   595165.299838649841950279729005414989      
   529855.420507837635185850305771400471      
   445456.401161484470319110670754011248      
   348431.732007069288238818769719821047      
   273282.152191994074087979901634443166      
   201686.228388850997199063492074874975      
   146136.493814479840570166931111551641      
   101602.749668118902033715339123982119      
   68160.3188885624145472573780997474835      
   44662.7439377144505248341627247192781      
   28208.9732063198894868519182806496207      
   17735.6000763947142329252400683509675      
   10961.2568291015172172192257481032201      
   6870.91832549584942436036602507888289      
   4346.59073811120142235440400001487465      
   2746.01568482691918907745397917096589      
   1709.38464337525353681318165267757636      
   968.591125220571229531964412412595337      
   466.083055337151968286508100018631844      
   122.957869774489112351551363519068673      
  -71.1127431041044434455189813653229966      
  -149.235989227940940829329176693613173      
  -143.341629975857270294704219627923903      
  -84.9130637175940239335626179598139825      
  -10.3319441586602618410563088924454086      
   58.5775169425060420551139101204381195      
   104.379038480877413852974286598563856      
   123.429386183053278628208638772388675      
   118.374226768173764805110847425291909      
   97.2931663313815543432564857140215397      
   69.8350490807900713527642360864518467      
   43.9917051943556229039837710195179107      
   25.2836761624137304077558034738291512      
   15.6220581522174356000332699481801917      
   14.2339036878911219740166060070711916      
   18.5035520211275208040456491695970575      
   25.1268021672553142251435726469301799      
   31.2068885783547054823463029985805152      
   34.7182945668722033006691747828394252      
   34.8766302254405371736489276088177795      
   31.8508294713727203876991557810031557      
   26.6055010009325184818962706400500504      
   20.2694553940577819503906764058749950      
   14.0461959975619456100037680618686042      
   8.71288130198228838131852581978407803      
   4.68026911242029711399301697844492324      
   2.13260735541339060443738365612652486      
  0.617822912560184971923473151024271383      
   0.00000000000000000000000000000000000      
