   1042293.06528453488506709706945325903      
   840315.198602356379781699653518986333      
   595163.011518562058151186192440980983      
   529865.892545194679493259736446384585      
   445444.920677938768638458254660186223      
   348438.697727806334063454700284414749      
   273277.632341517960913129603878138151      
   201687.413612795461053633462212463450      
   146136.496267588461533064373404219591      
   101602.147056557927678564875950021291      
   68161.3631230429085425046220704975113      
   44662.3560646819397915223481883903821      
   28209.5938282701804556132974722161395      
   17735.5832366874422674378253146827287      
   10961.3186730376126084533278989486964      
   6870.97790784916206565109726751489744      
   4346.39800882601081326535889550521238      
   2746.01595064201066708485234310176655      
   1709.20074099341783047331152326207893      
   968.563654768623831499135034321440825      
   466.007336094143405424812070363908110      
   122.954240686978500187899123875963160      
  -71.1033766024294984872359936689372214      
  -149.213430810803435508479464764271750      
  -143.309096073398987734017461499135904      
  -84.8912797604543306852739218751368304      
  -10.3175374893528423206738290911017416      
   58.5808478011140747942666550035187214      
   104.370061424205149386377122880705201      
   123.418157169369489467269430683253255      
   118.356972056824579640839920466336667      
   97.2807524637314352555700766635086120      
   69.8235953492408198415045921124663225      
   43.9862186873877265251696072989834400      
   25.2811897556713207881532622230053567      
   15.6224140747523584986945048256069122      
   14.2355989646539302719869674369945021      
   18.5046220313163888127634260862709672      
   25.1273864549558189311755845776797016      
   31.2054702743479571176585488901043239      
   34.7162153541569992255693619589838494      
   34.8731237312076457379936472900326922      
   31.8476316132465731026213592113087419      
   26.6019689346665074778297032614564433      
   20.2670493274837708525143405957897960      
   14.0440467746111078573163660795794314      
   8.71183465140586629104132849132388376      
   4.67954729128787961460393685076646572      
   2.13236632531229548547853579617631377      
  0.617810009828189343943764478795057830      
   0.00000000000000000000000000000000000      
