   1042427.68544966111184262110524158988      
   840252.725953339016439123696083204052      
   595155.317678409292075153495395103244      
   529903.024192643329319795909581079980      
   445404.080500092267215134700530062355      
   348463.408674905027927827100129777882      
   273261.591100691509680099232337901076      
   201691.540139169715444691462540101015      
   146136.578649857702396202521907055180      
   101599.926926727540622443455791337043      
   68165.1651881440035612442699230968161      
   44660.9128534002609798520053207042033      
   28211.8853181238907611992677361123034      
   17735.4639216695804125290348338008135      
   10961.6051963023455829492335810650647      
   6871.13460779077247233422615794891291      
   4345.75834839299457757906387789905127      
   2745.97080985473523574011121569328254      
   1708.57717581508680424599239061288144      
   968.432052310146360154742068006067009      
   465.760529872725424789322638033807422      
   122.918546973531982985707353951271177      
  -71.0514434533913215052945512204006947      
  -149.148452098869618197784936856138516      
  -143.177976914894465117368454097619074      
  -84.8250010067184982880754899571495321      
  -10.2546441712601765101130140633671191      
   58.5836554835893474674680526529840312      
   104.346094524839280966814578040971658      
   123.370937844614821856433090668243651      
   118.300775559628560547898139330262372      
   97.2312485884408852894913495987731844      
   69.7863127449024045193526914911804992      
   43.9632541424107437874017624248815606      
   25.2747568075804707829625809124191327      
   15.6217134140366191672396659398121405      
   14.2432341101901039104301461632477043      
   18.5073822670850813555130410627695882      
   25.1303428178450715595775502776495542      
   31.1998740569225888662311027643529037      
   34.7091102360665478818865323218821658      
   34.8603885202599909307312442699225340      
   31.8361864671911898236165384553043161      
   26.5893578339729155449701997087390203      
   20.2582825419846055051900297011893348      
   14.0365098479977412839414609627019520      
   8.70791213980325376621965570421325735      
   4.67714989842800917957453646809110406      
   2.13138956593636762929815886454358531      
  0.617890640497456894580651194428676557      
   0.00000000000000000000000000000000000      
