   1042577.89509037465255937354212809820      
   840182.634153970812362654786273264291      
   595147.668906815337175841701922219587      
   529943.325422591161610857387438304261      
   445359.521526846627293914056349085193      
   348490.273081762595077139591386984905      
   273244.114771845657496295921100520233      
   201695.941286154235497186067164263867      
   146136.735103262821811049539968445929      
   101597.433705078838404813306192287307      
   68169.4044693008460336299617056125604      
   44659.2828791782536859326987568176572      
   28214.4796851622707642553653005856334      
   17735.2761585367731807437645683052055      
   10961.9916304333194554696090320644685      
   6871.24793944716586256035311979084445      
   4345.10548155924729877797030842543254      
   2745.87422837834112358311308761406292      
   1707.92038776463328036779976726617496      
   968.257406825689316002626337302427090      
   465.505081619741212444851036329769469      
   122.863216603268773842990518154637850      
  -70.9837043476844158902503910799120653      
  -149.085082608883021282172527328357303      
  -143.025543104757357318099937862298649      
  -84.7568406123501051862428213891327616      
  -10.1795914375582922431280006081159349      
   58.5831833959588242734385064246131518      
   104.323051129599153684393917666320834      
   123.316246865211435450220586710217778      
   118.240263377815881328040632643826238      
   97.1751139235986927952059116228170176      
   69.7455045356833678155921065904749234      
   43.9374507339679767676547957898223372      
   25.2674576628716270037772743273512081      
   15.6212247617944989629568508830631389      
   14.2512370728412118041053140063443086      
   18.5110581431271150648971484787083125      
   25.1330528320010339982366168350772681      
   31.1943706372942461444648108807677382      
   34.7006390775584682607632816334622736      
   34.8469166220392403093543869530748564      
   31.8229356538051303852077730367884969      
   26.5759155498453073630370255765257295      
   20.2480951594921297551589683070613038      
   14.0285686656544528213486045774399147      
   8.70324029016802959689707240801896380      
   4.67477099784837779792187151151054553      
   2.13015013056500686136181031815010408      
  0.618115517019242120424965065724645989      
   0.00000000000000000000000000000000000      
