   1042843.02179870167805324224427955459      
   840058.071015841186773245080703806442      
   595136.288387099636273706165533912199      
   530011.891410453811985714695115714289      
   445283.147971097739780765631514489319      
   348536.129573097432109561633445660800      
   273214.144302671430031875046123581990      
   201703.347910214902394045757031724585      
   146137.044623658010775961304228602554      
   101593.107299433710997957313961501908      
   68176.7757073257294211747251991481157      
   44656.4562196602563435743454312844407      
   28219.0619338866896275475757872367887      
   17734.8944530164529143233766206364065      
   10962.7624535753366984950725807126395      
   6871.36478217161708090646063239472591      
   4344.04192848228097791260075134810443      
   2745.64284661606960894867401069507323      
   1706.80989513238198684995304881683311      
   967.920699085542152141442565732663367      
   465.067894290687749084773753623047296      
   122.757429455928639862063390024400492      
  -70.8661238362035845648044465923458408      
  -148.973365520247046421570976178735175      
  -142.760407068449796583143592587525861      
  -84.6345681692252885389404991359899305      
  -10.0487261855832907151747338199405641      
   58.5847756057322763604952871195814532      
   104.282060591085342674034208543883860      
   123.222227577224056207102515779987131      
   118.132685205630785813860767080820557      
   97.0783957972731896037487028289663987      
   69.6717271005344986531561239679799852      
   43.8939926086412952539574685699553098      
   25.2523551859204340133691554464453606      
   15.6222040245897961357298335649073549      
   14.2633633899901203989986783437755368      
   18.5191996373937057003907371346165019      
   25.1363928354885358796557619743352422      
   31.1860929211890214663195101573987043      
   34.6847560800794637455004958224370438      
   34.8242741396240687262377259544674074      
   31.7989377726945704997962653088549152      
   26.5529790330303105951043571271566666      
   20.2296897320932376636002778431928646      
   14.0150221208982212534035790960386144      
   8.69472298214933515503462599975935007      
   4.67079476561051817027565453728006262      
   2.12784740278235814686677395237978082      
  0.618575717964203074521717583412038019      
   0.00000000000000000000000000000000000      
