   1047025.42269693578323219802508534571      
   838011.492452575903923052580359349225      
   595184.312275363731414791303056192478      
   530812.832324161332188995751524766155      
   444324.480463609356921186890550577156      
   349095.213549293628090657025942942324      
   272823.551453389796989071481445730119      
   201795.916807113660972116908417097523      
   146127.430881048143837813573969691997      
   101549.880861109125121197603229983695      
   68265.0961793016524591229831853795762      
   44631.5098072877321733771144216960197      
   28280.3075917760126302976258956563154      
   17733.5333824855119308272738607041441      
   10977.1181239940908531414865939686841      
   6870.57401252333084683055400361888640      
   4332.26087907717915723468483382696592      
   2738.97851162100946112339427301787525      
   1691.81334384478706904878441243163039      
   961.348507561588204230442908922128731      
   458.102339632470355220238913725478405      
   121.093831781988372825841023424235180      
  -70.0126508851231067007958832661465041      
  -146.784947286636447587685815979385845      
  -139.323695508590629419635406406989959      
  -82.2910695252706289634051920500226680      
  -8.21227465392173332263594921805444869      
   58.8996935669163280504558123899010473      
   103.690553544396632249361543571551793      
   121.902322164600506045533547348723614      
   116.511670346164069372877692931317106      
   95.6175933321834057819301612878854914      
   68.5058184281304519046471904377402439      
   43.2192554897387362494282522333075783      
   24.9628876152844209958247167733528659      
   15.6383862272520205157555525380839252      
   14.4109440521613074327980932645631651      
   18.6615149864031329966935959979846145      
   25.1773302559587471708578196197590369      
   31.0808091836383270981814214169058587      
   34.4444733010620152416315979386865442      
   34.4908810100081560451330075713726013      
   31.4330396905323575229007475184971390      
   26.2046751260464827608148315750385628      
   19.9445257043624763648142565174457352      
   13.8043698375910285380040684582899083      
   8.56035302686754167119909626334752348      
   4.60485658508445062724326739823154915      
   2.09170445106143926088839304672249348      
  0.621413643429755114151145984521286523      
   0.00000000000000000000000000000000000      
