   1051288.15824384767515196342753151325      
   835853.941426899161704722537140780341      
   595484.027043557008569835091908175331      
   531308.032724066848412477025028684572      
   443630.652658043513806502067563584249      
   349473.617279936595545824156041956460      
   272517.288422181676122397733332410087      
   201862.561868072743071736459188191729      
   146097.332564247415670634172549881837      
   101536.678649966312829500508667841735      
   68319.8148294762741935743586350732306      
   44632.4867501388322084635376272493923      
   28327.1459280977972031153609677104460      
   17741.7654600393834092211083476481860      
   10991.8327579938465393103952344652395      
   6869.72793598711615544586101127661448      
   4324.48624764994697015563668951951504      
   2729.78608015080729137766700902470339      
   1678.92739351703892469844862549220054      
   952.901574329381176811254267292985051      
   451.086885789136765209710419643017896      
   118.672004490756190990773149398794722      
  -69.8976477946916511359259278690112882      
  -144.628856852811539670938454009097996      
  -136.319593128958948849836688819395170      
  -79.6897273966443994516025427419902293      
  -6.36995797642046334361774410089846877      
   59.4712900855358412413500509140678605      
   103.273101887750356124368338220086659      
   120.708040104947443991914160911365193      
   115.004783706794921516349479037023682      
   94.1559498564420429323929626667044380      
   67.3476043251434511155178181234336239      
   42.4903293585069807954826353955722505      
   24.6355918209331894017971402210021889      
   15.6139165972055476709508778590740457      
   14.5352672173503577047983447026266088      
   18.7987010040147673659006229250127691      
   25.2235684845199388783400296821545556      
   30.9913942196299810865779487074548399      
   34.2206379313194510624334701472937977      
   34.1726474796689321900096777701409046      
   31.0765663599501195794232765559912138      
   25.8613131350344150805078451682207431      
   19.6581400004685903149383575436567440      
   13.5908124400045080390173432125593061      
   8.42132746453817342024909343740061078      
   4.53336459224674799812539217428387777      
   2.05396778090612553786759780580738446      
  0.619708244376136109141056765091685766      
   0.00000000000000000000000000000000000      
