   1054832.40947693997585638115451282565      
   834045.242120274928700447374993653210      
   595835.047746421421703228168672522809      
   531580.241640272044887323519363338163      
   443179.176106821760574637038796920713      
   349699.838912904788504910476757305772      
   272305.007835093654740998608896337449      
   201900.849617292135526737553938202304      
   146066.058689221890032082288175831828      
   101535.462273313707760368177050098115      
   68352.1432480926600252495632467349750      
   44643.6351855883459448923030878144550      
   28360.3256614408179343280143938880369      
   17753.4814294295781962803443389882786      
   11004.0994051567310349578848268581774      
   6870.05709738316254669318424875414299      
   4319.47070275071607796959273365370046      
   2721.62479646633142550668033146147196      
   1668.92992527445619558654078313178364      
   945.086769621616928832578416203080906      
   445.156256915654733124623391381517389      
   116.100752094058342377538170615489051      
  -70.1263529937381059141641737963878645      
  -143.048389842071121372473997590080942      
  -133.984499200533532005184282558200435      
  -77.4854694170410164692573874488338466      
  -4.80476072603440486100428456454882566      
   60.0777047519106092906922389011737485      
   103.024460469415166741897366268467162      
   119.810909065731399222316367088793287      
   113.810007935685849709865785512092515      
   92.9642472988398214601712322174074580      
   66.3847864481300226562656967084916635      
   41.8640706658756851837792304005042439      
   24.3400402144561500662009554059383702      
   15.5709778086589363996625034362186584      
   14.6242468542099849280318914777035831      
   18.9073041185033481417358981721953403      
   25.2642886276820715732559709112352261      
   30.9246357354725756299296982586023522      
   34.0437838517105645588236772341349838      
   33.9169429886801545148779786457814986      
   30.7860209126091399187617493553661793      
   25.5795760271710134029646733468991419      
   19.4199897898677943620233844375478509      
   13.4123927309098101335696242256945613      
   8.30347227516640350071820299346503259      
   4.47135878104734896125715551463376404      
   2.02166781094787947606931645957248303      
  0.616227895189956665644690097229181622      
   0.00000000000000000000000000000000000      
