   1042227.15312243466075680689482269467      
   840345.645347144284883174577718712526      
   595167.111917693609264534722933422888      
   529847.310468444101625782161821987940      
   445465.280416133898492270262643249981      
   348426.336530642638332742340577374522      
   273285.654550833817419973062029450828      
   201685.299090639250691337759250808169      
   146136.503656007753473685631647782833      
   101603.203591127389897116708753910790      
   68159.5243457313402169427648563826884      
   44663.0333326612586286850409849827711      
   28208.5053880574240844941819669721690      
   17735.6034265174704774845653292800029      
   10961.2190514021940486543201770765854      
   6870.86336518590928360036055000989658      
   4346.74759347181635344035183001492908      
   2746.00774528541780724794383924683642      
   1709.53299601699028344647790622796606      
   968.606040165606313151641835589991717      
   466.146729003540122816274519545314066      
   122.955664820902889956703343126665169      
  -71.1155328143229872217370211432192322      
  -149.257445879454978140166192623412103      
  -143.362947466831613691290792366438654      
  -84.9332420255146755457334253291529604      
  -10.3398947133409390058779593601359963      
   58.5721026299520934417791281232831492      
   104.388545190062679418867077137628488      
   123.435670524012344751531887870592359      
   118.389613054966682117613733732320474      
   97.3008018010777083725666868622381892      
   69.8455459861382647750984582098778749      
   43.9943949249856380331651906227752138      
   25.2869164834819385689471092019675175      
   15.6205819827476906183347997865577968      
   14.2336301861857504943516007184636217      
   18.5018034669950960070766200841128710      
   25.1271354345844778103787577318910028      
   31.2072845376938531082342982602235824      
   34.7204686094803967274020812837222315      
   34.8788223409442739231030852112168718      
   31.8536906144622518725813525077174769      
   26.6078678677054724999082291371037683      
   20.2715661251518780411433695774576148      
   14.0476240304481274894408440061012599      
   8.71383460193059123064138171724527731      
   4.68069717943020035321275417196160131      
   2.13285557065297003983326604929405619      
  0.617779731822202291653428149372013464      
   0.00000000000000000000000000000000000      
