   1042227.45785625222823641928892827075      
   840345.504844959154459922055120375650      
   595167.092357303280727413467041285598      
   529847.397106010409895106357833236930      
   445465.185617981669040705336841301187      
   348426.394181435524510732521206005716      
   273285.617113347218397535809436493093      
   201685.309091936018208887391950753378      
   146136.503473248805300286870497462610      
   101603.198825552588734164337422273591      
   68159.5327433795818751580529679010444      
   44663.0303149951371730145483073677500      
   28208.5103036981760983221418729006188      
   17735.6034565421627208172087928065548      
   10961.2193880065210942354150013433691      
   6870.86401264423457323959424140535813      
   4346.74586433424113881275297081905639      
   2746.00788426488635725878521774349127      
   1709.53136668755960212677070359888199      
   968.605927386189216062421414111010910      
   466.146009518042863270017620896683346      
   122.955727315722484139390448144487369      
  -71.1155384811515355208868927710722328      
  -149.257183905010319160491960489494166      
  -143.362751174061779529132554532359308      
  -84.9329982102303692210286542253215082      
  -10.3398367072876950889469292642757989      
   58.5721852265751355002450772062748816      
   104.388421109188853786857019555753216      
   123.435624901768536470114940672186928      
   118.389429938551460532941351359627716      
   97.3007384625312908236211891300178507      
   69.8454181792758909789900898646886232      
   43.9943812375599105587748054069226978      
   25.2868688207548840284630127881914179      
   15.6206099557079542210800466424245358      
   14.2336224646393914277404821486528349      
   18.5018319443858781420141140963597649      
   25.1271234780227376526216987691397823      
   31.2072880704175789835221123867952650      
   34.7204390185935909465260372408344624      
   34.8788049032366192355616489674637008      
   31.8536554346531809901004158057728349      
   26.6078469669737067147415703069784022      
   20.2715404331067870460189467910087999      
   14.0476117482836250293684536802418721      
   8.71382250986373626063650394702512769      
   4.68069437698743612402205923631231125      
   2.13285205315557608824730431518440531      
  0.617780977123524015341977242548323421      
   0.00000000000000000000000000000000000      
