   157.369717905729408098771194603555449      
   131.642332109757269503479079831372432      
   102.400129014944469147352729279937160      
   83.7844513389485740780002338243178114      
   49.8975700914185278572793416340912541      
   31.9889849218615162382228137843564744      
   18.2721003009433907216713473627468040      
   7.70067333432324208978183715416392087      
   4.49347596082495433829816372081218114      
   1.44863903046891425327436812648021244      
  0.585165255116957476126168674394480016      
  0.926976403871656701901040051906188237      
  0.164390597805196828666804053949442002      
  0.736851565664328188869056722875256251      
  0.242881824489512529081664236032525851      
  0.309984539946847913250781063972252560      
  0.177072090952778598846310168134075055      
   4.81580042035701413389074967027417569E-0002
   6.37613693078673969813741511090072034E-0002
   0.00000000000000000000000000000000000      
   0.00000000000000000000000000000000000      
