   19922938656.0719510889253317066504183      
   511752519.108369349092229063880340085      
   310174165.658392766835873659045444672      
   150523262.668838330676043064389355504      
   65376458.7469132701320324193575787927      
   31354803.5670744770927875777703029981      
   15838985.6929029513043060080289856992      
   7346079.02960362916715967292789932262      
   3157806.29964731163687911042302542847      
   1399786.09347457357758583074714080593      
   587574.758328935469170052014054377789      
   239001.973199319261229136321045597980      
   117322.345150511377145914605036752955      
   63260.3719594350788272688738341679773      
   35471.7727825898053472666291374187723      
   24332.9338240626557272167344751592268      
   14604.4237683711726886341853390669495      
   7092.99230053858523122195259231824814      
   4029.63296193016864127045645623408737      
   1793.13178354358648891601193190164781      
   220.552864946229725235389960806515637      
