   625.986734090100841530235168381128755      
   564.625077108350926154347318500784748      
   426.432884821643365263849007975807889      
   297.430799538235125064090972575637201      
   195.385179338847197170945722197527479      
   119.838136970480677524022432810980089      
   68.5830087878867763663666663252609076      
   39.2554097166796714347743233482088750      
   22.4648813296951003004390013083787163      
   13.0721022989263759708149834840321537      
   8.08117048827381173011190014912669238      
   5.22805547316692397238869182283929676      
   3.26813566141429644282390431903696190      
   2.04695070228017433693491095683071145      
   1.19527562550876784325822464754843827      
  0.609907609173310425580305954739080292      
  0.274935619510336314705729510140220395      
  0.121136029317306995106739877482706741      
   1.65543926076219195303070604028705643E-0002
   0.00000000000000000000000000000000000      
   0.00000000000000000000000000000000000      
