   1.42800478895082034796018808402630523E-0003
   1.46798024511884970444527877603604112      
   1.49687143628669431350772964758247003      
   1.52608728474008009064098382232996157      
   1.55563873084599905301630582971231390      
   1.58553660376170257319420476917058428      
   1.61579164179210363706112531690957994      
   1.64641451096776568647637952873078045      
   1.67741582205828995440818136303912511      
   1.70880614620699147881644763650237145      
   1.74059602934823185382610634876996748      
   1.77279600554791297377365518429104656      
   1.80541660938982673197117408263086047      
   1.83846838751530573752066357170819281      
   1.87196190941052234437808634400837179      
   1.90590777752450113567196524477952555      
   1.94031663679116467976527555136767913      
   1.97519918362029181744926773938907095      
   2.01056617441178779466451972303048069      
   2.04642843366341536908857194979513900      
   2.08279686166994513382822583654912734      
   2.11968244191824281448203214009804552      
   2.15709624816671760641469919162401595      
   2.19504945126113925354792330669300981      
   2.23355332571300405706436251790258719      
   2.27261925606694649196637604374131791      
   2.31225874308111811776515433688465461      
   2.35248340974217481492264188034953830      
   2.39330500713448972295653517866516458      
   2.43473542018141021017517866984748343      
   2.47678667327477502331259007680767958      
   2.51947093580747827699328929568565141      
   2.56280052762258934624698981935006899      
   2.60678792439139382266353775738990266      
   2.65144576293169472073887395879582521      
   2.69678684647679127468141728969559906      
   2.74282414990472289790358242227465012      
   2.78957082493661762318810296524582501      
   2.83704020531230830754367794767671105      
   2.88524581195076790760539251212256651      
   2.93420135810236002202941906286999195      
   2.98392075449939621166240744381660887      
   3.03441811451103179619039622248305620      
   3.08570775930811179314968670529786485      
   3.13780422304319392717464859248582859      
   3.19072225805062227734398567375268916      
   3.24447684007119950464996908026999951      
   3.29908317350570448308532970421871008      
   3.35455669670122271501396809487844577      
   3.41091308727399646413581302044780814      
   3.46816826747225771253241267363852467      
   3.52633840958227782364144272183535448      
   3.58543994138065067335668399659015115      
   3.64548955163561910678422122871052045      
   3.70650419566005734523366347633215615      
   3.76850110091854013174563497331058387      
   3.83149777269073887638221967314112252      
   3.89551199979317322029058695053360683      
   3.96056186036125020584692643923814283      
   4.02666572769327195747663690545498737      
   4.09384227615795495350616875102366804      
   4.16211048716682384828304694242771213      
   4.23148965521266770986810763232562346      
   4.30199939397506889468318361570183772      
   4.37365964249383359700289905938163204      
   4.44649067141096713357609372619323079      
   4.52051308928164550814086303436286741      
   4.59574784895443637257235507806454050      
   4.67221625402081620475903696146113057      
   4.74993996533381554756792560483542792      
   4.82894100759539888367267158131569108      
   4.90924177601227925269100799456117551      
   4.99086504301729847556544570465176807      
   5.07383396506024004478382488898246946      
   5.15817208945994116741316484793069563      
   5.24390336132106240395797754624298076      
   5.33105213051145626426004253702925099      
   5.41964315869812914682833738282125873      
   5.50970162643910092025508034088026378      
   5.60125314032809681755294515381101404      
   5.69432374018861358839317818874950332      
   5.78893990631347248537059256743391802      
   5.88512856674559660036529935151462314      
   5.98291710459513824778196235021493427      
   6.08233336538771010242266790784171962      
   6.18340566443792123005900416079355195      
   6.28616279424180165166157857672371595      
   6.39063403188113787236194435442109865      
   6.49684914643209537401215658711985548      
   6.60483840636982693870838374869323926      
   6.71463258696004617974389251262771208      
   6.82626297762763247178049648747510091      
   6.93976138929254548796092813252721639      
   7.05516016165949666547490686328664454      
   7.17249217045170826748560392334436487      
   7.29179083457349879899767925590071742      
   7.41309012318808232925511757264031138      
   7.53642456269503392550930085562002379      
   7.66182924359084850769891523518785827      
   7.78933982719480853628470701050786711      
   7.91899255222106274818387650148542159      
   8.05082424117665826680128310621396766      
   8.18487230656339130774028265080252760      
   8.32117475686039683219027636510398056      
   8.45977020226244721951468885465088836      
   8.60069786014735965137538280065776474      
   8.74399756024416255400655408433578921      
   8.88970974947180924487485524591912151      
   9.03787549641630765637244429906547813      
   9.18853649541205254681987474550140294      
   9.34173507019103930968154506044912265      
   9.49751417706141653895900277736865495      
   9.65591740757449889272899503557331388      
   9.81698899063655685300257236712812246      
   9.98077379401997333855647559341947024      
   10.1473173252244159354482035680635779      
   10.3166657316385640598816257976589130      
   10.4888657999437588967849163351861806      
   10.6639649547076370064374704241406696      
   10.8420112561032667748862556326422931      
   11.0230533966929907318452249725173499      
   11.2071406972062325210170550843077113      
   11.3943231012450294464672961209343741      
   11.5846511688398478252597758927400529      
   11.7781760687793235062279975122836586      
   11.9749495696322695261329803247076531      
   12.1750240293764726263673003528382848      
   12.3784523835447249353404091812847676      
   12.5852881317962192608657799789080187      
   12.7955853228037175389491940447041196      
   13.0093985373944487508544529746301322      
   13.2267828697696294661401480094973620      
   13.4477939067649020314965930123266549      
   13.6724877049922471999981354679769231      
   13.9009207657606841044813679298011040      
   14.1331500076524424035267835044198837      
   14.3692327366265776715284060400867430      
   14.6092266135180741535818679221948841      
   14.8531896188070934565011608400412754      
   15.1011800145023800522525670289429262      
   15.3532563030245051401194245226006912      
   15.6094771829169363610504203959503127      
   15.8699015012601279476085107895546236      
   16.1345882026179528534287215058761224      
   16.4035962743904932726514838249960142      
