   4.64101556409016613087061127308549190E-0003
   4.77093579663626153944715602211713334      
   4.86483216793175651890012135464302771      
   4.95978367540526029458319742257237569      
   5.05582587524949692230299394656502059      
   5.15299396222553336288116549980439881      
   5.25132283582433682044865727995613444      
   5.35084716064523848104823346837503681      
   5.45160142168944235182658942987715705      
   5.55361997517272230615345481863270694      
   5.65693709538175352493484563350239505      
   5.76158701803071716476437934894590098      
   5.86760398051693687890631576855029678      
   5.97502225942474364694215660805162737      
   6.08387620558419761922878061802720855      
   6.19420027695462869093388704553345774      
   6.30602906957128520923714554194495664      
   6.41939734676594840671012015301448002      
   6.53434006683831033265968909984906244      
   6.65089240940609994953785883683420155      
   6.76908980042732168494173396878466357      
   6.88896793623428914706660445531864735      
   7.01056280654183222084777237277805154      
   7.13391071659870257403075074675228188      
   7.25904830856726318545917818318340838      
   7.38601258221757609889072214215928234      
   7.51484091501363388273675159487512815      
   7.64557108166206814849858611113599997      
   7.77824127318709159960873933066178517      
   7.91289011558958318306933067700432106      
   8.04955668814301882576591774962495805      
   8.18828054137430440022819021097836650      
   8.32910171477341537530271691288772423      
   8.47206075427202992365649771151718395      
   8.61719872952800784240134036608643116      
   8.76455725104957164271460619151069628      
   8.91417848719034941818664287239261327      
   9.06610518104400727536133463704893100      
   9.22038066726500199951695332994931234      
   9.37704888883999569971752566439834125      
   9.53615441383267007159561195432747442      
   9.69774245212303768790282419240397833      
   9.86185887216085333761878772306993313      
   10.0285502177513633277364817922180601      
   10.1978637248903802633176079255789428      
   10.3698473386645224013679534396962391      
   10.5445497302313983901123995108774977      
   10.7220203138935395700273215387108076      
   10.9023092642789738237953963083549491      
   11.0854675336404885084413923164553767      
   11.2715468692848375657303411893252048      
   11.4605998311424029268346888459649025      
   11.6526798094871146884092229889179911      
   11.8478410428157620970487189933091926      
   12.0461386358951863720094062980795080      
   12.2476285779852554281733136632593968      
   12.4523677612449013482422139377086490      
   12.6604139993278129659444075892342232      
   12.8718260461740631690025109275239651      
   13.0866636150031338617990699427287086      
   13.3049873975133535988950484408269204      
   13.5268590832921775069199025628900631      
   13.7523413794411700570713498050582757      
   13.9814980304189739077203467510309720      
   14.2143938381049591902594219429903036      
   14.4510946820856431841223046101280014      
   14.6916675401653479014578048616793193      
   14.9361805091019182108601540037097539      
   15.1847028255676526654668701247486742      
   15.4373048873349005295957582157151386      
   15.6940582746850463719361826392759956      
   15.9550357720399075712457759823238214      
   16.2203113898062200455876985401182449      
   16.4899603864457801455474308891930252      
   16.7640592907448087940927857557747581      
   17.0426859242934528128634270252896888      
   17.3259194241622328588451382453450677      
   17.6138402657689197271920964941690905      
   17.9065302859270779908290111078608571      
   18.2040727060663146570470717498857970      
   18.5065521556129941622778291134358854      
   18.8140546955187855774544258441602355      
   19.1266678419231889511872228924225239      
   19.4444805899341993052913776381985364      
   19.7675834375100578328736707004855888      
   20.0960684094232439976917635225790444      
   20.4300290812858553679001303743520755      
   20.7695606036136980851763191518685704      
   21.1147597259043099655395089081395296      
   21.4657248207019375508022471832530264      
   21.8225559076201500841676506660400650      
   22.1853546772898055332866135842940781      
   22.5542245152007728358730164307134529      
   22.9292705253933641627934473056815946      
   23.3105995539680518693282127508691853      
   23.6983202123638710967424575816773289      
   24.0925429003612675700791321110810118      
   24.4933798287588602579052277807650758      
   24.9009450416702576500214745143605413      
   25.3153544383831277429252977841505693      
   25.7367257947184539315975986298276177      
   26.1651787838241393671041700951953910      
   26.6008349963310217501559186151082128      
   27.0438179597962897046183981865879372      
   27.4942531573529534634227387776153872      
   27.9522680454789188669699941021377319      
   28.4179920707935283005213007740913153      
   28.8915566857833800458432795492371438      
   29.3730953633529998832104439719628058      
   29.8627436100891707771645929228795603      
   30.3606389781208777564650214464596467      
   30.8669210754496037516167590264481313      
   31.3817315746171214013692338656132659      
   31.9052142195688097722583601931663949      
   32.4375148305649133503085456786132802      
   32.9787813069793517902066615962066273      
   33.5291636278253331946152838423914670      
   34.0888138498172164145509780893550893      
   34.6578861027998202709217788784571747      
   35.2365365823356170183803308060874572      
   35.8249235392522198784969811606813847      
   36.4232072659202556933054290240000591      
   37.0315500790463457010187123930367208      
   37.6501162987295054320942716514051739      
   38.2790722235328013952409919149218923      
   38.9185861013048759599321860552998748      
   39.5688280954735360356937261467244298      
   40.2299702465203560398563298391754896      
   40.9021864283377125978137849314510603      
   41.5856522991120820015848806452883910      
   42.2805452465319584402769721675479288      
   42.9870443267512957649554810308664249      
   43.7053301969859316023639272900616272      
   44.4355850412248033999939402709250033      
   45.1779924887222233395644457718535900      
   45.9327375248704378114620463893646193      
   46.7000063940363774324673196302819169      
   47.4799864939337409991410707471333762      
   48.2728662611230537336287727301341466      
   49.0788350471327351698208428440645117      
   49.8980829848296417053881296984522451      
   50.7308008444800431734138662868385150      
   51.5771798790954158297276600660525221      
   52.4374116585083467736433448940973992      
   53.3116878917691031361173224312370561      
