   2.64760009971905228635224712142634827E-0002
   5.52863731150398440598698592557453856E-0002
   5.64409997581246265392675952311091727E-0002
   5.76079125025025376190924449068107408E-0002
   5.87875510701882604048918090208762570E-0002
   5.99803501162792156073234480134402198E-0002
   6.11867400782587848280948897573053873E-0002
   6.24071479513996296097903452607896871E-0002
   6.36419979990439392323616076650160439E-0002
   6.48917124053764929622256095664575999E-0002
   6.61567118773185249465024881936645173E-0002
   6.74374162013270489179137744803390928E-0002
   6.87342447601621958465403616712146254E-0002
   7.00476170140650018380679273748550598E-0002
   7.13779529502540486960251018884925834E-0002
   7.27256735041882003445417985330735549E-0002
   7.40912009556434078936830629847554769E-0002
   7.54749593023049902224854612948563111E-0002
   7.68773746131502176114222121856040496E-0002
   7.82988753645112937352964884518404609E-0002
   7.97398927588347369891995027105049940E-0002
   8.12008610303744817652804104362929576E-0002
   8.26822177374405036731845781040813025E-0002
   8.41844040433420671950918852527928223E-0002
   8.57078649871333357169903327811267101E-0002
   8.72530497452761691470130089815713468E-0002
   8.88204118852277508870648521865552059E-0002
   9.04104096118656661836510448528003980E-0002
   9.20235060075786738934608987814203611E-0002
   9.36601692667763485932059316071477604E-0002
   9.53208729255038831974877885916176862E-0002
   9.70060960867886418553021729372347360E-0002
   9.87163236422916840651729792773939535E-0002
  0.100452046490789694738527378641789808      
  0.102213761753969901917639462596965481      
  0.104001972989982074458524327229340324      
  0.105817190405157069157763066316368916      
  0.107659931064270203646988954952234062      
  0.109530719099699583774823755815663489      
  0.111430085919804074784670778899023001      
  0.113358570416822576154214046216135088      
  0.115316719174575375052928909227055590      
  0.117305086676229382152538696169062095      
  0.119324235512371786561841621912875244      
  0.121374736589620917723707024587809958      
  0.123457169339988710085196031992317994      
  0.125572121931195981478864782149675948      
  0.127720191478129624595630761158616432      
  0.129901984255619658057317035852193586      
  0.132118115912703778677171249962965405      
  0.134369211688537503112497935419701585      
  0.136655906630099103794182430054943275      
  0.138978845811830229371026279404364241      
  0.141338684557345279172267856009793376      
  0.143736088663335251750732821834130359      
  0.146171734625785133095534241732216914      
  0.148646309868616985496655789852221083      
  0.151160512974863247614891671559122951      
  0.153715053920471738800288083805453275      
  0.156310654310834846734201392045452077      
  0.158948047620130915110703091462769961      
  0.161627979433559822896003887659635811      
  0.164351207692549017965568792201205669      
  0.167118502943000543820532312519124662      
  0.169930648586643840356890120315060770      
  0.172788441135553265790719124316825416      
  0.175692690469883349179577204722703822      
  0.178644220098868694562183074264719870      
  0.181643867425129184702589529693613577      
  0.184692484012314649167424876974171608      
  0.187790935856116410421031223341113955      
  0.190940103658679022270267299237190961      
  0.194140883106347085079349427178111636      
  0.197394185150948873400196041403575480      
  0.200700936294350332090495501249184826      
  0.204062078876466805218306107986253666      
  0.207478571366631879596436624198913681      
  0.210951388658306537981624939608518497      
  0.214481522367088192722549607648809022      
  0.218069981131968335135647950737542880      
  0.221717790919776019849872903219805975      
  0.225425995332731686914793578337163549      
  0.229195655919025484944964828395413811      
  0.233027852486314906702143442895579838      
  0.236923683418026870191744113938613876      
  0.240884265992332914112272108076491833      
  0.244910736703647482568282651419428192      
  0.249004251586483107221048349926508042      
  0.253165986541477134362084016793510483      
  0.257397137663384644264592403911264094      
  0.261698921570810932519309437242855476      
  0.266072575737428465914804066318430866      
  0.270519358824439248495085194032051674      
  0.275040551013901711265757950727902244      
  0.279637454342701930409142581118633604      
  0.284311393036739181821913377973727172      
  0.289063713844970065662738120055047305      
  0.293895786372889887612172718588820473      
  0.298809003415000669550993789373846541      
  0.303804781285779144912563629447177233      
  0.308884560148618762622773334423160523      
  0.314049804342187078859373531626403052      
  0.319302002703579923317397392286123001      
  0.324642668887630982892928150634237168      
  0.330073341681674152284529808070748118      
  0.335595585315010424498071559748997062      
  0.341210989762279400319091972072641772      
  0.346921171039880324134803655398028760      
  0.352727771494531130260428235493367484      
  0.358632460082992216334284426932338463      
  0.364636932641920005405366676126184636      
  0.370742912146750365104961111845010445      
  0.376952148958443723477383027758006627      
  0.383266421056838364070343977126759756      
  0.389687534259316604845577636095234271      
  0.396217322423361452384187542238040081      
  0.402857647631605731564710456874200246      
  0.409610400357646778592321222403887139      
  0.416477499611193717120710958230757555      
  0.423460893060656832117477888834513747      
  0.430562557131467930444127813905191788      
  0.437784497078068665760088392406548452      
  0.445128747027718936211643054632012919      
  0.452597369993880054235597719070878175      
  0.460192457857013162423286008910798587      
  0.467916131310471306449476449628927679      
  0.475770539769061860500161032095657716      
  0.483757861237746718108384857765386684      
  0.491880302137909686766074413031640862      
  0.500140097087982415196583561894433476      
  0.508539508637139513846776531176284208      
  0.517080826946408971638630389697860641      
  0.525766369416986483096506580611196348      
  0.534598480260844221125820631789652685      
  0.543579530011017002500575406404589311      
  0.552711914968215052019825434190168800      
  0.561998056580305771540969119301435567      
  0.571440400751134359419608289622642002      
  0.581041417075497349194027216325241272      
  0.590803597995972171441885206785195754      
  0.600729457879031138440100267550268359      
  0.610821532005706588374700028629754066      
  0.621082375474025154987222894276481097      
  0.631514562008739244666522322599258028      
  0.642120682675746995645958398451294379      
