   590572.808593128172005092593379381981      
   502047.105879829143240193574413427250      
   322320.204404200054292965302158768565      
   175518.068611524525262939701696997191      
   94438.8786464046984323124276270969633      
   57464.5680787588265365161323371120554      
   33064.8364264134614460785847844655675      
   12599.8047558967510803254452798551014      
   4859.17806243696313703612191923692958      
   4026.67212769729390081675489412805725      
   1278.05456116685561801413663828739938      
  -749.830459794179655168048411303434542      
  -145.671032137846366575386861373792390      
   198.861291477163569929596696005654266      
  -267.984268127528289043759713290516131      
  -899.069251811550446468474188409276179      
  -407.359591042885680699816253442589373      
   136.209561926028576572937937318458393      
  -804.580242126720571319747322443445670      
  -894.701095270549566314106346548066208      
   0.00000000000000000000000000000000000      
