   24353167616.4252161747236184430861636      
   3144748596.71680166703247056941952983      
   1057661016.85359927971282021279230463      
   203509775.964481681719741847129034802      
   158298704.676445104120628206983299731      
   99777070.1232803449840284071777455378      
   40824968.3521820038596292151105842842      
   26375808.0338547937411262830249835381      
   10682877.1759334115688600373552704894      
   4604105.26476559282245277531381951403      
   2228240.36712724809342638876651088270      
   162829.977248301130743230731741692307      
   233377.162357344823800616949892035427      
  -82466.6959367625741010159838021720204      
  -31081.1269972980835128908299127120059      
   48035.9241084085413805653027919022154      
  -5797.64516927584954658689602897160428      
   43708.5288691686036775375815474728215      
   11975.4955094996904553121735106934820      
   6549.53235342405742610057943751329647      
   9872.59006861552141004198732499523495      
