114.91504200087616119695730678092518	0.4018311023903861896309226114978
114.91501725747299387107994279003721	0.4017888402575323994015175405031
114.9149916753893674765626580147009	0.401749385971299491882587430383
114.91496522619811265165745250867137	0.4017126073898771321475855947819
114.9149378805085179022302816247505	0.4016783777568197746481291896436
114.91490960793367023180871977149824	0.401646575489486242999714042878
114.91488037705668877857780792132277	0.4016170839758104363373082578439
114.91485015539581393766893482036977	0.4015897913790548083192814951068
114.91481890936831317528584132251758	0.4015645904502140743145936531851
114.91478660425316342630324559692146	0.4015413783477516465118373143143
114.91475320415246860749601931096093	0.4015200564643656111469309801006
114.91471867195156937299963076828225	0.4015005302604946811567138563174
114.91468296927780078540383553697279	0.4014827091042875145712341157198
114.91464605645785207342652356256905	0.4014665061177711158763321388649
114.91460789247368109373367502136137	0.4014518380289657652207857627575
114.91456843491693450843839657171789	0.4014386250297050782705235760053
114.91452763994182302934235887950591	0.401426790638930416051164693493
114.91448546221639936323149821295629	0.401416261571238966365269320709
114.91444185487218471759690127534286	0.4014069676104744322094798971461
114.91439676945208789104902405274902	0.4013988414881584127683033507921
114.91435015585655907538961041940383	0.4013918187665692725439242815426
114.91430196228791853469256404479075	0.4013858377262835864333608474984
114.91425213519279829864281584077879	0.4013808392580031444173982190498
114.91420061920263291053726321172446	0.4013767667585000316175285106534
114.9141473570721331024340932530941	0.4013735660305097562171249698501
114.9140922896156740285372192239028	0.4013711851864230406863575860924
114.91403535564152737053048350904388	0.4013695745556391090129218512008
114.91397649188386423265661460545071	0.4013686865954150152200714764793
114.91391563293245326720629094620005	0.4013684758050803951768412241071
114.91385271115997590999043950016789	0.4013688986434983670456820859385
114.91378765664687795746816052742682	0.4013699134496362631613137686887
114.91372039710367397955103727486462	0.401371480367372700408823485909
114.91365085779061823165994395333928	0.4013735612669177552792093521572
114.91357896143465280322757734333793	0.4013761196803570980875608545113
114.91350462814354071426696920901022	0.4013791207334320323433241208809
114.91342777531708854350112933372423	0.4013825310736536769995213971029
114.91334831755535993739570602471459	0.4013863188122735760088427976418
114.91326616656377800566129600029966	0.4013904534622335824405486843864
114.91318123105501115167913880918004	0.4013949058796721631332864391859
114.9130934166475333120118001023115	0.4013996482071205688994696529393
114.91300262576074588371727974370058	0.4014046538212885326986546958492
114.91290875750654479748434673867968	0.4014098972783504388747109448879
114.91281170757721224440318725934753	0.4014153542637339593255635204508
114.91271136812950848008913300263488	0.4014210015462469565866897561378
114.91260762766483490735000973785511	0.4014268169294631248427769747248
114.91250037090533527293737883584355	0.4014327792073775117703044418035
114.91238947866579730029746614430941	0.401438868121214283258375705002
114.91227482772121241362328009259718	0.4014450643178143795596575394236
114.91215629066984638371970725990257	0.4014513493095797318617116083395
114.91203373579166873786686496857322	0.4014577054358926737117703321677
114.91190702690198361846058853748738	0.4014641158259330441809434718932
114.91177602320009944299165347492958	0.4014705643628765011736884791183
114.91164057911286920497194563979942	0.4014770356493993795567514942437
114.91150054413292755560022429350584	0.4014835149744435113187057147154
114.9113557626514449129486591710089	0.4014899882811918652645808044652
114.91120607378521275269556640349351	0.4014964421362076377635134812818
114.91105131119786793515936385904721	0.4015028636996911272701028196055
114.91089130291505741060387679630502	0.4015092406968103568950944176221
114.91072587113333791124865192971108	0.4015155613900629742065967482744
114.91055483202259827664748211551271	0.4015218145526284585426513978017
114.91037799552178486135788812024452	0.4015279894428399946475776229918
114.9101951651277030321156183973018	0.4015340757784774451456257051961
114.91000613767666006778198162984528	0.4015400637146904320893415687516
114.90981070311870682059839924974173	0.4015459438196981264394400913745
114.90960864428422727292254509672797	0.4015517070516798346125694466267
114.90939973664261662049480288052431	0.4015573447391940879178017478168
114.90918374805277972194372693776386	0.4015628485592761924623888476659
114.9089604385051726649156778372479	0.4015682105176448784653258122914
114.90872955985510080180663818214179	0.4015734229293429820947330248905
114.9084908555469768921408651210418	0.4015784784000961160955316357697
114.90824406032923294338502349401817	0.4015833698079588361145117178191
114.90798889995956895624533813440545	0.4015880902861607727167565513652
114.90772509090021104272832475147098	0.4015926332061515455160696075118
114.90745234000284028352084908469712	0.4015969921610234296855042862277
114.90717034418284221322623166360822	0.40160116094976173842959904751211
114.90687879008251495492532513757091	0.40160513356181269200893528682285
114.90657735372286175622809094264059	0.40160890416236435330350843258479
114.90626570014358099380837039300046	0.40161246707776692047459788144644
114.90594348303085359827634053592964	0.40161581678152468345581159916917
114.90561034433251429156584216445974	0.40161894788091223960732969805259
114.90526591386017900972966304635509	0.40162185510340610434481730773494
114.90490980887788638956652899702878	0.4016245332839744145365799731949
114.90454163367679621174254171900669	0.40162697735287715817184584994032
114.90416097913547219936471797872618	0.40162918232300602085783538969623
114.90376742226526055209830775968591	0.4016311432783509817977095454962
114.90336052574025903409231145235954	0.4016328553624442288038602891875
114.90293983741135431078534367485063	0.40163431376687482637231490777732
114.90250488980378752607917306182476	0.40163551372041035972527353005223
114.90205519959768980771743209082481	0.40163645047817759475668894322129
114.90159026709101046465286686750923	0.40163711931110544663225703703614
114.9011095756442410746994099687853	0.40163751549558026348728039903486
114.90061259110631843210386686402139	0.40163763430329811461002562486656
114.90009876122106841035773633711166	0.40163747099129707828809436396465
114.89956751501353117236235899124013	0.4016370207920960441108579296318
114.89901826215548580393219472339241	0.40163627890436738609823375386934
114.89845039230946933272912724948937	0.40163524048271746439047075434679
114.89786327445056119738080116874578	0.40163390062909206788891782022312
114.89725625616517952419305613170818	0.40163225438327644685062251517461
114.89662866292611002406538815084901	0.40163029671311897356421616340648
114.89597979734296191157329943059576	0.40162802250632576818965722591686
114.8953089383872179423445168626601	0.40162542656092948688791896542137
114.89461534059101743348473742905523	0.40162250357644549068779459620194
114.89389823321878194353170125193322	0.40161924814496391167866548380904
114.89315681941076311079957817541602	0.40161565474225930958562888999769
114.89239027529756094848509140201898	0.40161171771893545285129849444504
114.89159774908462863687207005321193	0.40160743129158715205452243015793
114.89077836010574650154664191641436	0.40160278953394827489783469595332
114.88993119784441338466047842389349	0.40159778636802964530413872594428
114.88905532092206796563764421190271	0.40159241555523121468646950976209
114.88814975605201572869619124505461	0.40158667068741672574317904888488
114.88721349695789916619040867092445	0.40158054517793914698455454107147
114.88624550325550940672704550228753	0.40157403225260518339177400340621
114.88524469929669672148697404008925	0.4015671249405671807102971260722
114.8842099729740952459267756531625	0.40155981606513058961960050669302
114.88314017448533371024243291622308	0.40155209823446702210112931392697
114.8820341150553589522632317540542	0.40154396383221581844755946344201
114.88089056561545244078157778393288	0.40153540500797132764654021133992
114.87970825543747191399152099843971	0.40152641366763191777307024395898
114.87848587072180048323004124322188	0.40151698146362006855371647032353
114.87722205313743411130270049849849	0.40150709978493767255884517732405
114.87591539831258519016725491320814	0.40149675974704451486891580504347
114.87456445427412495554587021455315	0.40148595218157654797730102819034
114.8731677198341306250361490282021	0.40147466762585824272266693983337
114.871723642921744368319630449377	0.40146289631225171553296028076338
114.87023061885849044780885628631656	0.40145062815723858219063132866115
114.86868698857513403800175403291994	0.40143785275024524496335208526124
114.86709103676810027210730808437303	0.401424559342334341945165904362
114.86544098999340490298514488958024	0.40141073683468115893907904799185
114.86373501469597852747292215334474	0.40139637376643905358010950388257
114.86197121517219453159884417583762	0.40138145830272052340833065141103
114.86014763146333668921642029982367	0.40136597822226733982750716336557
114.85826223717766560577492662607465	0.4013499209044727559205938832131
114.85631293723866385697644537461461	0.40133327331639857892137073619126
114.85429756555695764080294225179642	0.40131602199935374770563867613448
114.85221388262332794967030750508247	0.40129815305512378754593860902303
114.85005957302013658303665349415548	0.40127965213186368483224596362033
114.84783224284840166222104274814774	0.4012605044095769679153874496446
114.845529417067663577735142567788	0.40124069458522180273594868761075
114.84314853674568539093836211516869	0.40122020685744375148918982079774
114.84068695621493151861075307822257	0.40119902491083427919315019873312
114.83814194013266493976124121507107	0.40117713189977057529495116303826
114.83551066044139606354174929880305	0.40115451043181747052919738261038
114.83279019322630566650895654914347	0.40113114255064555917737988676637
114.82997751546614982361939107479536	0.40110700971846808127673270990614
114.8270695016740363930442070498496	0.40108209279795492952668256566104
114.82406292042434023861929130059362	0.40105637203366753574467601460639
114.8209544307618978495180499487516	0.40102982703295059207528820035538
114.81774057848949120395285148336726	0.40100243674616749373250464082393
114.81441779232949547701565465235383	0.40097417944649123086266040599202
114.81098237995542536187080703843905	0.40094503270907144418373813779801
114.80743052388897020303131274905654	0.40091497338953853796049813696808
114.80375827725795866973529270685396	0.40088397760186941615645789520938
114.79996155941053916039794861188229	0.40085202069564092671299175497724
114.79603615138070235402236850519321	0.400819077232624660030316158421742
114.79197769120010713376565965086416	0.400785120962589445169725417495117
114.78778166905100031801295999973809	0.400750124798449648047342329069025
114.78344342225484405552679792051594	0.400714060790650660224163981983198
114.7789581300910821772962238771081	0.400676900100756780156974308423785
114.77432080844028804574151869434237	0.400638612974316598781897476548263
114.76952630424574129219226176448415	0.400599168712757962821801779972209
114.7645692897872790691959988815208	0.400558535644543620238481958871902
114.75944425676105884102830210342108	0.400516681095431241853590915323598
114.75414551015865406195988283179003	0.400473571357817069510920527735667
114.74866716193868110773284230956072	0.400429171659065180781148189722657
114.74300312448392528352306428398258	0.400383446128850254234027531139671
114.73714710383669537523748114443468	0.400336357765676669080315274995077
114.73109259270488977544847838860138	0.400287868402138567971929078910103
114.72483286323100242676041455436378	0.400237938669153807165457637401207
114.71836095951603340081056956732932	0.400186527959111520738262029911298
114.7116696898899965777076996468353	0.400133594387840558852998117390907
114.70475161892043530586286262413075	0.40007909475537020521725579795664
114.69759905915006579296825914290773	0.400022984505439096707041303487865
114.69020406255436698182367237431193	0.399965217683748067282110468110941
114.68255841170962446532454014948146	0.399905746894889906362239039102103
114.67465361066161424740164615489468	0.399844523257890904762728184386765
114.66648087548477950350951928481868	0.39978149636036026737304193149332
114.65803112452140956574999877880519	0.399716614211232050894471629768638
114.64929496828997477171088289779991	0.399649823191940987135465695013309
114.6402626990514031774649835105026	0.399581068006200852607397014137108
114.63092428002170503538706199381844	0.399510291628165464552533423933281
114.62126933421895795413281932503298	0.399437435248993297521209142705449
114.61128713293225935459679738754747	0.399362438221897083293012257112488
114.60096658379983276043455331972283	0.399285238005527604550027730217405
114.59029621848304014800531777362417	0.399205770105748440516378343811256
114.57926417992260354574904691213612	0.399123968015789202072515947309561
114.56785820916287481808252559105106	0.399039763154824903694223941848477
114.5560656317295125779964005450608	0.398953084804930541722870526244489
114.54387334354542891228610860440845	0.398863860046516838017268515122075
114.53126779636935552230328196925138	0.398772013692270046319309856002171
114.51823498274084841112752075392056	0.398677468219649029142441607262179
114.50476042041500179566352650815175	0.398580143702108174410595244951359
114.49082913626957487991751210863854	0.398479957739047849995035862755831
114.47642564966664886349425780849156	0.398376825384675322652770988527772
114.46153395525032542571939467400182	0.398270659076005005444485596463006
114.44613750516135124718628473623485	0.398161368560048468016989996643325
114.43021919064890521057919509739943	0.398048860820498241831575102373053
114.41376132305911504135661708994042	0.397933040004125338507984542714831
114.3967456141791775619091211823828	0.397813807347173321812540123473442
114.37915315591524067052273003935094	0.397691061101982490061361810888794
114.36096439928146482318300494363065	0.397564696464209227061910598802428
114.34215913267691636927815500301408	0.397434605501018927623003349460463
114.32271645942615372104832488398313	0.397300677080584940609711039507632
114.30261477455854914180002970496469	0.397162796803236236701121521371047
114.2818317408005430102699409912283	0.397020846934719400700050962828616
114.26034426375415281807425824302274	0.396874706341990039434816277510329
114.23812846623415491205046837416764	0.396724250431853248962347843485702
114.21515966173542209867755677979888	0.396569351092946925279622886926344
114.1914123270009336447807021322212	0.396409876641363678978764242164561
114.16686007365997486330662688222512	0.396245691770260882360487693896315
114.14147561890501025460946989242452	0.396076657503802114775334767503043
114.11523075517464593428760974439352	0.395902631155573154496617364710269
114.088096318808992631116725757259	0.395723466291641317014838588543538
114.06004215764259865575602464740313	0.395539012698295480480350416659744
114.03103709749894165378675941335426	0.395349116354362571477642111658682
114.00104890754924735338999514446327	0.395153619407846912918196049083427
113.97004426449714154223261716269191	0.394952360156510435488847456000699
113.93798871554933675758172811099628	0.394745173031760308526463092299074
113.90484664013120619845077167788062	0.394531888585033332858175556649209
113.8705812103047026696958109870598	0.394312333475610186951525102574827
113.83515434984463839561845875234315	0.394086330458564416597638239601315
113.79852669192785069245313428361563	0.393853698371258608753686348432249
113.76065753538823710846924773814112	0.393614252116437350915698101945278
113.7215047994890500144998370967653	0.39336780263986053799679383626501
113.68102497716219298565768321183992	0.393114156899905980478814165862811
113.63917308666255782593509670091771	0.392853117826382987402312836194525
113.59590262158367985836351728912132	0.392584484265543155781077187865223
113.55116549917916817733145492880381	0.392308050907907645247787426081356
113.50491200693248491308559028942165	0.392023608195359970999610691091921
113.45709074731570109934681857418359	0.391730942203765176430318732108266
113.40764858067584430042807908005752	0.391429834497213460536117287170893
113.3565305661853725079985319463679	0.39112006194986746180355094855442
113.30367990079115764765579886091125	0.390801396531492429788610113344297
113.24903785609413795133438430262645	0.390473605052783190040443170775992
113.19254371308949898186062159238954	0.390136448866765944076579672036408
113.13413469469486568545961079744033	0.389789683522931944435522202228459
113.07374589599152985491580713175823	0.389433058371189084074119925114544
113.01131021210119607902984092332531	0.389066316113259549996811944400645
112.94675826361810180906383236635082	0.3886891922999189584309904598120237
112.88001831951365067037230473294262	0.3883014147733467695288905782187198
112.81101621742788956876020683507306	0.387902703054889090667712621583425
112.73967528125925636536161952187584	0.387492767679728776008558419572137
112.66591623596102269427619073700451	0.3870713094813434170222917363845784
112.58965711944975253774905440543428	0.3866380188301117209523156430742543
112.51081319152788800517075618320312	0.3861925748320853573641396934447086
112.42929683971925581853357225364582	0.3857346444957333553536199612931141
112.34501748191285760126415642389638	0.3852638818763346859355617149794216
112.25788146570676038764484312785057	0.3847799272096674090884362768556078
112.16779196434023687521704064312784	0.3842824060486635670102300838379661
112.07464886909851375792512680576263	0.3837709284187187658053768918673016
111.97834867807056679049068249299508	0.3832450880093605579894704032500784
111.87878438113634868899341500203229	0.3827044614218852488153894705439701
111.77584534105564606563144187353423	0.3821486074943493405838197368443392
111.66941717052642967125642302313873	0.3815770667268930994894107338480818
111.55938160507608346383334953292325	0.3809893608316407059514711154039754
111.44561637164426745760488709801692	0.3803849924323789935677725632980623
111.32799505271138179089920685706411	0.3797634449397188612579790891117731
111.20638694582164966025249840326392	0.3791241826273993613057291537770529
111.08065691834471920454662847911453	0.3784666509347724620414632247489955
110.95066525731439339847997665011636	0.3777902770191777145437798827521726
110.81626751417762665043500141674472	0.3770944705798094292346436082850535
110.67731434428127101693424626356869	0.3763786249717463057497944524080635
110.53365134091820745960220190471681	0.3756421186250067488361890752898333
110.38511886374845188306511150926564	0.3748843167787919140331032412315649
110.23155186140457508547189337748302	0.3741045735354877632560446946021414
110.07277968808431328154516013091391	0.3733022342325835598934313838636035
109.90862591392656434008275344929172	0.3724766381235238307406049332156797
109.73890812896005688903098812763544	0.3716271213507803568957882628663989
109.5634377404068373053870737285456	0.3707530201863197051768399785816406
109.38201976311533538781862626188596	0.3698536745064035838910550195317247
109.19445260289013500156488625322827	0.3689284314595834268043778389123583
109.00052783247768270433472504491388	0.3679766492791760851164145574105561
108.80002995995900653741659716286182	0.3669977011848078542283110518811844
108.59273618929207972964288329046895	0.3659909793121444366302532163027928
108.37841617273774063740795940039524	0.3649558986060501930962599406519585
108.15683175489406113803449233817554	0.3638919006104648136421058653512205
107.92773670805473088425919155713076	0.362798457088503635826261162335172
107.69087645859738395260869239584929	0.3616750734088578563685538997153272
107.44598780409782676488317801411607	0.3605212916395570907293366193424198
107.19279862085582065366363359822364	0.3593366932975083228263589549957829
106.93102756150741762808321128199996	0.3581209017117526220025224201492063
106.66038374238783193527487977293813	0.3568735839697740178482928016446183
106.38056642029744066483649175035709	0.3555944524290074154443782016422457
106.09126465831173125233764764160716	0.3542832657893858596306807712224067
105.79215698026383921835063177399306	0.3529398297367295029699598404792116
105.48291101351573230322374149746964	0.3515639971803341515648947497517184
105.1631831196210833377830923364324	0.3501556681206092811544330683518907
104.83261801246941926520950677612631	0.348714789193396064330857253258564
104.49084836348722274818947869658836	0.3472413529460916473740403663317061
104.13749439345728030000650625439773	0.3457353969064325641375780622831538
103.77216345050270088649108699878675	0.3441970025073680036629160842775304
103.3944495737666549339414256579887	0.3426262939306423851948015308868698
103.0039330423029885624453300340277	0.3410234369273632856683682857888462
102.60017990867643398160185706994219	0.3393886376659423540101597085262999
102.18274151675414607489885934395746	0.3377221416464319177296707822399172
101.75115400315272837941185738151341	0.3360242327055683531376325372376945
101.3049377817867494185548382156051	0.3342952321189465215680828980220047
100.84359701094597248518944798283982	0.3325354977858425063322302403003097