 0.10426760187438E-02
 0.99577041566816E-04
 0.98910236054565E-04
 0.98248000184164E-04
 0.97590296457434E-04
 0.96937087980060E-04
 0.96288338440723E-04
 0.95644012091154E-04
 0.95004073727069E-04
 0.94368488669946E-04
 0.93737222749597E-04
 0.93110242287509E-04
 0.92487514080908E-04
 0.91869005387520E-04
 0.91254683910990E-04
 0.90644517786941E-04
 0.90038475569623E-04
 0.89436526219151E-04
 0.88838639089278E-04
 0.88244783915703E-04
 0.87654930804873E-04
 0.87069050223261E-04
 0.86487112987104E-04
 0.85909090252569E-04
 0.85334953506343E-04
 0.84764674556611E-04
 0.84198225524414E-04
 0.83635578835375E-04
 0.83076707211758E-04
 0.82521583664867E-04
 0.81970181487757E-04
 0.81422474248239E-04
 0.80878435782182E-04
 0.80338040187081E-04
 0.79801261815894E-04
 0.79268075271121E-04
 0.78738455399127E-04
 0.78212377284696E-04
 0.77689816245795E-04
 0.77170747828555E-04
 0.76655147802445E-04
 0.76142992155635E-04
 0.75634257090552E-04
 0.75128919019594E-04
 0.74626954561023E-04
 0.74128340535005E-04
 0.73633053959816E-04
 0.73141072048177E-04
 0.72652372203739E-04
 0.72166932017695E-04
 0.71684729265520E-04
 0.71205741903830E-04
 0.70729948067360E-04
 0.70257326066050E-04
 0.69787854382234E-04
 0.69321511667938E-04
 0.68858276742264E-04
 0.68398128588872E-04
 0.67941046353554E-04
 0.67487009341883E-04
 0.67035997016947E-04
 0.66587988997165E-04
 0.66142965054167E-04
 0.65700905110754E-04
 0.65261789238917E-04
 0.64825597657925E-04
 0.64392310732477E-04
 0.63961908970907E-04
 0.63534373023451E-04
 0.63109683680563E-04
 0.62687821871285E-04
 0.62268768661671E-04
 0.61852505253250E-04
 0.61439012981537E-04
 0.61028273314596E-04
 0.60620267851627E-04
 0.60214978321615E-04
 0.59812386581993E-04
 0.59412474617366E-04
 0.59015224538247E-04
 0.58620618579846E-04
 0.58228639100877E-04
 0.57839268582404E-04
 0.57452489626717E-04
 0.57068284956225E-04
 0.56686637412396E-04
 0.56307529954702E-04
 0.55930945659608E-04
 0.55556867719568E-04
 0.55185279442059E-04
 0.54816164248629E-04
 0.54449505673968E-04
 0.54085287364999E-04
 0.53723493079992E-04
 0.53364106687695E-04
 0.53007112166483E-04
 0.52652493603525E-04
 0.52300235193971E-04
 0.51950321240149E-04
 0.51602736150787E-04
 0.51257464440243E-04
 0.50914490727755E-04
 0.50573799736699E-04
 0.50235376293870E-04
 0.49899205328770E-04
 0.49565271872911E-04
 0.49233561059131E-04
 0.48904058120923E-04
 0.48576748391776E-04
 0.48251617304525E-04
 0.47928650390718E-04
 0.47607833279990E-04
 0.47289151699446E-04
 0.46972591473063E-04
 0.46658138521094E-04
 0.46345778859485E-04
 0.46035498599303E-04
 0.45727283946176E-04
 0.45421121199736E-04
 0.45116996753076E-04
 0.44814897092220E-04
 0.44514808795592E-04
 0.44216718533506E-04
 0.43920613067655E-04
 0.43626479250614E-04
 0.43334304025353E-04
 0.43044074424754E-04
 0.42755777571143E-04
 0.42469400675820E-04
 0.42184931038613E-04
 0.41902356047426E-04
 0.41621663177804E-04
 0.41342839992503E-04
 0.41065874141072E-04
 0.40790753359435E-04
 0.40517465469494E-04
 0.40245998378732E-04
 0.39976340079823E-04
 0.39708478650259E-04
 0.39442402251977E-04
 0.39178099130999E-04
 0.38915557617081E-04
 0.38654766123368E-04
 0.38395713146061E-04
 0.38138387264091E-04
 0.37882777138800E-04
 0.37628871513636E-04
 0.37376659213856E-04
 0.37126129146231E-04
 0.36877270298773E-04
 0.36630071740458E-04
 0.36384522620973E-04
 0.36140612170458E-04
 0.35898329699268E-04
 0.35657664597743E-04
 0.35418606335986E-04
 0.35181144463652E-04
 0.34945268609749E-04
 0.34710968482448E-04
 0.34478233868907E-04
 0.34247054635099E-04
 0.34017420725662E-04
 0.33789322163748E-04
 0.33562749050895E-04
 0.33337691566902E-04
 0.33114139969725E-04
 0.32892084595372E-04
 0.32671515857828E-04
 0.32452424248976E-04
 0.32234800338544E-04
 0.32018634774054E-04
 0.31803918280794E-04
 0.31590641661800E-04
 0.31378795797849E-04
 0.31168371647472E-04
 0.30959360246977E-04
 0.30751752710488E-04
 0.30545540230000E-04
 0.30340714075453E-04
 0.30137265594809E-04
 0.29935186214163E-04
 0.29734467437854E-04
 0.29535100848605E-04
 0.29337078107669E-04
 0.29140390955004E-04
 0.28945031209453E-04
 0.28750990768953E-04
 0.28558261610755E-04
 0.28366835791665E-04
 0.28176705448304E-04
 0.27987862797383E-04
 0.27800300136009E-04
 0.27614009841990E-04
 0.27428984374184E-04
 0.27245216272845E-04
 0.27062698160008E-04
 0.26881422739880E-04
 0.26701382799259E-04
 0.26522571207972E-04
 0.26344980919329E-04
 0.26168604970603E-04
 0.25993436483522E-04
 0.25819468664793E-04
 0.25646694806625E-04
 0.25475108287291E-04
 0.25304702571694E-04
 0.25135471211953E-04
 0.24967407848005E-04
 0.24800506208222E-04
 0.24634760110033E-04
 0.24470163460570E-04
 0.24306710257306E-04
 0.24144394588711E-04
 0.23983210634903E-04
 0.23823152668306E-04
 0.23664215054292E-04
 0.23506392251830E-04
 0.23349678814105E-04
 0.23194069389135E-04
 0.23039558720352E-04
 0.22886141647157E-04
 0.22733813105442E-04
 0.22582568128063E-04
 0.22432401845260E-04
 0.22283309485023E-04
 0.22135286373378E-04
 0.21988327934605E-04
 0.21842429691355E-04
 0.21697587264677E-04
 0.21553796373924E-04
 0.21411052836544E-04
 0.21269352567734E-04
 0.21128691579943E-04
 0.20989065982229E-04
 0.20850471979435E-04
 0.20712905871200E-04
 0.20576364050765E-04
 0.20440843003602E-04
 0.20306339305820E-04
 0.20172849622373E-04
 0.20040370705056E-04
 0.19908899390283E-04
 0.19778432596660E-04
 0.19648967322352E-04
 0.19520500642260E-04
 0.19393029705017E-04
 0.19266551729834E-04
 0.19141064003200E-04
 0.19016563875502E-04
 0.18893048757568E-04
 0.18770516117203E-04
 0.18648963475759E-04
 0.18528388404811E-04
 0.18408788522992E-04
 0.18290161493079E-04
 0.18172505019408E-04
 0.18055816845715E-04
 0.17940094753499E-04
 0.17825336561026E-04
 0.17711540123077E-04
 0.17598703331575E-04
 0.17486824117199E-04
 0.17375900452138E-04
 0.17265930354085E-04
 0.17156911891615E-04
 0.17048843191060E-04
 0.16941722444980E-04
 0.16835547922322E-04
 0.16730317980329E-04
 0.16626031078217E-04
 0.16522685792602E-04
 0.16420280834597E-04
 0.16318815068425E-04
 0.16218287531301E-04
 0.16118697454236E-04
 0.16020044283296E-04
 0.15922327700709E-04
 0.15825547645060E-04
 0.15729704329675E-04
 0.15634798258152E-04
 0.15540830235824E-04
 0.15447801375908E-04
 0.15355713098967E-04
 0.15264567124386E-04
 0.15174365452632E-04
 0.15085110337282E-04
 0.14996804246108E-04
 0.14909449810956E-04
 0.14823049766637E-04
 0.14737606879702E-04
 0.14653123868541E-04
 0.14569603316921E-04
 0.14487047583589E-04
 0.14405458710992E-04
 0.14324838336437E-04
 0.14245187609022E-04
 0.14166507115537E-04
 0.14088796818118E-04
 0.14012056005924E-04
 0.13936283262414E-04
