   1.04728371194912740560835539229896337E-0003
   1.47060590925113509895474434320729962E-0002
   1.49129791756714014721429458919773084E-0002
   1.51225998130672765260540641219552933E-0002
   1.53349586625941190319458326854876057E-0002
   1.55500938769303708295705827619717352E-0002
   1.57680441106124295811133418145869537E-0002
   1.59888485271977830363207294915182987E-0002
   1.62125468065181483760534270465350922E-0002
   1.64391791520241642594360845213531151E-0002
   1.66687862982232028464681866078730799E-0002
   1.69014095182118884984918609112590473E-0002
   1.71370906313049291381798326002470463E-0002
   1.73758720107618854604631244342293992E-0002
   1.76177965916135223844451094311387232E-0002
   1.78629078785894063702170899866059564E-0002
   1.81112499541484315661600078318112856E-0002
   1.83628674866139772196231916758110595E-0002
   1.86178057384154184500692481933684329E-0002
   1.88761105744377323546827292407265731E-0002
   1.91378284704809615580115625675925391E-0002
   1.94030065218313177321381054304462282E-0002
   1.96716924519457283531887076910424184E-0002
   1.99439346212516510377757578680898591E-0002
   2.02197820360640012417398327747668565E-0002
   2.04992843576210609356876882553574892E-0002
   2.07824919112412581056771416380400692E-0002
   2.10694556956027295846747993609193827E-0002
   2.13602273921476028223256822098502915E-0002
   2.16548593746129557556601562078737448E-0002
   2.19534047186904379677400509234416210E-0002
   2.22559172118165608295834053181680042E-0002
   2.25624513630956893226995889814445342E-0002
   2.28730624133577937457129763571710883E-0002
   2.31878063453530455302597983468783168E-0002
   2.35067398940853679368919181966867289E-0002
   2.38299205572870794784060088735523724E-0002
   2.41574066060367955366242813098992336E-0002
   2.44892570955227818028309783971520037E-0002
   2.48255318759539818906546111160647342E-0002
   2.51662916036209707483947135095217330E-0002
   2.55115977521091153412968384540287869E-0002
   2.58615126236662544881531841604343964E-0002
   2.62160993607272407254739480339653931E-0002
   2.65754219575977186405315721156145228E-0002
   2.69395452722995462656047755800256225E-0002
   2.73085350385802988631118617612338704E-0002
   2.76824578780893277579903730275465984E-0002
   2.80613813127228807922181594846422633E-0002
   2.84453737771408254889407985535496037E-0002
   2.88345046314575511220239133783450144E-0002
   2.92288441741096615924490114959858322E-0002
   2.96284636549031073158774091799466327E-0002
   3.00334352882424412287793582728073331E-0002
   3.04438322665449215199227520853935299E-0002
   3.08597287738422217928152300166557487E-0002
   3.12811999995725480601235813391067813E-0002
   3.17083221525660012619991081667580259E-0002
   3.21411724752260638833550501191369127E-0002
   3.25798292579101297214418587303195400E-0002
   3.30243718535120369154209737656286601E-0002
   3.34748806922496059951414589096202925E-0002
   3.39314372966602269296374099874967197E-0002
   3.43941242968075819510113947809935703E-0002
   3.48630254457026342937884620622811435E-0002
   3.53382256349420569087898002717842546E-0002
   3.58198109105673196837371633749933309E-0002
   3.63078684891476987165935687472697779E-0002
   3.68024867740905167327428808684689364E-0002
   3.73037553721819698004487145917493874E-0002
   3.78117651103619420699722076626566460E-0002
   3.83266080527362573285176832154380903E-0002
   3.88483775178298637009571850502650941E-0002
   3.93771680960844958284636088178787529E-0002
   3.99130756676044073033429864090740644E-0002
   4.04561974201538149982732241420893561E-0002
   4.10066318674097461936130868578536700E-0002
   4.15644788674740290470640051205293275E-0002
   4.21298396416482169315189561343247467E-0002
   4.27028167934752874806778198474698542E-0002
   4.32835143280520077978576763239981829E-0002
   4.38720376716159081058191059385725118E-0002
   4.44684936914108568970572093121050038E-0002
   4.50729907158352830328970658443028623E-0002
   4.56856385548771398533310448925995855E-0002
   4.63065485208397593042625562703582458E-0002
   4.69358334493627950145419880281809787E-0002
   4.75736077207425048686887458858034571E-0002
   4.82199872815556751296886653347554310E-0002
   4.88750896665915394815364378075831101E-0002
   4.95390340210960975077060350898012206E-0002
   5.02119411233332880613678267192067023E-0002
   5.08939334074675235282735506921480379E-0002
   5.15851349867721411647438651087300135E-0002
   5.22856716771683773520866298729180401E-0002
   5.29956710210995197109503015315155925E-0002
   5.37152623117449404137228545456992789E-0002
   5.44445766175787616722566975737159564E-0002
   5.51837468072779510956604359749226240E-0002
   5.59329075749846903480203435037662285E-0002
   5.66921954659279051061310707263825770E-0002
   5.74617489024088876467865980248907353E-0002
   5.82417082101559852820400569933434546E-0002
   5.90322156450533682151030980313495568E-0002
   5.98334154202489289786216707546239060E-0002
   6.06454537336464024114064406948603101E-0002
   6.14684787957868296615405337666130102E-0002
   6.23026408581245221061544454096981685E-0002
   6.31480922417027110810970543974614024E-0002
   6.40049873662340963598654452152873919E-0002
   6.48734827795915306655514364737421946E-0002
   6.57537371877140979050321126253398354E-0002
   6.66459114849338651553038022217048069E-0002
   6.75501687847285883271025232451647394E-0002
   6.84666744509056847632432258372423910E-0002
   6.93955961292227682441275213408616243E-0002
   7.03371037794500568736630729570668164E-0002
   7.12913697078799557936829503547705045E-0002
   7.22585686002891065694184546187424550E-0002
   7.32388775553581839571434074479602502E-0002
   7.42324761185546931746850205898143832E-0002
   7.52395463164839971547135678012305325E-0002
   7.62602726917137701155902803078161859E-0002
   7.72948423380770237944979619387135558E-0002
   7.83434449364588098253833024728736486E-0002
   7.94062727910716378796559231365989932E-0002
   8.04835208662245821289723389676423605E-0002
   8.15753868235909704181103774238933883E-0002
   8.26820710599794603485568857956387009E-0002
   8.38037767456132082765760839344210426E-0002
   8.49407098629217263845582112339697574E-0002
   8.60930792458498625564253202626924339E-0002
   8.72610966196884147136455427208059993E-0002
   8.84449766414301280499583887301020139E-0002
   8.96449369406556485903985923400548948E-0002
   9.08611981609528494394064742720454171E-0002
   9.20939840018733217687066843212612899E-0002
   9.33435212614294173022987158265653116E-0002
   9.46100398791350121142050849965399908E-0002
   9.58937729795929110867504713260938038E-0002
   9.71949569166315560028137721309788656E-0002
   9.85138313179933025385046624010450105E-0002
   9.98506391305763827138374939402762844E-0002
  0.101205626666232134270101822611690285      
  0.102579043648118818540816374872996000      
  0.103971143257612902093572415109759478      
  0.105382182181778247087300121583974237      
  0.106812420661393198563621845342035101      
  0.108262122539535043440562297205840258      
  0.109731555310720797189464662229953734      
  0.111220990170602695467366466631104994      
  0.112730702066216163896241094689760727      
  0.114260969746777385734717183409578445      
  0.115812075815026901647111971735295960      
  0.117384306779114935561782706136731901      
  0.118977953105023355728820048544805048      
  0.120593309269518351347658417413429753      
  0.122230673813627016760377899253499064      
  0.123890349396630096795760648938001149      
  0.125572642850562149285194348238659202      
  0.127277865235209325395894724241292257      
  0.129006331893593844140938759518128623      
  0.130758362507933057793444585151663748      
  0.132534281156059742759090140700104460      
  0.134334416368288929061442882785469241      
  0.136159101184715171561383071257964665      
  0.138008673212922694033930493478488036      
  0.139883474686089250929906709307982547      
  0.141783852521462930781059511152477396      
  0.143710158379189356600075673925257310      
  0.145662748721464918132466904760552197      
  0.147641984871989716532403535647985286      
  0.149648233075691910587606282660247366      
  0.151681864558692957986529159851439187      
  0.153743255588481041999383107251994051      
  0.155832787534257579896119934686704508      
  0.157950846927419230541679364150108757      
  0.160097825522135275102963685657920435      
  0.162274120355977408920251907780059497      
  0.164480133810556248213595269918504834      
  0.166716273672115806282279975279181270      
  0.168982953192034104104771064784853006      
  0.171280591147174847913826190085569258      
  0.173609611900031692860606475758750111      
  0.175970445458603166731851265679818895      
  0.178363527535932624399150063696384480      
  0.180789299609243882523543080259551492      
  0.183248208978599283263339572019772948      
  0.185740708825002897194989507876614661      
  0.188267258267867585724753358039031920      
  0.190828322421760248029678178108189417      
  0.193424372452335500886051882327702195      
  0.196055885631363562309081953251081559      
  0.198723345390753859122033877258858955      
  0.201427241375471335012339461141238229      
  0.204168069495238335709390133311746533      
  0.206946331974910476006784937091189478      
  0.209762537403410870182030890267062627      
  0.212617200781103109146080595878746419      
  0.215510843565479690745366505511904638      
  0.218443993715039217863115715506413235      
  0.221417185731222755995038404996771361      
  0.224430960698277313456957540563124361      
  0.227485866320912635431467315500895175      
  0.230582456959616571738899830373514176      
  0.233721293663494165064899406722727779      
  0.236902944200496779573328370367022511      
  0.240127983084909916063043079298776402      
  0.243396991601972344220862996841411523      
  0.246710557829504855911631729715261892      
  0.250069276656434719497690113326047292      
  0.253473749798111968130312268712662855      
  0.256924585808326478735813317261775291      
  0.260422400087950425067153728511289314      
  0.263967814890149989209257860829592403      
  0.267561459322133011791238363632807646      
  0.271203969343426473254717638671204993      
  0.274895987760709437097407841307061996      
  0.278638164219264083117532934425636681      
  0.282431155191149916915655991322953860      
  0.286275623960254896868120273903205887      
  0.290172240604432420233091925937192746      
  0.294121681974995327550307051748810513      
  0.298124631673907837631426223581120918      
  0.302181780029093979099839542518784732      
  0.306293824068366878307248696364637537      
  0.310461467492577822139597902983349276      
  0.314685420648686976339351060779503443      
  0.318966400503569569206811802148133479      
  0.323305130619491773345303671684759114      
  0.327702341132319380833739553415870353      
  0.332158768733658963099257730846463158      
  0.336675156658274937411925395598977349      
  0.341252254678275633980615000870851677      
  0.345890819105715811005418276385812841      
  0.350591612805420110556889791697679269      
  0.355355405219990012909488549282603281      
  0.360182972409112645368956227011351540      
  0.365075097105440960478920155117773914      
  0.370032568789457338178464735296907033      
  0.375056183785862781953944174505713506      
  0.380146745384146753435798086921117720      
  0.385305063986083825697547446708051081      
  0.390531957282966273760713265923172423      
  0.395828250465411473011472279805751232      
  0.401194776468572343245604623174233364      
  0.406632376255521509995147857698287046      
  0.412141899141468504867238677418747936      
  0.417724203161296492999306548932707492      
  0.423380155482663676616361774683999940      
  0.429110632866597225255226521270512967      
  0.434916522177107585865106544767483697      
  0.440798720940861249809899544500749801      
  0.446758137957365344738627872258180134      
  0.452795693959432465675035858675132878      
  0.458912322322905953811117624438310240      
  0.465108969823733317176808730114452039      
  0.471386597439479657441857811296725472      
  0.477746181191279734932234807065581081      
  0.484188713021046123302533118577421044      
  0.490715201697498643044191255573085569      
  0.497326673743281554496397119316014323      
  0.504024174374125462979350460558747881      
  0.510808768439740212843846935062400086      
  0.517681541354959698854249317788739204      
  0.524643600008688561505797399608600954      
  0.531696073637538651144466925341458233      
  0.538840114650836675404734666356601118      
  0.546076899394116337504990515864092492      
  0.553407628839501592844608394153929534      
  0.560833529193809324296235863924569355      
  0.568355852419058050541076376627158379      
  0.575975876665710291606303619561367492      
  0.583694906626770174289625292447923315      
  0.591514273831176596568173999096293520      
  0.599435336908117206470521609489856130      
  0.607459481870198858197533656664947039      
  0.615588122482964035310253877906588561      
  0.623822700810935543744794227706520503      
  0.632164688055795086331388928119085729      
  0.640615585829652682574674827674705754      
  0.649176928034380665326738128782037741      
  0.657850283544903728073860264558603952      
  0.666637259917915037715692458453887133      
  0.675539508365109707862945078957799662      
  0.684558730238897806538765726053215642      
  0.693696685276014735689559167871390914      
  0.702955201828339917408782270689814155      
  0.712336189279372526096637067203401002      
  0.721841652799368953325992444293387315      
  0.731473710533963606371337852619497691      
  0.741234613253790038269688062054295081      
  0.751126766421427011882172666474515599      
  0.761152754563313000426282823111574767      
  0.771315367774969115600508341990291281      
  0.781617630144425546329977864476582076      
  0.792062829856394957042846347277473135      
  0.802654550741769432406409942618942507      
  0.813396705064369497605928585343110586      
  0.824293567388085073408580862600309717      
