   88.6153479999999999999999999999999939      
   88.6147850735602883942899350798813178      
   88.6147659931047145772785328906743748      
   88.6147462659149331950315904746104746      
   88.6147258700698148690140456163788031      
   88.6147047829052110520596457578971007      
   88.6146829809887693093074323338818629      
   88.6146604400938949602267597699745980      
   88.6146371351728301475430454219668225      
   88.6146130403288204181488667044561541      
   88.6145881287873378871155689760380488      
   88.6145623728663290075824853689841872      
   88.6145357439454538854292697472618404      
   88.6145082124342829570272930563753227      
   88.6144797477394156897733144752946142      
   88.6144503182304847672452675280886942      
   88.6144198912050079823549151178724788      
   88.6143884328520487814291265714884221      
   88.6143559082146450783077680468656645      
   88.6143222811509645888306013402246547      
   88.6142875142941435209772193106332252      
   88.6142515690107639928504205923960925      
   88.6142144053579240380287541021037424      
   88.6141759820388524938773509125494436      
   88.6141362563570194514597391076532173      
   88.6140951841686912739403327568245822      
   88.6140527198338774619500238181268550      
   88.6140088161656148573851441450716125      
   88.6139634243775328295372620197329944      
   88.6139164940296411772547850088564447      
   88.6138679729722805058945213628319202      
   88.6138178072881727959376215482222033      
   88.6137659412325077690507100441626025      
   88.6137123171709984747236484743421932      
   88.6136568755158372639848539630992034      
   88.6135995546594809835758318828656901      
   88.6135402909061918117659751204645766      
   88.6134790184012576630262615569060382      
   88.6134156690578135102849216833139425      
   88.6133501724811823075941888108778864      
   88.6132824558906514397825064967824205      
   88.6132124440385977759882627608451910      
   88.6131400591268714577026459936305717      
   88.6130652207203455058166383923022084      
   88.6129878456575351817855741511859204      
   88.6129078479581877818944545812512017      
   88.6128251387277401771100733478613324      
   88.6127396260585379304010633622701881      
   88.6126512149277062248265356152066822      
   88.6125598070915591151392464499511202      
   88.6124653009764297689858709460623319      
   88.6123675915658003867405100627462549      
   88.6122665702836063771586682964309998      
   88.6121621248735851148184628051570396      
   88.6120541392745352099997485518965338      
   88.6119424934913476773560302807898732      
   88.6118270634616656914087959562477206      
   88.6117077209180247593184029066792576      
   88.6115843332453201191620714383200017      
   88.6114567633334429794971259931336297      
   88.6113248694249218475364452234627525      
   88.6111885049573996428476415606426349      
   88.6110475184007715549400886460746283      
   88.6109017530888026700477971836480777      
   88.6107510470450382582584113672299219      
   88.6105952328028132700628971173099030      
   88.6104341372191610343594166469078069      
   88.6102675812824143706521555544779168      
   88.6100953799132853191082437509414207      
   88.6099173417592024454848049162527515      
   88.6097332689816771856610007173095430      
   88.6095429570364629482811824551863499      
   88.6093461944462626852272063416848323      
   88.6091427625657323593911318570666978      
   88.6089324353385191783127794407186927      
   88.6087149790460646111669747264915075      
   88.6084901520478930554973080725506694      
   88.6082577045130975588280731931013192      
   88.6080173781427242183302270091231021      
   88.6077689058827467682008881840685123      
   88.6075120116273124081007833138576678      
   88.6072464099119291152609537076903251      
   88.6069718055962535057059142083977363      
   88.6066878935361267540250873555833035      
   88.6063943582444941334165153814280257      
   88.6060908735408313850501189021787748      
   88.6057771021886883544256574587100590      
   88.6054526955209471281413258316403002      
   88.6051172930523782526698336623960233      
   88.6047705220790645021897719174249360      
   88.6044119972642470695567836994733857      
   88.6040413202101339669056237970413397      
   88.6036580790151948233850661883115926      
   88.6032618478164501398089864462242340      
   88.6028521863162463856374599659798762      
   88.6024286392929910841525844147588435      
   88.6019907360953042078081275122946743      
   88.6015379901190237777038680476968246      
   88.6010698982664845084871560389017253      
   88.6005859403874686415441976558497224      
   88.6000855787012077432226897153024782      
   88.5995682571987931883945686556975956      
   88.5990334010253312795245970236735950      
   88.5984804158411564433659990159757735      
   88.5979086871613926764471214470690391      
   88.5973175796731293507841242836685482      
   88.5967064365294526160184880387502633      
   88.5960745786195479157929532218992864      
   88.5954213038140625460667501531453161      
   88.5947458861848896916833303242129713      
   88.5940475751985069542924584229836254      
   88.5933255948819729981091968701753688      
   88.5925791429606555573101895725596533      
   88.5918073899667326363610669737264091      
   88.5910094783174762573317334284011229      
   88.5901845213622945301996000795936258      
   88.5893316023974731059520852323923188      
   88.5884497736475211794018048916059960      
   88.5875380552119900991361281750432091      
   88.5865954339765942747005891308153805      
   88.5856208624874244033287226927755082      
   88.5846132577870020261998280996506463      
   88.5835715002108820217574818104642861      
   88.5824944321434658039371293499554688      
   88.5813808567316426675155106428988548      
   88.5802295365548298608415356361520886      
   88.5790391922499335158638681750108402      
   88.5778085010897024727961954538314310      
   88.5765360955128952462933882846000778      
   88.5752205616046268341002012952195329      
   88.5738604375252067082778556544842487      
   88.5724542118857220917950316879317246      
   88.5710003220685614458855650610263448      
   88.5694971524910119103667504811651397      
   88.5679430328100011820919736506390297      
   88.5663362360659889155873293426588445      
   88.5646749767639451120192965865469091      
   88.5629574088892830528214713298883668      
   88.5611816238565420548880332150937983      
   88.5593456483885405949021428093063593      
   88.5574474423236430880685408489338010      
   88.5554848963487037254063039073998073      
   88.5534558296551681850649902664552206      
   88.5513579875157286450815744397490268      
   88.5491890387788392427122271748832124      
   88.5469465732783078508516410358925719      
   88.5446280991550856736675931491412350      
   88.5422310400882785965663062202636887      
   88.5397527324323033515470871116882523      
   88.5371904222570072658100250892118856      
   88.5345412622874625332561617107887125      
   88.5318023087400344654452692025119204      
   88.5289705180512079167706416409030930      
   88.5260427434955369099925816512642435      
   88.5230157316889592804207187928210257      
   88.5198861189735907730396353288292288      
   88.5166504276799813251816218829115155      
   88.5133050622626801016159776662527663      
   88.5098463053048150678368377315155882      
   88.5062703133872473344531384007728225      
   88.5025731128177100191746260832399625      
   88.4987505952151857857241695343053053      
   88.4947985129446163581984174351958420      
   88.4907124743968709961952705602351806      
   88.4864879391087289656181512864121577      
   88.4821202127174532613799523319695962      
   88.4776044417443490337136661646193969      
   88.4729356082015101352058859986285380      
   88.4681085240157607298345317504303022      
   88.4631178252635957698865922798403644      
   88.4579579662107141259284830500358690      
   88.4526232131495210156228512454629669      
   88.4471076380277518778430017152297396      
   88.4414051118611377297627552994869742      
   88.4355092979227920684729686912451950      
   88.4294136447017512685313115225719619      
   88.4231113786228439069857466800720583      
   88.4165954965197992327760285401328169      
   88.4098587578532307933012053678392097      
   88.4028936766648477326451348349071605      
   88.3956925132589531684491212683999100      
   88.3882472656019860120058004110081807      
   88.3805496604305492820763593720016795      
   88.3725911440580440290451042146920667      
   88.3643628728696930723614051895356066      
   88.3558557034953924886184092535815445      
   88.3470601826494707853054295973392960      
   88.3379665366260655584294223515981127      
   88.3285646604384447495292029152051337      
   88.3188441065902039638616977071462054      
   88.3087940734658622470665934697448840      
   88.2984033933279557878560681159335668      
   88.2876605199072917492643964207212248      
   88.2765535155725723448331196147835672      
   88.2650700380651318664366829418856191      
   88.2531973267840461178788116458769263      
   88.2409221886063740759143893243474282      
   88.2282309832267750327766236955517104      
   88.2151096080002103975977145935287570      
   88.2015434822708871548295830475484012      
   88.1875175311700290823101327706831194      
   88.1730161688644715855929699048624285      
   88.1580232812374657526748568021735388      
   88.1425222079824462961943202950051280      
   88.1264957240898657274306819683303358      
   88.1099260207065226731351644580808978      
   88.0927946853461149529349343668844532      
   88.0750826814290271069249052587110207      
   88.0567703271286166989954199074703333      
   88.0378372735004930931775768070768686      
   88.0182624818704856514890469396378402      
   87.9980242004561745470733266238477878      
   87.9770999401960057104767505856382259      
   87.9554664497591308833060124003361805      
   87.9330996897082033637820333592386534      
   87.9099748057864187812159796432897107      
   87.8860661012991170852526672041390040      
   87.8613470085592557994763023042417321      
   87.8357900593650243496208004685721860      
   87.8093668544767937782432801718507955      
   87.7820480320594842051958837953290890      
   87.7538032350552827509506307648816844      
   87.7246010774504560302959643834928746      
   87.6944091093987724263324629649023845      
   87.6631937811627788034806449952836049      
   87.6309204058328627015216154973529118      
   87.5975531207826729108122233654706725      
   87.5630548478180671525641631669346826      
   87.5273872519753038171107560177424432      
   87.4905106989226937341777671792879824      
   87.4523842109183760944167940380787484      
   87.4129654212752781864087611221591812      
   87.3722105272826597751079808285816007      
   87.3300742415319278829498141416391440      
   87.2865097415926345377832441477738383      
   87.2414686179827367520122646938292442      
   87.1949008203753025576485163383981424      
   87.1467546019818872361529699840080576      
   87.0969764620507777723463499802084598      
   87.0455110864162087768550610569953497      
   86.9923012860324873337774353310003145      
   86.9372879334247250328504520665328739      
   86.8804098969855603501422089412933775      
   86.8216039730448609756240909455709091      
   86.7608048156369209901251184093136913      
   86.6979448638871092182226940523009140      
   86.6329542669372797844535079260487574      
   86.5657608063265209383422379495469536      
   86.4962898157409905500159771986818005      
   86.4244640980436631704595159473564890      
   86.3502038394917909501280200238681380      
   86.2734265210467556579134780568981447      
   86.1940468266777580667583302783277346      
   86.1119765485574504822185202169694307      
   86.0271244890441644739995975736527358      
   85.9393963593418150901055802565680776      
   85.8486946747248710208499182215189793      
   85.7549186462119632331874941750787237      
   85.6579640685677582731914524744561953      
   85.5577232045086423508098244502237199      
   85.4540846649835439424483177289652191      
   85.3469332853968612859159326342413531      
   85.2361499976359519524338666354061707      
   85.1216116977609796510706133797924534      
   85.0031911092100933716150083894885348      
   84.8807566413679305464279206401420756      
   84.7541722433402835725702086020636419      
   84.6232972527724420571379740260047331      
   84.4879862395432156118331416957867715      
   84.3480888441609478073058807548102485      
   84.2034496106819446762334150260091237      
   84.0539078139656543844843401333922863      
   83.8992972810746416083550896613461634      
   83.7394462066208937697955857487368239      
   83.5741769618532693607771102145656225      
   83.4033058972739436574485404366491736      
   83.2266431385645164560611922098369848      
   83.0439923755950120654459405666537838      
   82.8551506442813154038928355201481261      
   82.6599081010486411303923569886566876      
   82.4580477896504164606223794999345403      
   82.2493454000834635467609872275589233      
   82.0335690193315845976637313071091961      
   81.8104788736605725227027710283528032      
   81.5798270621782817083645334660611314      
   81.3413572813636871492714975161139093      
   81.0948045402588247687588982642790746      
   80.8398948660071302270365875963030659      
   80.5763449994109662978579391577055483      
   80.3038620801700380772677657684589259      
   80.0221433214509285461382635387574440      
   79.7308756734261315998219673997299234      
   79.4297354754087024094578823517820942      
   79.1183880961959722698349375549527391      
   78.7964875622226728361533914210474139      
   78.4636761731102682971233729099359735      
   78.1195841041852885217012217048808969      
   77.7638289955249759882698066800373467      
   77.3960155270735882675859958109632545      
   77.0157349793572193483205419464993563      
