 0.94869660212380E-01
 0.94800655288235E-01
 0.94787501420268E-01
 0.94801210638401E-01
 0.94829990361798E-01
 0.94875229381969E-01
 0.94938952027330E-01
 0.95026612143496E-01
 0.95135198505998E-01
 0.95265902891490E-01
 0.95419496290496E-01
 0.95596744443452E-01
 0.95800438097423E-01
 0.96026391452111E-01
 0.96279840901520E-01
 0.96557148753220E-01
 0.96863249753444E-01
 0.97195289376959E-01
 0.97557959477846E-01
 0.97949153606328E-01
 0.98373447077986E-01
 0.98829554350032E-01
 0.99322009146549E-01
 0.99851564609318E-01
 0.10042051934777E+00
 0.10103025420835E+00
 0.10168591781634E+00
 0.10238931314539E+00
 0.10314347683928E+00
 0.10395228499223E+00
 0.10481600197110E+00
 0.10573808625376E+00
 0.10671883534418E+00
 0.10775746492772E+00
 0.10885632737608E+00
 0.11002296774039E+00
 0.11127181398180E+00
 0.11262290008629E+00
 0.11410224016492E+00
 0.11574678503330E+00
 0.11759814775447E+00
 0.11971716954632E+00
 0.12218792038487E+00
 0.12513107555403E+00
 0.12873059387113E+00
 0.13329091401947E+00
 0.13936242438751E+00
 0.14809255353493E+00
 0.16251561286576E+00
 0.19646434096188E+00
