   74.4832114544105579134350633452567328      
   53.4683048151780493751460731109057888      
   43.8447766344850798338203173304974921      
   38.0350942920907067712310624479591707      
   34.0387123736476001633896900913367120      
   31.0689912113307601557195167458641380      
   28.7454916365019135014796718388352428      
   26.8595807009727082086599905915937377      
   25.2849606630280661944062892119827852      
   23.9411365523934023402348725543031210      
   22.7738165671716406024163528301848923      
   21.7449107231133963587246373426671840      
   20.8270209934008956944669884355251545      
   19.9990197252724214636073244786716588      
   19.2456835233071619233662468024193071      
   18.5543367339758987445177382136087753      
   17.9156950842264857142298096203771891      
   17.3216059202480625291033349658280617      
   16.7660394495356993522951885545041594      
   16.2434507307367745478811423663417303      
   15.7497190734045568535397836496678913      
   15.2809032684577035128257500135377209      
   14.8340580070348733645712836554209874      
   14.4063619734369443822477557462420232      
   13.9954590814352967095585045140289355      
   13.5992152991241987774578757738863511      
   13.2159937263018067932065187850582807      
   12.8441444039189785652717892365048481      
   12.4823194439432185677831834698594499      
   12.1294604685837565933423082845529708      
   11.7845864354897863720388170552868367      
   11.4472466579268167431509496359205740      
   11.1171351056388584654890941515169442      
   10.7940179039523424507160729973271261      
   10.4774883790978404213486029356994049      
   10.1665291687249891599633700583474901      
   9.85938712282863008897480273003989813      
   9.55372527601867339351659085097403736      
   9.24690266448435726429727091148196385      
   8.93617028687498236108364026053928807      
   8.61815311879058156855772908771355016      
   8.28899572375687096881635400882391892      
   7.94388012107226414112146493721151907      
   7.57652751660240891363171429275724233      
   7.17831425358627976838982225991918493      
   6.73656569482718551385881150071662396      
   6.23079384281615233175036890810353904      
   5.62376989658972982606162953600672335      
   4.83319657070018644759749429644178806      
   3.57618768209929271461850186443821339      
