   1.74104555897000159580983954850691045      
   3.58517857087363336638142820591596118E-0002
   3.10156481160897511830912164151676363E-0002
   2.68456956269136803440299778336678731E-0002
   2.32447019749490889266517384247697483E-0002
   2.01314864047229550264009487517438084E-0002
   1.74377202262266818473604686470020881E-0002
   1.51054997773685806400617501975343747E-0002
   1.30854779645067376110365871601588460E-0002
   1.13354064419628196654014663914895589E-0002
   9.81898241127695442626014992975141126E-0003
   8.50492366297313466771998588635709715E-0003
   7.36621659020940579365672448279109058E-0003
   6.37949706289485254582202054297855246E-0003
   5.52453480557733721085135950501004395E-0003
   4.78379969014859716161306326378461858E-0003
   4.14209392536640295679708818990827195E-0003
   3.58623798878395861331058705846318658E-0003
   3.10480109621612281390154381125900548E-0003
   2.68786894301654165915774595905472034E-0003
   2.32684300328252694007980213442486593E-0003
   2.01426676436159373993735494410602392E-0003
   1.74367501440101548327711216768299033E-0003
   1.50946312113918463610044802883467974E-0003
   1.30677345507167917972089078892177052E-0003
   1.13139683449041307536467516793179824E-0003
   9.79686903063153433986304238499131756E-0004
   8.48485727314374003068525938458163061E-0004
   7.35059302113006879395663787154977541E-0004
   6.37041484981336041974023493635821400E-0004
   5.52385307492864948286991415391909036E-0004
   4.79320803984592682265886937204123320E-0004
   4.16318279566363029945781716289293623E-0004
   3.62056391458085526114923120150892198E-0004
   3.15394352877982119151652662977291987E-0004
   2.75347541528656676056668540085515027E-0004
   2.41066036139546238799246456495178043E-0004
   2.11815501717961656005961723445750274E-0004
   1.86960010554272847905155892786314516E-0004
   1.65947044988898604742443142113494934E-0004
   1.48292581094620613654130352337224870E-0004
   1.33569020918122440281687490362694861E-0004
   1.21393148984779924260314311935265939E-0004
   1.11419157548486456157682884792559756E-0004
   1.03331945645016851700180353331511519E-0004
   9.68431880087553821936261159058926391E-0005
   9.16908254583374867362077438031189735E-0005
   8.76396932557135888814603924754318788E-0005
   8.44830075652375905591892613325960907E-0005
   8.20421791281915830386963892664724665E-0005
   8.01679202959636499936962005708274339E-0005
   7.87361695895482237144375649399191948E-0005
   7.76469201010525848456346924154034844E-0005
   7.68215127654673948695312395597113789E-0005
   7.61968831871333041201770016752741826E-0005
   7.57241473659680184229723149957588133E-0005
   7.53664609861346414743991755241173662E-0005
   7.50960502257589462255065794910813539E-0005
   7.48902390070963048863385312188616154E-0005
   7.47320973713922841159114616135159469E-0005
   7.46115019016735228540483654816036425E-0005
   7.45168167440065880237602099972104335E-0005
   7.44411885875775308234636106256159974E-0005
   7.43803179403984700814547851236671783E-0005
   7.43307779470278860184336979858334474E-0005
   7.42873638774811937681788373372019069E-0005
   7.42495356151213858866723218849685530E-0005
   7.42144398806202032923630246019271857E-0005
   7.41808381390030869109638556482646484E-0005
   7.41484404958049515048688905949416103E-0005
   7.41157410751695463716388372441010930E-0005
   7.40824952067944212898063079981476854E-0005
   7.40476281866757173132336989343967963E-0005
   7.40120440070820729051517641574733641E-0005
   7.39734031478580896116826955421361634E-0005
   7.39331267189980086879606008947915744E-0005
   7.38887096566637365968419368796018895E-0005
   7.38405663043769627340206658265170505E-0005
   7.37887076366324316015862711906987062E-0005
   7.37332918346544202640666867839857644E-0005
   7.36735403054736539408045178504035889E-0005
   7.36102410809138177320835289187801741E-0005
   7.35430563646488444584052198136494694E-0005
   7.34721074975332647158466834479240019E-0005
   7.33984021531827508461712931771216497E-0005
   7.33219342643368293295591003500868594E-0005
   7.32446155472324997827743314630572515E-0005
   7.31681909347552661241158219202410292E-0005
   7.30970542735105723398342474351795889E-0005
   7.30333172328769956205357092669988388E-0005
   7.29873670586931542617870961283523603E-0005
   7.29664587419757260479164898475658584E-0005
   7.29836980320640625759798742024233215E-0005
   7.30611685562093304418209147032800927E-0005
   7.32117433194193878596289738907799978E-0005
   7.35000386876442871463268665825842760E-0005
   7.39479306954819902099087451837539391E-0005
   7.46081648762207288551518135827515358E-0005
   7.56054227462970368235108746432747460E-0005
   7.64467488684529283530090297385981980E-0005
