   131.141317000000000000000000000000004      
   131.142198641980193513809639417369247      
   131.142281669982162681230280845980642      
   131.142372517086744769787850288736897      
   131.142471919652327568869105389216642      
   131.142580683383322588249818877440599      
   131.142699689860777169766940751631463      
   131.142829903688002316764057568902203      
   131.142972380309134905998894911080208      
   131.143128274564007395461834013082092      
   131.143298850048666259119639417095888      
   131.143485489357410540360594022584739      
   131.143689705289367049891478583085779      
   131.143913153110436755685075260824200      
   131.144157643970001191032667338096412      
   131.144425159581137578257988842828475      
   131.144717868283332696345331438265256      
   131.145038142617891321413277384643222      
   131.145388578558496167896554558931190      
   131.145772016552792037438804901882172      
   131.146191564545546083030237665324564      
   131.146650623169997699650707856557445      
   131.147152913311585746431435875841032      
   131.147702506267470036209614749446755      
   131.148303856746304158253721431150316      
   131.148961838975738269003652003533228      
   131.149681786210320094512693116144422      
   131.150469533960024210490828337696368      
   131.151331467289797102925835696827003      
   131.152274572573503004370697717861718      
   131.153306494121760508281632343163140      
   131.154435596142665134287092361590322      
   131.155671030537618558898236894577098      
   131.157022811081781502222324109083083      
   131.158501894590417630210441643196922      
   131.160120269729019754870185563486983      
   131.161891054187066055152703691058724      
   131.163828601003045184886505257219021      
   131.165948614902564460189443702132030      
   131.168268279592516053049491488247420      
   131.170806397043080106037988080874797      
   131.173583539886510723377886069711038      
   131.176622218167968470264496181086367      
   131.179947061799993080057275701213939      
   131.183585020199495437483256511036401      
   131.187565580725420282921478560539861      
   131.191921007687619336103753182180210      
   131.196686603864213845429449046267199      
   131.201900996647167431837803058373798      
   131.207606451135413290668998908034634      
   131.213849212713302380784825236943982      
   131.220679881891131584742290237623602      
   131.228153824446010112134318571540250      
   131.236331620187448214699434398807581      
   131.245279553985123770223931492391672      
   131.255070153038837063852256563128856      
   131.265782774745478717258056820515976      
   131.277504249927948236498780556882785      
   131.290329586639695222591581773159609      
   131.304362740249549119069415019533836      
   131.319717456048736193262094848768796      
   131.336518191209808786773519456603044      
   131.354901123570396333745300707157648      
   131.375015255418443544720641492917149      
   131.397023621225632760858598749150797      
   131.421104609118236265198765709565306      
   131.447453406796539547653131113636395      
   131.476283583622690551429419691706439      
   131.507828821700538880953179408164251      
   131.542344809978678903726652104991357      
   131.580111316729290200164384129360582      
   131.621434457201188306997047817592243      
   131.666649174827477206370354293145642      
   131.716121956099155211991358262250982      
   131.770253801109998039784157883422197      
   131.829483473850378455902453579806603      
   131.894291058595178221565869698725011      
   131.965201851211984223169964433321622      
   132.042790616930446649163570226362831      
   132.127686249084016655226797705683797      
   132.220576866585350141634200263892224      
   132.322215391452806386279060039104275      
   132.433425651596509533292674296067736      
   132.555109058329916028496218206320051      
   132.688251912731250851342757758250451      
   132.833933400076298495374386624410074      
   132.993334337141175668709590423689926      
   133.167746743276076966199501022149457      
   133.358584312828034830004160559947545      
   133.567393873796591587598165757904487      
   133.795867925600161628601309746817851      
   134.045858357577560002893272000984213      
   134.319391459419585983289126810547451      
   134.618684345197249116296232196770402      
   134.946162924111089015357893456039242      
   135.304481563622939991522016017942473      
   135.696544604349045019371927133970287      
   136.125529901102817704861491623402869      
   136.594914580898444035197959575313064      
   137.108503226696022999748514648324005      
