   158.057496522411647773256482919757676      
   130.908416051937795507612058523055225      
   103.016320449747659892664706841483314      
   83.2675731111902365858327918018247023      
   50.1577164415407827677712008345025647      
   31.8506301066752525201598901895422774      
   18.2723115152123053328538712434304663      
   7.65105810281792740968564090616145779      
   4.54559401022224072278284909879351067      
   1.29818969492344031176700079009142607      
  0.718655621959481539259849593410105308      
  0.762126225795437854524102002602778983      
  0.257443717048554714278363445930820145      
  0.653447745836785205147899984902378138      
  0.256027669091078462103976922778235791      
  0.296736898981019814891297457261402858      
  0.153826106487920272047629013318356517      
   5.44630465769846542288432255658492660E-0002
   4.73330353609043294154643796588546102E-0002
   0.00000000000000000000000000000000000      
   0.00000000000000000000000000000000000      
