  0.972010489336021446779332918398885292      
  0.965788251094876256491754498328835367      
  0.959500053021689096618848170128719856      
  0.953144366545759285376643618672812916      
  0.946719604482085003127293144264708273      
  0.940224117847070703855678571668428384      
  0.933656192446520394475838016489420578      
  0.927014045215529413162968421855465524      
  0.920295820287684043120364497365030126      
  0.913499584768495539685621236733088581      
  0.906623324185191365757249758640173667      
  0.899664937581813693516897605426843782      
  0.892622232224978715684497729097948638      
  0.885492917881563039802073970022201606      
  0.878274600624929178177580327439703196      
  0.870964776120989658541175584678688721      
  0.863560822339331047327390195214888861      
  0.856059991627647598940780766606064157      
  0.848459402079661074586969369123211812      
  0.840756028117855404512042578156666358      
  0.832946690200479906524662998969263800      
  0.825028043551865959145410249296830063      
  0.816996565798704352558368830642157995      
  0.808848543379310605084643561767859534      
  0.800580056572828110018857397581778704      
  0.792186962972264415730418359849135109      
  0.783664879198016726092457850871991826      
  0.775009160616319442996408246404675425      
  0.766214878788779204400926430786013563      
  0.757276796333532760729796263520140326      
  0.748189338823921373098317647043723943      
  0.738946563284849358839722495076373470      
  0.729542122767563128185212481662062069      
  0.719969226387117004218892561175918776      
  0.710220594089016422231003949044385063      
  0.700288405266949880798664702387057269      
  0.690164240175004422128647738747096703      
  0.679839012855980049687484017056899410      
  0.669302894030090164382372866858907491      
  0.658545222039135641534919579746004030      
  0.647554399498293127325358043306715379      
  0.636317772741365550860978950191130825      
  0.624821490415255922805613482381625410      
  0.613050336629670100546734553159234508      
  0.600987532820555433146389497556405663      
  0.588614500830086303744188652471740596      
  0.575910577483758781046648597292718846      
  0.562852667926030935330006657696851212      
  0.549414820819673395300761249305207484      
  0.535567702709267591224315080656108324      
  0.521277940613407254863502260240818819      
  0.506507290020202173279305910127635757      
  0.491211567963343466234794153539798154      
  0.475339264550158689663334362498071990      
  0.458829705811219634156056899307707493      
  0.441610576679901768145335440822416411      
  0.423594508445160444541501450537352666      
  0.404674258598047648801339136288202110      
  0.384715700712695987375814831216729417      
  0.363547269701333166451690953152906956      
  0.340943390586489572082206400350419762      
  0.316597082518142390257297416587256970      
  0.290071606422734998404967959055086419      
  0.260707485193719842623205700631993014      
  0.227421309561478992287292480389730366      
  0.188187308978372663729525522699400187      
  0.138248053020449241875453381151878656      
   5.89608051343849498506440759984278837E-0002
   6.53350775063886933901189817137332505E-0003
   3.07658331210111649750951163570256574E-0003
   2.00743275816438192444997083210313601E-0003
   1.48794988520203246117017729809542362E-0003
   1.18108882999503471224988462739179650E-0003
   9.78579857710700934554868235478834592E-0004
   8.34993597889476500628743521104176691E-0004
   7.27928589945981678536500241845181449E-0004
   6.45061737658528359941408591262480461E-0004
   5.79053614505897542461143927705229690E-0004
   5.25260448970099173903557919978342042E-0004
   4.80600607216119780550050404681623548E-0004
   4.42948669819780289044389650449934468E-0004
   4.10791233835914655201795819620052198E-0004
   3.83021405879503404050250440809865445E-0004
   3.58810891323683131614128223136589309E-0004
   3.37527521499001053058556764630912147E-0004
   3.18680440051019707975062607487078749E-0004
