 0.57823743619330E-04
 0.58009713713800E-04
 0.58199490082039E-04
 0.58393208443783E-04
 0.58591011534739E-04
 0.58793049585581E-04
 0.58999480841899E-04
 0.59210472129357E-04
 0.59426199468788E-04
 0.59646848746589E-04
 0.59872616446423E-04
 0.60103710449018E-04
 0.60340350907741E-04
 0.60582771208643E-04
 0.60831219024857E-04
 0.61085957476587E-04
 0.61347266409525E-04
 0.61615443806354E-04
 0.61890807348170E-04
 0.62173696145147E-04
 0.62464472658758E-04
 0.62763524841289E-04
 0.63071268522550E-04
 0.63388150078524E-04
 0.63714649422484E-04
 0.64051283366067E-04
 0.64398609406044E-04
 0.64757230002539E-04
 0.65127797426538E-04
 0.65511019269141E-04
 0.65907664722976E-04
 0.66318571768040E-04
 0.66744655421360E-04
 0.67186917243290E-04
 0.67646456335058E-04
 0.68124482114538E-04
 0.68622329223262E-04
 0.69141475001679E-04
 0.69683560077081E-04
 0.70250412747166E-04
 0.70844078022342E-04
 0.71466852426056E-04
 0.72121325965115E-04
 0.72810433099874E-04
 0.73537515108904E-04
 0.74306397014512E-04
 0.75121483303546E-04
 0.75987878175751E-04
 0.76911538183690E-04
 0.77899468210742E-04
 0.78959976269556E-04
 0.80103009407580E-04
 0.81340603432609E-04
 0.82687495530994E-04
 0.84161975210274E-04
 0.85787092758211E-04
 0.87592419572433E-04
 0.89616688954434E-04
 0.91911896833645E-04
 0.94549936413058E-04
 0.97633879740782E-04
 0.10131837878211E-03
 0.10584956490866E-03
 0.11165159682106E-03
 0.11954354032797E-03
 0.13141548147432E-03
 0.15332472639824E-03
 0.23477948273411E-03
 0.70531286054839E-03
 0.10279392709173E-02
 0.12728066532841E-02
 0.14787841214001E-02
 0.16603856547978E-02
 0.18249006631040E-02
 0.19766014840032E-02
 0.21182451990291E-02
 0.22517328751360E-02
 0.23784405080719E-02
 0.24994017357486E-02
 0.26154161721144E-02
 0.27271173159263E-02
 0.28350170657294E-02
 0.29395359925406E-02
 0.30410245705141E-02
 0.31397784610622E-02
 0.32360497667037E-02
