   57.1000000000000000000000000000000012      
   57.1000200000000000000000000000000027      
   57.1000400000000000000000000000000042      
   57.1000599999999999999999999999999995      
   57.1000800000000000000000000000000009      
   57.1001000000000000000000000000000024      
   57.1001200000000000000000000000000038      
   57.1001399999999999999999999999999992      
   57.1001600000000000000000000000000006      
   57.1001800000000000000000000000000021      
   57.1002000000000000000000000000000035      
   57.1002199999999999999999999999999988      
   57.1002400000000000000000000000000003      
   57.1002600000000000000000000000000018      
   57.1002800000000000000000000000000032      
   57.1002999999999999999999999999999985      
   57.1003200000000000000000000000000000      
   57.1003400000000000000000000000000015      
   57.1003600000000000000000000000000029      
   57.1003799999999999999999999999999982      
   57.1003999999999999999999999999999997      
   57.1004200000000000000000000000000011      
   57.1004400000000000000000000000000026      
   57.1004600000000000000000000000000041      
   57.1004799999999999999999999999999994      
   57.1005000000000000000000000000000008      
   57.1005200000000000000000000000000023      
   57.1005400000000000000000000000000038      
   57.1005599999999999999999999999999991      
   57.1005800000000000000000000000000005      
   57.1006000000000000000000000000000020      
   57.1006200000000000000000000000000035      
   57.1006399999999999999999999999999988      
   57.1006600000000000000000000000000002      
   57.1006800000000000000000000000000017      
   57.1007000000000000000000000000000031      
   57.1007199999999999999999999999999984      
   57.1007399999999999999999999999999999      
   57.1007600000000000000000000000000014      
   57.1007800000000000000000000000000028      
   57.1008000000000000000000000000000043      
   57.1008199999999999999999999999999996      
   57.1008400000000000000000000000000011      
   57.1008600000000000000000000000000025      
   57.1008800000000000000000000000000040      
   57.1008999999999999999999999999999993      
   57.1009200000000000000000000000000008      
   57.1009400000000000000000000000000022      
   57.1009600000000000000000000000000037      
   57.1009799999999999999999999999999990      
   57.1010000000000000000000000000000004      
   57.1010200000000000000000000000000019      
   57.1010400000000000000000000000000034      
   57.1010599999999999999999999999999987      
   57.1010800000000000000000000000000001      
   57.1011000000000000000000000000000016      
   57.1011200000000000000000000000000031      
   57.1011399999999999999999999999999984      
   57.1011599999999999999999999999999998      
   57.1011800000000000000000000000000013      
   57.1012000000000000000000000000000028      
   57.1012200000000000000000000000000042      
   57.1012399999999999999999999999999995      
   57.1012600000000000000000000000000010      
   57.1012800000000000000000000000000024      
   57.1013000000000000000000000000000039      
   57.1013199999999999999999999999999992      
   57.1013400000000000000000000000000007      
   57.1013600000000000000000000000000021      
   57.1013800000000000000000000000000036      
   57.1013999999999999999999999999999989      
   57.1014200000000000000000000000000004      
   57.1014400000000000000000000000000018      
   57.1014600000000000000000000000000033      
   57.1014799999999999999999999999999986      
   57.1015000000000000000000000000000000      
   57.1015200000000000000000000000000015      
   57.1015400000000000000000000000000030      
   57.1015599999999999999999999999999983      
   57.1015799999999999999999999999999997      
   57.1016000000000000000000000000000012      
   57.1016200000000000000000000000000027      
   57.1016400000000000000000000000000041      
   57.1016599999999999999999999999999994      
   57.1016800000000000000000000000000009      
   57.1017000000000000000000000000000024      
