   19325323599.6273117940950960588725291      
   602610556.603622474053676391153115590      
   368217181.349508563671693224537038345      
   170811589.422545412717505925435060308      
   65769011.0971999387577884073663926215      
   28110034.4189724657879043244396397755      
   17011236.5692046970089016605289306813      
   8613386.46864245346337242862726453995      
   2536079.50240453479805513461232188810      
   1091442.11249005176357752034147425195      
   940566.931122878775115885161146441527      
   236907.951685966671787285232093703163      
  -122517.108261958405984412131466682106      
   75402.8323423301557785850672188718839      
   132461.741381849472386244413358078098      
  -46510.6012799505730353501341031171248      
  -55067.1125155031604878824905988203036      
   69568.4588477447650389030624605261292      
   36150.4919129007059206182598269595317      
  -62592.4305169650991246138839370617293      
  -42120.5342367528621971792656847801563      
