   635.481255003788303608195983168914725      
   562.281501323111237924916685465232273      
   412.156024972447466960048255341853445      
   275.473319832839192722461875275622445      
   178.585905296126754653608067704933671      
   106.743648103566367143407186365861351      
   49.1306265269901329010372487363882549      
   20.2270332617615470322403056207148054      
   9.02360841865790954286453941559602751      
  0.150355897373668374225618439800614484      
  -6.47372044254205932592813238774492816      
  -5.54224407920425675721061311444587491      
  -4.97771133902888387371675147007428954      
  -6.19638652585603261661190629814873269      
  -6.98487469392626082170197902176962177      
  -4.24892522843938613537834875409475108      
  -3.80599931223969709955475012899479905      
  -4.22828489100527171767475904318077967      
  -3.16191354816880779566753514732834171      
   0.00000000000000000000000000000000000      
   0.00000000000000000000000000000000000      
