   19319691909.8144536100562453537933879      
   607378872.712611241190605167538020059      
   365718981.756191008927312386298257681      
   170800161.973622211008233807941928148      
   66972558.1262610114836086253862378370      
   27415147.5915390439759804415959057257      
   16710571.4714676887723098349875665665      
   9134686.54294543698861871462688263339      
   2486107.83762380828627659757037117612      
   828369.162238244464743356392582134348      
   1043559.19973742393794158035272300101      
   349220.247807681157556342853563227939      
  -187673.832067957003341392120051198802      
   6488.72577825278723046613582497673354      
   166246.729279747353172056528559196064      
   41556.4026344042628904675657864306543      
  -135459.209093408454462359476426591180      
   19152.1090711570869812250749284474821      
   141343.803230606900266077176858018853      
  -78814.5262177328687937460931804725300      
  -108806.630058411869817735315216335520      
