   625.621183428251340418856290044752333      
   554.279054059971822101182299377677324      
   402.768411191691947164604334204702993      
   268.154972884410037925490398459370745      
   167.654814279514874653072809799877798      
   100.766452544679467359047828321969891      
   40.3817668190316573584898032412222240      
   12.1438038927227620895664262119345117      
  0.835354405143191963585185289546390330      
  -4.97430734112826393149761016002076952      
  -14.6520542568531746892838563772841640      
  -11.6453835441061092700910463588711983      
  -10.9062435459789132976330932371687385      
  -10.5450784316742425770606754297791483      
  -12.2625130968739806056167729798221016      
  -9.02811402652388384172135090635517390      
  -6.93127873596762202881169872076402629      
  -5.32436005495225536463201355041724177      
  -8.16721794345195922256826429974899197      
   0.00000000000000000000000000000000000      
   0.00000000000000000000000000000000000      
