 0.94869660213176E-01
 0.94800791626685E-01
 0.94789425330146E-01
 0.94807867958451E-01
 0.94836705890639E-01
 0.94892320689640E-01
 0.94973652112618E-01
 0.95073263982089E-01
 0.95200878552010E-01
 0.95352975805887E-01
 0.95533059367216E-01
 0.95735658588651E-01
 0.95964558890486E-01
 0.96222413125626E-01
 0.96505330462042E-01
 0.96818493131440E-01
 0.97158850068154E-01
 0.97531295051431E-01
 0.97933689491886E-01
 0.98370796470893E-01
 0.98842764758374E-01
 0.99350197595173E-01
 0.99898134679767E-01
 0.10048769728230E+00
 0.10112166345733E+00
 0.10180305046775E+00
 0.10253503325517E+00
 0.10332077011784E+00
 0.10416310255844E+00
 0.10506501753393E+00
 0.10602730853864E+00
 0.10704792291596E+00
 0.10813151853106E+00
 0.10928186806701E+00
 0.11051427700822E+00
 0.11184772552792E+00
 0.11331068032060E+00
 0.11493446857566E+00
 0.11676101889647E+00
 0.11884392777334E+00
 0.12125820700337E+00
 0.12411228074982E+00
 0.12756900059984E+00
 0.13189240395092E+00
 0.13755458803880E+00
 0.14550286509400E+00
 0.15808533051146E+00
 0.18420499482633E+00
 0.29216593326650E+01
 0.14528175648048E+02
 0.23554371860757E+02
 0.31431692000724E+02
 0.38590912890793E+02
 0.45246757843593E+02
 0.51526517505253E+02
 0.57513052535012E+02
 0.63263544948093E+02
 0.68819038032144E+02
 0.74209820262035E+02
 0.79458701831680E+02
 0.84583126677390E+02
 0.89596596550371E+02
 0.94509666130682E+02
 0.99330658422737E+02
 0.10406619073717E+03
 0.10872156824835E+03
 0.11330108244575E+03
 0.11780823973330E+03
 0.12224593777836E+03
 0.12661660220122E+03
 0.13092229281974E+03
 0.13516478632400E+03
 0.13934564059792E+03
 0.14346624468501E+03
 0.14752785751216E+03
 0.15153163779337E+03
 0.15547866702171E+03
 0.15936996705209E+03
 0.16320651345861E+03
 0.16698924560582E+03
 0.17071907416826E+03
 0.17439688668494E+03
 0.17802355160358E+03
 0.18159992117515E+03
 0.18512683347910E+03
 0.18860511379704E+03
 0.19203557550721E+03
 0.19541902062670E+03
 0.19875624010418E+03
 0.20204801394010E+03
 0.20529511118964E+03
 0.20849828989384E+03
 0.21165829696994E+03
 0.21477586808383E+03
 0.21785172752169E+03
 0.22088658807193E+03
