   19938561670.0570983546324286601988784      
   502220522.634769984660368569279583195      
   312919139.069055384296773631953648284      
   150326437.469972046064179816152317855      
   65333560.7124359767898508054877237781      
   31292530.8836764596670511379184090696      
   15884318.4830717145659402333868327339      
   7338484.32120003925761345574462507579      
   3159321.15687372801584426702679484161      
   1394682.95543616781098948806708776120      
   590573.708398867593120712983929753104      
   239759.470850403125809545236366884015      
   116197.625011704228016244328249905173      
   62910.9108459861930241126575965191889      
   36328.0549697224251422196802672801728      
   24146.1875191104364753935542901949029      
   14191.0619158526471365687420872756731      
   7392.22021476821469823037874519199023      
   4136.51410065356915523252138162366660      
   1572.67895846523267747783883102244393      
   164.959425969970332354846014079122646      
