 0.26008472246150E-01
 0.82443888489338E-03
 0.81648171082475E-03
 0.80866392981878E-03
 0.80097952696581E-03
 0.79342290624886E-03
 0.78598885344187E-03
 0.77867250297064E-03
 0.77146930824090E-03
 0.76437501500882E-03
 0.75738563742847E-03
 0.75049743646098E-03
 0.74370690037242E-03
 0.73701072708365E-03
 0.73040580816600E-03
 0.72388921430276E-03
 0.71745818205928E-03
 0.71111010182340E-03
 0.70484250679514E-03
 0.69865306291844E-03
 0.69253955966062E-03
 0.68649990155602E-03
 0.68053210043956E-03
 0.67463426830448E-03
 0.66880461072547E-03
 0.66304142079462E-03
 0.65734307352541E-03
 0.65170802067779E-03
 0.64613478597358E-03
 0.64062196066346E-03
 0.63516819941702E-03
 0.62977221650842E-03
 0.62443278227283E-03
 0.61914871981134E-03
 0.61391890192423E-03
 0.60874224825415E-03
 0.60361772262271E-03
 0.59854433054529E-03
 0.59352111691038E-03
 0.58854716381081E-03
 0.58362158851560E-03
 0.57874354157178E-03
 0.57391220502681E-03
 0.56912679076273E-03
 0.56438653893407E-03
 0.55969071650213E-03
 0.55503861585890E-03
 0.55042955353434E-03
 0.54586286898142E-03
 0.54133792343349E-03
 0.53685409882918E-03
 0.53241079680038E-03
 0.52800743771912E-03
 0.52364345979942E-03
 0.51931831825072E-03
 0.51503148447949E-03
 0.51078244533590E-03
 0.50657070240297E-03
 0.50239577132521E-03
 0.49825718117464E-03
 0.49415447385168E-03
 0.49008720351891E-03
 0.48605493606569E-03
 0.48205724860180E-03
 0.47809372897836E-03
 0.47416397533454E-03
 0.47026759566838E-03
 0.46640420743048E-03
 0.46257343713922E-03
 0.45877492001615E-03
 0.45500829964068E-03
 0.45127322762271E-03
 0.44756936329236E-03
 0.44389637340586E-03
 0.44025393186662E-03
 0.43664171946073E-03
 0.43305942360609E-03
 0.42950673811448E-03
 0.42598336296573E-03
 0.42248900409360E-03
 0.41902337318248E-03
 0.41558618747461E-03
 0.41217716958705E-03
 0.40879604733803E-03
 0.40544255358217E-03
 0.40211642605414E-03
 0.39881740722028E-03
 0.39554524413782E-03
 0.39229968832137E-03
 0.38908049561623E-03
 0.38588742607825E-03
 0.38272024385993E-03
 0.37957871710240E-03
 0.37646261783308E-03
 0.37337172186872E-03
 0.37030580872351E-03
 0.36726466152217E-03
 0.36424806691763E-03
 0.36125581501320E-03
 0.35828769928899E-03
 0.35534351653241E-03
 0.35242306677252E-03
 0.34952615321816E-03
 0.34665258219958E-03
 0.34380216311352E-03
 0.34097470837153E-03
 0.33817003335145E-03
 0.33538795635182E-03
 0.33262829854924E-03
 0.32989088395844E-03
 0.32717553939503E-03
 0.32448209444077E-03
 0.32181038141124E-03
 0.31916023532593E-03
 0.31653149388052E-03
 0.31392399742134E-03
 0.31133758892188E-03
 0.30877211396128E-03
 0.30622742070482E-03
 0.30370335988607E-03
 0.30119978479095E-03
 0.29871655124337E-03
 0.29625351759253E-03
 0.29381054470172E-03
 0.29138749593856E-03
 0.28898423716670E-03
 0.28660063673873E-03
 0.28423656549048E-03
 0.28189189673635E-03
 0.27956650626581E-03
 0.27726027234098E-03
 0.27497307569504E-03
 0.27270479953166E-03
 0.27045532952511E-03
 0.26822455382117E-03
 0.26601236303864E-03
 0.26381865027146E-03
 0.26164331109122E-03
 0.25948624355010E-03
 0.25734734818409E-03
 0.25522652801638E-03
 0.25312368856085E-03
 0.25103873782556E-03
 0.24897158631607E-03
 0.24692214703858E-03
 0.24489033550268E-03
 0.24287606972366E-03
 0.24087927022419E-03
 0.23889986003534E-03
 0.23693776469672E-03
 0.23499291225559E-03
 0.23306523326499E-03
 0.23115466078048E-03
 0.22926113035552E-03
 0.22738458003539E-03
 0.22552495034931E-03
 0.22368218430081E-03
 0.22185622735604E-03
 0.22004702743009E-03
 0.21825453487086E-03
 0.21647870244061E-03
 0.21471948529493E-03
 0.21297684095899E-03
 0.21125072930083E-03
 0.20954111250178E-03
 0.20784795502363E-03
 0.20617122357251E-03
 0.20451088705936E-03
 0.20286691655684E-03
 0.20123928525239E-03
 0.19962796839764E-03
 0.19803294325368E-03
 0.19645418903227E-03
 0.19489168683282E-03
 0.19334541957504E-03
 0.19181537192712E-03
 0.19030153022952E-03
 0.18880388241420E-03
 0.18732241791945E-03
 0.18585712760060E-03
 0.18440800363670E-03
 0.18297503943396E-03
 0.18155822952678E-03
 0.18015756947757E-03
 0.17877305577741E-03
 0.17740468575024E-03
 0.17605245746438E-03
 0.17471636965677E-03
 0.17339642167729E-03
 0.17209261346324E-03
 0.17080494555771E-03
 0.16953341919053E-03
 0.16827803644727E-03
 0.16703880056076E-03
 0.16581571637259E-03
 0.16460879102937E-03
 0.16341803500400E-03
 0.16224346356812E-03
 0.16108509889490E-03
 0.15994297305076E-03
