   648.265943661822725149290836828779013      
   574.921657047457669811148687848295321      
   424.885333702783240365806495299167363      
   287.815056866134532742054249331439855      
   191.935186823404585842098809512675679      
   117.119968692563545271709826444339237      
   61.4887542849357063439651986774014460      
   31.9330687147260024748556014309766446      
   19.7239355672515834642143848442701942      
   9.27084757375067810332481110514359971      
   4.42127951292667466258454719724875780      
   3.20746151709625350540192807303902672      
   3.13249445701615490979204570440093552      
  0.598581134896988638892118472516484178      
   1.05814308275594244048564422360852312      
  0.665872124537183520505776929729119985      
  0.766757694932101580373874201054220119      
 -0.584076215355715407985598082765554971      
  0.779775640190253134436215543604048317      
   0.00000000000000000000000000000000000      
   0.00000000000000000000000000000000000      
