   600316.352149494560770896072601845439      
   411932.166249333947402357132392212421      
   178800.508054062246819096451041488687      
   132515.606593251156306172350655365457      
   95916.8174734245245123179117624765269      
   48155.3555988512567173324138710881608      
   30146.8045541021565684349475149734042      
   14644.5624846127827331577295984101019      
   6075.71146018070213470441273959294417      
   3080.70533238010150008827409574442623      
   459.364362082875496538777249806209562      
   300.368517113629250470687067484823450      
   49.1002821455528849789496255240383155      
   26.2863392688403347549975983755386641      
   165.584473850684142663091198882764582      
   63.6199063223419523045209170345546882      
   107.213372822670626127700598145867471      
   43.2396524132042994435059124817264310      
   25.7136162528969330296428625130556955      
   12.6269446335553729857375689829304037      
   0.00000000000000000000000000000000000      
