   782625.917076661826088498935955005824      
   514991.892370890429999712502279814760      
   244751.666378130900353153160582134139      
   243528.448035876897740650179600463675      
   201264.743831279875763114085142678925      
   153782.157357353914330231239473699565      
   124059.539798337942885365052267622881      
   88112.5763631145703078933853411027798      
   65680.7820682599769198757193123996235      
   44341.3136799503936752867799237366124      
   29836.7554917472548843605760047205506      
   18848.8222886331086177316283780735442      
   11163.5756019142737384340787850659016      
   6498.71814740995030194651603044059359      
   3311.95132530282490800140780406927995      
   1810.78280831821695377105017450595174      
   854.757320465043225354616860130261421      
   545.405769377682398732347731076555200      
   374.422879393633676368265231229136189      
   326.869182917673176660269075317117077      
   291.052382374723207405945323562571963      
   221.343001125535179164745229757206751      
   158.170219421700876465424868700429419      
   66.6579252381007625248845738512426364      
  0.843516441276693118510744378460263938      
  -59.3810449682472017353219249467305312      
  -89.7969118248726723939840788382249582      
  -101.495677093161421694210633750521765      
  -95.2110212328000313334691505117117318      
  -76.8112764067837332623281053037812542      
  -55.5651178636989115110938813519754923      
  -33.3448430432174232054497627061271358      
  -17.0692712149846542340115923583387088      
  -5.65042019437180255177003710612981313      
  -1.00449457659923228437704961676535807      
 -0.767481246047411440609720767881045542      
  -3.81758187202422129408723275850762714      
  -8.15561590758304113736862194076782132      
  -12.2304658794213749605398588965687865      
  -15.2079888281059371237361631982556187      
  -16.4184633756188372922707253877376974      
  -16.0496496268025266861272948165462781      
  -14.2900845818082241494694231486728199      
  -11.7328959111125657667373003717545023      
  -8.85647760892917400616484128891358022      
  -6.10487325454952835238161456206767433      
  -3.81966461347438838282794395083755031      
  -2.06391838642352249413050744939529620      
 -0.962975066728374245213674353275920237      
 -0.291108603940540321135801495759552950      
   0.00000000000000000000000000000000000      
