   783850.730572228988271519559921823481      
   514212.092468745150078591586584094439      
   244950.804756104322855735262311679121      
   243735.337260317292626828075059387395      
   200910.582822989647075896670107516498      
   154102.321013579385986405197210515624      
   123799.874138121883333977191381592093      
   88257.6346428894227669627874685833423      
   65594.4601245461881346761039461826292      
   44360.4325997485115527698079548388904      
   29842.8448645955588532531212776214475      
   18825.9593970166747600937412959739349      
   11193.4907850804962291643927516467225      
   6477.67633892683829850867433486150278      
   3334.39883837289728590085870129783534      
   1801.64607835180864968591018238640263      
   863.808268151571977860198407963283530      
   544.370446784156279233954741395447405      
   374.605790083324485097140518638606669      
   328.510704325323441253836660923007840      
   288.101248467320871671636796809710247      
   222.774215740406186556196859387448921      
   155.598304873137059263161539060414701      
   67.2939721445452018728573761414930053      
 -0.243070582373858637987868546902302200      
  -59.2036350404239091251107219377250190      
  -89.7061855646293777878952872315608644      
  -101.434990014288176718480873698421247      
  -94.6548970034522540206705792949216444      
  -76.7588887113911761733137058975261106      
  -55.0734775665248029584952981088695079      
  -33.3199078363610929325928967518942273      
  -16.8326504049452366322032372535159205      
  -5.66835063163810003626597520418878367      
 -0.971695543851943407278713212480732275      
 -0.802977851716937977152889279866233984      
  -3.85978735258869692432225977483525927      
  -8.17207199214008516159128599146061217      
  -12.2545857681094062236770929014585892      
  -15.1904310782860472685181350752268583      
  -16.3990507690311047106892294619631187      
  -16.0098999207072181093451334889343980      
  -14.2462282602307812649092287381285713      
  -11.6932656082306107163680530530137653      
  -8.81545022572291174196141960091304366      
  -6.08049388409870029547458198027994836      
  -3.79518898337713779636380020069846441      
  -2.05617653564018801290300537463044733      
 -0.953858197326543595729761130918249216      
 -0.291819195586718162419149903362968570      
   0.00000000000000000000000000000000000      
