   788542.703279341811889773258579515569      
   511159.092932020239456550661621458290      
   245981.074437817103266628259172268470      
   244113.745269422466053135194821527415      
   200008.751404471228077604694626933114      
   154936.488374593573774803487262454149      
   123090.526068590136117547595011181124      
   88639.4626969161792611093544471152521      
   65340.0524777240385195576199061574292      
   44420.7658602554010004000898672391201      
   29834.9957705878714660660997327787383      
   18783.3765125685480847588384460915862      
   11258.1144014946033590860161918236250      
   6437.84531941268091911041093113342532      
   3390.01531366372807805665504282528963      
   1785.28575860355190929583426438823534      
   890.437655015494202222434437394661779      
   542.129783391983343871201980277995060      
   379.183512065814411875812325148911500      
   329.821656942287152348118337128240117      
   282.951582581296582612165675029502506      
   223.397009767700092525471652813754410      
   149.615582477875916107964729317439435      
   67.3030057802833580588309289650997365      
  -3.33114309852268274475634864137546714      
  -58.8772039164778125593638537621709690      
  -89.8880203048697537109035359912250204      
  -100.593746935561146266173775361310866      
  -93.4367664916625633342489117586660500      
  -75.8376388760010813924030607761561188      
  -53.8494263946549085658275889360311693      
  -32.7547528975027095207422968289855884      
  -16.2179731182744252794165918639133946      
  -5.54261343048332006480170791015195365      
 -0.899582368249606238029426217218628900      
 -0.912008744841336517481499149311891113      
  -3.99089366504003095205814565338816775      
  -8.26741647614702502693538769067811191      
  -12.3204885229004318313151070569033731      
  -15.1528270946647028375152330468847406      
  -16.3248597892103522849515858134985381      
  -15.8658112986313187594134470021547933      
  -14.0950686646589639533405187891658330      
  -11.5327526257821784055800004803595005      
  -8.67721055464383491471238217215281698      
  -5.97227735805660973343814168362113744      
  -3.71480932887511614794989286865292058      
  -2.01370584065149674445069446702620298      
 -0.925362873471603294272287817417778142      
 -0.287605701229777848026181157229225924      
   0.00000000000000000000000000000000000      
