   782548.444740910796121983641780927057      
   515040.610527914485959613294826044832      
   244740.978303071676685358921191783421      
   243512.534256406655154402346847582808      
   201290.192225919497237759882815068096      
   153759.269777056708531060537440817168      
   124077.945633025498362157169285725421      
   88102.1306505849078562618922540238124      
   65686.9197691901683577060886989944760      
   44339.8431291277922577853832775112796      
   29836.3609584286750732030444570717102      
   18850.3824383684567470641507111028553      
   11161.5319703606051891374685005126367      
   6500.15437358666682793377619658188336      
   3310.47751654793088506584008743758147      
   1811.34954564787454415183807652407172      
   854.245328498803707205437334345966976      
   545.380753166491747562616852265833825      
   374.520255923966275461968252913266054      
   326.661046984814786894805883351194255      
   291.337090634458672028705369342328205      
   221.174066422468471788832931371581605      
   158.395514887921831837760557398323033      
   66.5733589053578705712338026556113771      
  0.942195620099962769020485461175879869      
  -59.4116806344932389776817913166628654      
  -89.7921075929262330244808731926263188      
  -101.506327913197240835860706590379319      
  -95.2431914731183413802970060398856507      
  -76.8172401792770908372421713531828356      
  -55.5944012922175651433172914339440939      
  -33.3485300021797425846746078118705933      
  -17.0819007867211563333578441806151885      
  -5.65145076549013136761261129505890027      
  -1.00418594361419191908230237701608531      
 -0.766987664673520555694621966295556687      
  -3.81326584700636814665531940257418250      
  -8.15550604900683102599859098032468525      
  -12.2283286086197515809304854081780399      
  -15.2091800750358824818402242902069048      
  -16.4199213317817901148814089461943169      
  -16.0516400091893863372940798254930750      
  -14.2935293849079297528123746541896280      
  -11.7346008437388766749864713448361483      
  -8.85981930294586824529575282510187972      
  -6.10561154127702291661787279362100525      
  -3.82180407174295623557770433697121531      
  -2.06378472444874467049474443011513728      
 -0.963873828795054025117351931752432907      
 -0.290724013466143525221595320444209491      
   0.00000000000000000000000000000000000      
