   815456.110302752011873656083711159427      
   494162.603414819405840690894050516688      
   253317.243253690919172684282007032793      
   243382.623779047589049342397740881389      
   198477.130668520121448489491123493497      
   156434.682164942445061468591415180236      
   121422.146430272886431035888828379492      
   89236.8021427790456831905577510015252      
   64585.0354340611902447592861755486220      
   44469.8268766167872154219900530847700      
   29637.2039567287699692107512645840800      
   18748.6164361673036968454210132538213      
   11312.1887931999588781151226630245785      
   6464.13803691838971418988042078417665      
   3507.54925869845099865844957011140451      
   1841.82063697786195470583262033842100      
   977.103361355469750144540502222477866      
   580.912875870817501159304659591265237      
   412.053945556153977449922401290837096      
   336.440214187761182567564988839205942      
   277.687073438698937660758466376120887      
   210.464636683630785354853009098871479      
   132.216198467312015219286349511686357      
   53.2454744498157612254570451545954616      
  -14.9660947706251953727499180605655265      
  -64.1153240658087850395832494018476975      
  -91.0128866503319111300712763041052392      
  -97.3692762744264801123169809161778629      
  -88.0677575304061853017938771702946820      
  -69.5210598950032791778698487237089522      
  -47.8792889291722305573696682150008252      
  -28.0262441912043843615735123671246340      
  -12.9711335593159487099912699312269576      
  -3.88907053564126751956027734295196654      
 -0.429893372500731279562511699302992055      
  -1.27782053420306382908423720996297213      
  -4.67956814950259760975852798689375618      
  -8.93756565238369875786663802284389089      
  -12.6971150184415292921710902263814613      
  -15.1298775022691381047202087750422899      
  -15.9058153579621401795490092111466094      
  -15.1402909563889677153465329456593113      
  -13.2022443070041948522666106877159316      
  -10.6087952130188666024172444056105074      
  -7.83857394431277375093046170877005405      
  -5.29791485229848285567995476900198668      
  -3.22138458593130979493371463518542149      
  -1.71608952073179146780277674770297818      
 -0.754789306338653304793524857349763544      
 -0.233586471878831413950031071007644831      
   0.00000000000000000000000000000000000      
