   782553.239128562342856457858035070842      
   515037.599109565500371237859325192439      
   244741.629758773170028200926767055747      
   243513.533596820088306589623232710469      
   201288.601721155221648868170665688804      
   153760.700016984962397633187197807337      
   124076.795583003153892001334384461980      
   88102.7849045929676886435461363231600      
   65686.5347076995595432750221986073873      
   44339.9374561684673282418964854493694      
   29836.3832857271175140256695513287291      
   18850.2874317298982983132767758209480      
   11161.6571615817845284323250886847264      
   6500.06689177561706017886468022806322      
   3310.56722565983248950110932018251340      
   1811.31617709723235891412082466576528      
   854.275219202976694460118161756843949      
   545.384147600484687580847985983375610      
   374.512415222560163561142179468614097      
   326.675642830445216935889662250423900      
   291.317880367910886752989344488024316      
   221.185950822929547385694597321142519      
   158.380296222044886628087229603549897      
   66.5797208190268040817894998070356725      
  0.935099458915207807724656843289221078      
  -59.4088996752991388368474840883493343      
  -89.7931809433174368380261181648404121      
  -101.504958225010677476680946123490534      
  -95.2418296608081548122592464533220059      
  -76.8162854205062047749513711437285214      
  -55.5931118459469713977042828161205737      
  -33.3478138940093939538464214401724667      
  -17.0815546752456232701921210420897234      
  -5.65098365446948133609858709174594168      
  -1.00456147487786974281551066530867577      
 -0.766691467716304483115245423532851764      
  -3.81381643888346153973670660030472674      
  -8.15525496517562149582248921063350056      
  -12.2286790274367341536586520423505621      
  -15.2089086657646248537441013180947833      
  -16.4199930524329820177818481806963835      
  -16.0513702913655963192995896835073135      
  -14.2934313028078278255236400289101364      
  -11.7343913544768735176185383284518193      
  -8.85968921728399026660754868152718682      
  -6.10549681958413590260541910174569642      
  -3.82171714233820899824094712980041849      
  -2.06375235650427555081871938827452992      
 -0.963838390627252714877764203506782338      
 -0.290729940819214872773296183830492282      
   0.00000000000000000000000000000000000      
