   24336944369.5779773029788282045378976      
   3158200785.99728888093620091102070218      
   1050034787.31552924047068073436348585      
   205976283.112797070499158075846485800      
   158681837.031981521453722314338084692      
   98553221.0897111502705216528890919055      
   41828798.2731662189843179706382472077      
   25876471.4877605143476581222812901295      
   10781328.7688891953764689252833485143      
   4707122.77896997748086669377768950621      
   2080482.89253694743673710742875321028      
   275156.974597982846942696937930423399      
   176771.767029911574350495237673002199      
  -70036.9238771539808954743430318494663      
  -20034.9723226528277122624748176369134      
   30872.5246219885174970932317052247750      
   7579.02079426432850543310940415450503      
   37316.2747022876593445982947132907838      
   12337.7260076682858901300854004663254      
   9707.08019235510967562934550890895374      
   5754.84164279394188713819839956933309      
