   599439.017041907298336972316253800133      
   412683.335160386537828411602624988090      
   178345.583015159290562483183593505645      
   132674.050526397089459920021801517309      
   95955.0811738378462923942072942614600      
   48043.7233854700536337051908575837260      
   30252.9497278177048439697151622422746      
   14580.6676934467613851194044053396883      
   6101.59382278950250788347256385591271      
   3080.56642572660329205362662751175162      
   453.062931044123695492939195125752861      
   306.574076481035924612472158766843258      
   49.5128538884035794774615987014765414      
   23.7277366146633927316473325487443251      
   170.919515691559406965309462890804316      
   61.1193421241334090317355214662140575      
   109.179100518630665088185360604160911      
   44.9484975224778349298168686510134546      
   24.5955109839325601739146324397187714      
   15.3401720440027729899030370720581775      
   0.00000000000000000000000000000000000      
