   158.182270483794270665780770555392120      
   130.739890834358000500285861415744821      
   103.157825795742732288659223538727036      
   83.1810686969821896836236791241433076      
   50.0882055851838965046912148181200951      
   32.0050254042686716610134352338705275      
   18.0590566615371940822210875797309461      
   7.80266562201450778583766310407670940      
   4.45043348098688345610964346808056900      
   1.29429887770570511076195903596373604      
  0.753753770114959505645291515066466374      
  0.690214969646873516771373442462732211      
  0.304111791276106816213665682208429561      
  0.610994403425427789607434884540369756      
  0.262983714477356935478810305790606034      
  0.291944640801183563272190553810868331      
  0.140745030229090117415339262858177904      
   5.90292263614381444173951178553250535E-0002
   3.88617691781403582410876939158807221E-0002
   0.00000000000000000000000000000000000      
   0.00000000000000000000000000000000000      
