   19326968023.6653528859916966810003278      
   601617474.771664847934270856781260084      
   368187326.854839869365114711074728061      
   170965474.338624711313902733722934095      
   66100747.2008849858745314196141639852      
   27737120.2740564170528679034317147585      
   16884921.9985389561256615533238716705      
   9016033.25070623748743599325092383207      
   2380220.44018965370938492094698608709      
   937235.276366316215129232310670690130      
   1080688.64042846108461635949880274556      
   261376.553684790941451637393072766324      
  -166919.175482051666748861512583370006      
   27876.5589592487398310031617489735827      
   177541.429057353463285181202573987361      
   10045.5317941412052947522513839079541      
  -144044.368567051046719985211243971970      
   65983.5803974109058362175656813042585      
   117093.495223949864679122626317651344      
  -97310.4198215706398267443445227773045      
  -92045.9273972879330344992879770915155      
