   626.059482132033426269307715393439059      
   554.712450713299694204035704737884306      
   402.774459105163396951055967712295817      
   267.980433939446393557970954281137898      
   169.289555287644804478281138727419697      
   99.7678949716180270976310667810694916      
   41.2868034724320916924231145282018400      
   11.8172065067470273955604046494362236      
   2.16526684626300141264843105750288252      
  -5.71746707719413783802991807756353544      
  -14.2818276440814470887241986575631142      
  -10.9738486908019193023172528172152029      
  -10.9022021500462632669519531037556203      
  -10.4663550083519082734388855958377368      
  -12.0516830064172094023800922086815371      
  -8.87209924031775798924843812992647567      
  -6.01332575056812631292971618123453074      
  -6.57385995085402112757871308882707349      
  -6.90912699828126380349353933956121298      
   0.00000000000000000000000000000000000      
   0.00000000000000000000000000000000000      
