   19310400359.9223255192234076416399141      
   611995414.938389539499859915304426078      
   367391997.370819534981076674444771242      
   169239854.557299091395672194719875166      
   65348900.9640885037956217760587998961      
   29431213.4751172844553567760667238478      
   16776938.0568517287638014082681343974      
   7991027.93075921995875444398374567615      
   2854731.77494799258627800723584068209      
   1319467.49466200130052398015161004631      
   706061.227554275489405381912447707126      
   171378.740230621441666380600958232742      
   35791.6026278593559010225960613808621      
   74669.5635818736827300474540672771589      
   20233.5654551220643949939969203674286      
  -8375.94583723410932066764875578327777      
   19515.9525027298550900628120912876395      
   12479.7046043188450318572155142627658      
  -11864.4969976720755217421401416086440      
   4279.20223796846734988857227334006647      
   13279.4445282300409693604161130959047      
