   24348665615.7562425476328567470181702      
   3148391799.85201966408008858093906409      
   1055808061.45795012134769428426957561      
   203847575.366132897746447898460997689      
   158683525.687461860296667511503481597      
   99313036.1967425645647328066500593146      
   41083068.6330815862935084704002541680      
   26338887.5027075319032506741135334727      
   10595270.0349964089199005774344970792      
   4717371.76032566724533762273281217254      
   2147302.03047703635633713697581460208      
   195330.632403338230939479025680011641      
   239617.211756388466624859344575936775      
  -108522.151399938756808172848267789649      
  -2369.49743413946832081841696659044850      
   27349.1470652145919989136993833794285      
   3085.12952401852475857562051952991746      
   45232.4361960105623442112390751445474      
   4432.84521583517986882111376504445329      
   14631.6503200167007861741331268329610      
   6670.07567053861891663560283548056608      
