   158.196999965471018966437430298205810      
   130.715512659377627549388856932602946      
   103.178567503878638851129907805474504      
   83.1509335865620346329816249199275093      
   50.1086965453335604485190480721255213      
   31.9830202528533642883048880010712970      
   18.0669733317654494477744018386671466      
   7.79416984425758902434420744946499108      
   4.44788408478805351607022253334395203      
   1.29316987538589431825052828944685696      
  0.747586011893792223470297966916295256      
  0.691440091030903644458009622427328954      
  0.297278733589804930359010876568536359      
  0.613329518399497973085022936618398531      
  0.256296551792827209894302796631259725      
  0.294576573686095747556442528410346454      
  0.135543536277775008911627399018289244      
   6.05817406686117227944174261803176929E-0002
   3.64298727869628675113173776466753108E-0002
   0.00000000000000000000000000000000000      
   0.00000000000000000000000000000000000      
