   24335799784.5326537549824701258116042      
   3159212119.96171229783265655618206849      
   1049330620.37552084199343457076996776      
   206359440.054518393701715307326795199      
   158533366.858770891602693690899852224      
   98572338.7343323766957053395536070542      
   41859661.7133028924221858009565189795      
   25839578.0706230934506660275390920008      
   10807432.0148113718921378622622070350      
   4693579.36346642508714195640189224318      
   2085460.09931395512440186955166947553      
   274205.381666553069428368415489177041      
   176749.223793961110584763676577979237      
  -70397.5388103255932380585299050758683      
  -19092.7406443140304191337140911220324      
   29678.3577564906729914691582065263082      
   8617.69028092158454283457944606231098      
   36699.4013072475737937637770464928815      
   12453.6612191837828303004528655256835      
   10032.3124705673954916930106774078983      
   5116.96200907193603391709138010913743      
