   25.0615347915346254604170708212728525      
   17.7611431065456166238497706736451017      
   14.5104027792888118181673426517175577      
   12.5686045273639911061172681977906942      
   11.2416938754514442898925519985085544      
   10.2610966283708671987075547475526179      
   9.49808676863919344059152279113539036      
   8.88221207832834783066302362789398916      
   8.37123421745704070332205300254270009      
   7.93808475986074061578896454831140677      
   7.56451131806690417157630006262721886      
   7.23770188468081359805406783667684420      
   6.94836570071611025312113700644608214      
   6.68958128368151746761043451020988480      
   6.45607362263079617714112788364639726      
   6.24374375900706334845706334189463104      
   6.04935310701634264673462306098971802      
   5.87030597786381271582364384569295744      
   5.70449621946126200396519838432884758      
   5.55019670888234606988909786605450539      
   5.40597807111835880821495856870242190      
   5.27064770850423773159982403277366789      
   5.14320321399045213678204428194564390      
   5.02279617593763740019072401339617786      
   4.90870365017867438693022317315318830      
   4.80030541245006995204969517644639623      
   4.69706565985567516931088592617142245      
   4.59851820052075989297017026390545205      
   4.50425441981804294447331477156487426      
   4.41391348171705631718918633567451088      
   4.32717434269183495253845774363980402      
   4.24374924125014777946307424083180374      
   4.16337839003607295435420639053787046      
   4.08582564683736806635873243685006818      
   4.01087498017940719306179759803146754      
   3.93832757727171888493373630359381852      
   3.86799946861609765491895753757251444      
   3.79971956570154774803591128960573067      
   3.73332802666545421193773324654186802      
   3.66867488015704947280019566224694437      
   3.60561885034604238892321155208595609      
   3.54402633644930810083872771511257255      
   3.48377050862098763292119903566069058      
   3.42473048884060692152176917535333014      
   3.36679059077311418245280456919099132      
   3.30983959665750955030476345007926293      
   3.25377005226103134719131048975229026      
   3.19847756292807976581648886924959036      
   3.14386007483099573095739137931768127      
   3.08981712572444115778728608847320304      
   3.03624904880056589252312006247884613      
   2.98305611156890696423745101365687881      
   2.93013756890968468898222197112014597      
   2.87739060535950594266627274192500832      
   2.82470913597224367043777285540482746      
   2.77198242731514092604760863629692804      
   2.71909348970909724610316193362880075      
   2.66591717790129442498625223890613969      
   2.61231791893819345065958443346636624      
   2.55814696183925648454079250627300029      
   2.50323901240824047710626736790098237      
   2.44740807708970666662662445032735233      
   2.39044229233769084391453082464394000      
   2.33209746395331129323559526506706511      
   2.27208899495558540458219830529544297      
   2.21008186475174458995855594776015053      
   2.14567837764036211066942300593829491      
   2.07840356048834537671631387865174877      
   2.00768825445865274996177238367680881      
   1.93284941667114691772825447969739719      
   1.85306363778355939896744429612477567      
   1.76731890240500539183674966269702143      
   1.67430847617700986833076984748074813      
   1.57220766619994464415411240685431826      
   1.45825276735023049858930889724490048      
   1.32795005082052905945241590513228410      
   1.17333078595941248340892355297402866      
  0.977870758482310678022569727352485657      
  0.692635917990421895411266780133681223      
   4.48996343153093734620319868962087921      
   15.1033554419689932224863371195562957      
