   19495820671.5589047137697773068661562      
   585815589.329329506212614042694796495      
   328015064.185631468213935381631449819      
   142627166.254239275374213293032750542      
   63846630.9492953920612956032120110991      
   32267141.5368418344156268047389217006      
   15603706.5263159917758306278426845948      
   7191849.37025077258996187406214817012      
   3268441.49413492213542488992748102309      
   1406583.12487289043955109665953378650      
   584913.589502823573795458538013860565      
   247747.557248714256726986415988597226      
   112402.978749411903745760687863778702      
   58071.1924696148466171888584352700332      
   34501.1169300877720187396986416859571      
   21372.7510899092109038043702144751380      
   12903.3517978769129461254357191784703      
   7274.29531195561998968313200703905816      
   3622.11005717005653910508839861706483      
   1419.22433911483339281319353737465744      
   296.855047314355256480915179517980469      
