   551993.899416635079658894871847834858      
   461842.257431927196519622906039666753      
   291631.421965013787133629996502948291      
   170273.299967956058894695112479913717      
   101461.880586798602176606573292124707      
   56768.1650293118846088610778448001893      
   29757.1328181209820548040666369049980      
   15158.2725751673060886815720243560908      
   7382.49586628896438483407206798042594      
   3537.14414261034503578462218161004300      
   1756.16471533158746726016452017414418      
   937.527962917293345532812365267877493      
   544.954079517233415543845706528331786      
   338.045965014952432656974970156980202      
   209.431108266954862401582874529230390      
   123.372739615186023821253111683821815      
   66.9458663305003353050148563396390603      
   31.6156742700908050969470283374441818      
   11.9845103578941625112436481073858763      
   2.63875949746602804875263534137108048      
   0.00000000000000000000000000000000000      
