   627.373683074033262752507130385270679      
   557.792496349888770846229262146900771      
   422.110457548732286521563616589863305      
   298.564565714320960060780376366502279      
   195.079390924790874661970133283311682      
   118.187889115567889524590912736058318      
   68.9279130818755755311677380726445983      
   38.8355349339119373784467350376449859      
   21.7688428480217343663806251079812034      
   12.5866607426622862323700343514923629      
   7.62026627758035422324213638154103220      
   4.78148423007745304454708092849616816      
   3.03679623665136453397060926245363161      
   1.87506247265220816164657049367839824      
   1.08364177212052825639697610154663492      
  0.571935576768933462258943718829853640      
  0.261156841352621430921955356987822936      
   9.58760828631533000899491848590870093E-0002
   2.22828579786020146339111428826891254E-0002
   0.00000000000000000000000000000000000      
   0.00000000000000000000000000000000000      
