   627.259020050617183002098904665546052      
   559.401277782347671386262537644863419      
   422.706034297832754420412017022939299      
   298.304242392853257311803279101873164      
   195.813730919889269512782519511778934      
   118.127518915236180877571852845378507      
   68.9375824164340468199583557387584992      
   38.9636782081573943535552049751171055      
   21.7684582880425995874906066174978469      
   12.7027419471928021066980641215444179      
   7.67389460752407666849126618750621169      
   4.86777312346262382404746619737479293      
   3.08620148225221643588312091024015066      
   1.90291577406013690596693979108213642      
   1.11615380212567731071777009026707152      
  0.568289501663704460363396974857793372      
  0.272159556236901149227926084931913126      
   9.18799741875725090141508772552819349E-0002
   2.14669838871108963718455969196998784E-0002
   0.00000000000000000000000000000000000      
   0.00000000000000000000000000000000000      
