   24326625541.5029112517753779698173967      
   3167359850.87720270036288926714339482      
   1043553762.84358098815346454792853405      
   209646475.594219652667230436833608235      
   157087101.342029661094718011331122399      
   98975784.5632820824216623706510243441      
   41894533.7913643990298915678456251151      
   25705664.3280376641755610310443972793      
   10903944.6578682756867545729132074796      
   4658373.88667669943195885740404931567      
   2079327.86358276454186515491009126218      
   295901.239279039371734852512360356203      
   156433.300150704604089474904458196957      
  -58042.0631851360663216364996068142784      
  -23714.4300254579248992235153803150357      
   29568.2457974033435126809977530210692      
   10408.4665862560407457540085235253748      
   35165.7774022127146941658781116681313      
   13008.9850815486012251778653549644616      
   10383.2025240195827003834070569101866      
   4285.36227013878016186164370707901838      
