   649.733013667352502192417245875695081      
   576.852912120471782536143092603827644      
   426.378999818846279998794946256948881      
   290.252129614523029099583502457829712      
   193.819670244834582032027024705365287      
   117.961412739073727503814761638906911      
   63.5043968201705174033397883356621829      
   34.1471390710798040287226398239806896      
   20.7778279603510932644374278545539371      
   10.4856310383574490972472810123083954      
   6.26766440547193637484131034563999759      
   4.58218164382140470562823554990682313      
   3.88446306359827319971971268344624366      
   1.83276219504461714416273408054059953      
   2.26063701752172625018637251893649418      
   1.32805726412357824641614851170136102      
   1.13649404456487190517111365077965687      
  0.399344942733553663651785491474714971      
  0.985267860747410319597078842627260666      
   0.00000000000000000000000000000000000      
   0.00000000000000000000000000000000000      
