   635.002657866731221504832738460369695      
   561.700690926525452796450510935212947      
   411.787361430756293025203387770532122      
   274.941250744255027762396983250551255      
   178.023624460352081770153900390741348      
   106.359137664880022827366310559018132      
   48.6309546022997906914804137113585392      
   19.8647708750722553825286399138507926      
   8.40716735938933778221993200824627618      
  -1.88355155662845693548080727086272794E-0003
  -7.08179910865127402311329261774267065      
  -5.69614445122366689497019272662775731      
  -5.53839669913099300917455211440831140      
  -6.22668053189337284192245587799894410      
  -7.49198326821938213410898177658145509      
  -4.30883643551087290740578926834805583      
  -4.13249384624225578788648442849304898      
  -4.23879355141198630692372166862218974      
  -3.41664714377471186385430307705253934      
   0.00000000000000000000000000000000000      
   0.00000000000000000000000000000000000      
