   527505.734271986917031959100459316090      
   449284.783606542463075155726267254573      
   300539.844212082288627274554634647363      
   173290.034970778959986043955160967509      
   99880.6851024682298092266941897873709      
   57072.5858458481188431925172097714228      
   30215.2522705595560624497636630410070      
   14824.2621324832904058763842596821004      
   7363.34614457512627139310851083765485      
   3595.71114131355308886047017761463451      
   1765.59620637707710711925778410376164      
   984.072267811889125370554339505115027      
   596.074201619830312257958637445405666      
   358.955337962744808202177545803951150      
   230.998974493910367945752896739285065      
   137.692189833506914343490802302566360      
   68.7246260388626290150722116892683021      
   34.2627674756883934753391096597277628      
   14.9372592383757318267152002797441929      
   1.85080182918099710701598059391739863      
   0.00000000000000000000000000000000000      
