   626.143681073828958277822193589051818      
   564.538673076903061441755549835638903      
   426.461555026476752466641870803605324      
   297.392144888385471550844834604841293      
   195.408175065438139151916597255648629      
   119.826482483997507445552933822997083      
   68.5802065191089861670443367894899285      
   39.2524764291720246123535640548877337      
   22.4602798847165271265400302038122854      
   13.0716901373493534251780671274649617      
   8.07743531946231477109814949335374505      
   5.22459588678456628242581030922602097      
   3.26641534349307904706432827799540569      
   2.04553347814547128371669757618385764      
   1.19245116859722015522952468001702117      
  0.608206525738917883165346218694972578      
  0.274503236373840726272919331333245572      
  0.119498073907005854613721602237953556      
   1.56289932241950866814682805708580345E-0002
   0.00000000000000000000000000000000000      
   0.00000000000000000000000000000000000      
