   1028074.56891713083860553566230557011      
   847319.562732577290654657637173755140      
   596868.816658122187965585270150598455      
   524098.651322536787905699187858983333      
   451159.196767794462750748842505365781      
   345605.363629527419031139043151582167      
   273670.320782167977541068715832314523      
   203244.362198002225313303423566140825      
   144025.081229608830799813435374499086      
   103291.712813545150985009304981325263      
   67200.0750681524198992543170038508295      
   44599.2663415333205697055232160835333      
   28730.3843634727570137645801076660408      
   16941.3693050926663214333229369351036      
   11559.2477288900758189810773744438534      
   6620.29219051078816622472183876400908      
   4294.15904902424746678052803313117909      
   3067.21948053994203609368490126262162      
   1397.52479384616232234677840308575737      
   1216.44817758246729193576683423610310      
   406.922552298127737743915149756844314      
   28.1646219741339463407308854752751004      
   91.4006735173114985756174560149477622      
  -327.575275894330180369150015839553570      
  -61.4012335510938804269715447856621633      
  -92.1279076991955138329184537649027421      
  -92.3243275474159399558203453250048754      
   161.684622021425921478918044846088306      
   19.8695576706249920256533824436478333      
   158.488782033057601216084053662384360      
   141.707441975289739449368829322987671      
   39.7286550581046456556485711541720975      
   132.478020122150961734366453576234809      
  0.242077477694407405623446501703712190      
   28.1678986226269377477019197219425722      
   37.3340325135340088027780688496601910      
  -30.4948316000101162060717858533968980      
   50.7336984413725960941583799787969729      
   5.43988622551540464267828101823756047      
   21.5175045297151955854936294680620804      
   55.3737768647690850221110312467098548      
   6.31393678199974923947731506221866699      
   46.5966755350594631714556444106039814      
   22.4973280602340564793776895646990886      
   6.09908629964826933264388433154458038      
   27.5820910992402132775512342806881509      
  -6.24591925530923560519761379657552520      
   3.18079723776780705605829965210408893      
   5.84443164273366068749280150235374180      
  -11.7764081359072835530834723794364816      
   0.00000000000000000000000000000000000      
