   19325650875.1535285606155803677373117      
   602662050.309226486911682685037204369      
   367738162.692825771175329184506058583      
   170933004.486982398676750138989252077      
   66266787.2455010007518879844296485318      
   27672654.3573520266621093118759370958      
   16850848.9209463600317947777791268001      
   9044982.62227298623362720373521253457      
   2396253.01407859984016021874467800489      
   913484.460647747433500622203748784078      
   1079189.22506997838825355128472888055      
   276500.264438418327845263370763248138      
  -172854.501423007538779135762707327170      
   24829.1725730065277003645041595831612      
   176046.210055542436385059578001366203      
   17084.9255810846184974466554646594893      
  -145752.015466174316468307398615376282      
   58490.3271553274731674744000143929859      
   124779.721742457621194640704327250171      
  -97257.4763024366280585747971094133286      
  -97579.1902214812025720867663510641413      
