   592505.646697011999894623147822734347      
   503547.548587296948967412640298422734      
   321244.618693115634450497165337233705      
   174135.276627706587708717700025781091      
   97671.7793705946073637579217584473759      
   58533.4347713837298793926734432726995      
   30968.7997850419887329082126572226243      
   13917.9797246398361357883825555224778      
   6770.34041084924238254497379109507093      
   3430.18111971495205775360626326495216      
   1291.39799446077650926688348800636875      
   562.555612302924378287934402759297058      
   438.790491808659453744538030541986791      
   215.327916170029234005531433050135395      
   109.497487360469746485216291996236460      
   131.060532735812710133426488171916489      
   69.9768093587986993519254319361987863      
   18.4235116914743052090139916691775118      
   41.1620286275976374071231012931214675      
   41.3540483705311207936457518494790209      
   0.00000000000000000000000000000000000      
