   787379.986166785267387576751843201587      
   688366.807441362677986812583528621949      
   510767.148750214322419309689918516197      
   385366.792779389354250534005772623620      
   293970.220901969617033998365835338505      
   213967.900319819880135224415418294927      
   152280.236714138555149063009344509455      
   105908.895852821240900396393484994675      
   71540.0517982960839799105087159530667      
   47410.9432155054009612425218467122455      
   30851.7308232328109885058025615208152      
   19782.0997588703674454270388118509647      
   12575.5330678614568360254202117530829      
   7923.94764416549166886232169100215658      
   4941.20987566393707857879972354171303      
   3022.49367218016250072193277140935645      
   1775.42713002255581427233611908539106      
   962.346723242392663318348310920993448      
   435.380473663653899194984239160616457      
   103.486589844400893816158785404034023      
  -92.7085271920185495115393129008750724      
  -195.273291386619353348788182287678995      
  -235.403869459400856953992357084313527      
  -236.768533079848965942006541680214988      
  -216.961072304638645695169591593222958      
  -188.136113252639311909992692613407686      
  -157.985354808186589041901894551785585      
  -130.592852042656278295527484142224431      
  -107.552297405567288868324290327226487      
  -88.8807672069626403042373377525991148      
  -73.8651146946045633699427905450799319      
  -61.5658846809570067262974788443691701      
  -51.1868389565068431774928836927863851      
  -42.1603021733308212367214866787100994      
  -34.1908702214195889286571313416948685      
  -27.1524278740200240304303333534517373      
  -21.0380400488560506373311497230199955      
  -15.8548862292016606106232006757026848      
  -11.6046553866530861006703232671765236      
  -8.23552400106955594737229621625939027      
  -5.66541052392632885401026016985311281      
  -3.77257861936379871138359982575437479      
  -2.43164822818161119845054330232398271      
  -1.51208409139167081003322022656369385      
 -0.905074349716876923333314465482801740      
 -0.515466166033350027153559591427493630      
 -0.275255831228794070648774577817028620      
 -0.132655586556773534485635183097789444      
  -5.31446725407776704458042671236146526E-0002
  -1.24210244034963386521055996833444606E-0002
   0.00000000000000000000000000000000000      
