   158.124474302634403777827881382405623      
   130.846262784947584818816027832354032      
   103.065563139929657425290736364668026      
   83.2396611398111639505043005406745372      
   50.1662930465391739815422453635131712      
   31.8545111222225778109728834752271951      
   18.2676244784193671886611699236698028      
   7.65060305241933652674617883201758779      
   4.55425573063159013405013989848746217      
   1.28472604514391159509416198323988056      
  0.734094660754020990246828032360603528      
  0.749030284302031799495843014694840069      
  0.267446831888400760514964922983128199      
  0.647514342977332946568919383885987020      
  0.259508636724458886303826628459806252      
  0.295330981875748182514497632299310465      
  0.154629286834828476003832447952639224      
   5.42634738260664629449454379770088545E-0002
   4.75445010537891395393613267016619244E-0002
   0.00000000000000000000000000000000000      
   0.00000000000000000000000000000000000      
