 0.31200565344759E-02
 0.22654613330408E-01
 0.24353483534505E-01
 0.26174568979319E-01
 0.28128063808789E-01
 0.30224796505343E-01
 0.32476285862101E-01
 0.34894802984265E-01
 0.37493439193390E-01
 0.40286179680328E-01
 0.43287982784893E-01
 0.46514864861330E-01
 0.49983990801266E-01
 0.53713770412066E-01
 0.57723960974481E-01
 0.62035776419788E-01
 0.66672003669041E-01
 0.71657126764876E-01
 0.77017459501594E-01
 0.82781287325058E-01
 0.88979019333962E-01
 0.95643351271583E-01
 0.10280944045520E+00
 0.11051509365122E+00
 0.11880096896957E+00
 0.12771079292253E+00
 0.13729159387178E+00
 0.14759395317396E+00
 0.15867227543030E+00
 0.17058507935038E+00
 0.18339531085424E+00
 0.19717068016238E+00
 0.21198402475913E+00
 0.22791370026381E+00
 0.24504400140543E+00
 0.26346561547251E+00
 0.28327611080097E+00
 0.30458046307059E+00
 0.32749162240645E+00
 0.35213112452764E+00
 0.37862974945221E+00
 0.40712823155839E+00
 0.43777802511822E+00
 0.47074212976421E+00
 0.50619598072508E+00
 0.54432840907571E+00
 0.58534267769271E+00
 0.62945759909415E+00
 0.67690874187405E+00
 0.72794973302343E+00
 0.78285366406573E+00
 0.84191460963013E+00
 0.90544926784843E+00
 0.97379873279610E+00
 0.10473304101144E+01
 0.11264400879556E+01
 0.12115541764982E+01
 0.13031321304924E+01
 0.14016690706324E+01
 0.15076986210239E+01
 0.16217959816332E+01
 0.17445812563959E+01
 0.18767230596341E+01
 0.20189424256108E+01
 0.21720170484653E+01
 0.23367858824361E+01
 0.25141541352403E+01
 0.27050986907522E+01
 0.29106740007655E+01
 0.31320184896658E+01
 0.33703615203388E+01
 0.36270309746441E+01
 0.39034615073688E+01
 0.42012035388006E+01
 0.45219330580110E+01
 0.48674623167165E+01
 0.52397515022713E+01
 0.56409214880731E+01
 0.60732677705432E+01
 0.65392757140104E+01
 0.70416372384233E+01
 0.75832690999821E+01
 0.81673329316465E+01
 0.87972572291776E+01
 0.94767614889904E+01
 0.10209882726704E+02
 0.11001004629868E+02
 0.11854889624851E+02
 0.12776714166135E+02
 0.13772107586052E+02
 0.14847194873897E+02
 0.16008643785114E+02
 0.17263716713166E+02
 0.18620327788522E+02
 0.20087105699886E+02
 0.21673462761092E+02
 0.23389670769321E+02
 0.25246944208130E+02
 0.27257531322474E+02
 0.29434813489925E+02
