   1.37284405343554246596526882273397257E-0002
   2.26573289634274197085102255545448571E-0002
   2.43555061970213473679505102359965700E-0002
   2.61760784411157843785208829055494165E-0002
   2.81291919491388781914542110139987547E-0002
   3.02256405807385763487276502588000282E-0002
   3.24769179019737053572390474250271527E-0002
   3.48952765158709049202914909486344895E-0002
   3.74937941001738565017039771027537686E-0002
   4.02864457401701765783528034554863127E-0002
   4.32881822645165825020221793794737264E-0002
   4.65150144294070199045713115766074758E-0002
   4.99841029455825108634127546691785283E-0002
   5.37138544931220333388539349823139327E-0002
   5.77240240109843385074930153341813250E-0002
   6.20358236755096175783091866922574951E-0002
   6.66720390919337835406566167078455740E-0002
   7.16571533160156073234282018795033125E-0002
   7.70174794017653459210711933518713111E-0002
   8.27813022396974966267803824140758326E-0002
   8.89790305119012308268602452188315027E-0002
   9.56433596491540600318201147948868977E-0002
  0.102809446734347845495576808306839318      
  0.110515098358103311898436610156976541      
  0.118800972498540978379774231222678281      
  0.127710795569122111359609653506233543      
  0.137291595857434746777408924254527267      
  0.147593954664581758282416069641261793      
  0.158672276550189587607450630768795330      
  0.170585080192642218690061844769408175      
  0.183395311488623335020865962435724582      
  0.197170680641106133687833547070636200      
  0.211984025121314336866467609314663978      
  0.227913700538754371026136921418264488      
  0.245044001615060271058216116688297548      
  0.263465615633247430372757543157431876      
  0.283276110925113947595663760984594675      
  0.304580463167334737175436306694135428      
  0.327491622482697183572167258270158963      
  0.352131124588546672151959625416787944      
  0.378629749501633560190534213715149505      
  0.407128231599223899939126892783092449      
  0.437778025152627988917177316896789708      
  0.470742129793808614502041744822364441      
  0.506195980751081148789064311485635542      
  0.544328409099017439796178254375886308      
  0.585342677714000742190515052517274374      
  0.629457599113936718783806890910877757      
  0.676908741892708542990543997023101453      
  0.727949733041249508621502565826789644      
  0.782853664082918500299978843515306411      
  0.841914609646855928944906838516498268      
  0.905449267864805905786301648991658895      
  0.973798732812207586925864522000379988      
   1.04733041013029193739501840384445047      
   1.12644008797137157044084682287118441      
   1.21155417651388788094176620947847759      
   1.30313213050796668042985211040015189      
   1.40166907064795085541372469328366324      
   1.50769862103936958659671223894236666      
   1.62179598164860661065801203059737632      
   1.74458125641135916834503004455148003      
   1.87672305964949310362709352019955463      
   2.01894242562622871386345586036614861      
   2.17201704848066211754437970180163333      
   2.33678588245144646832089349346759640      
   2.51415413525567584525531351641578518      
   2.70509869076759635517535457946098623      
   2.91067400078085497181089845139911334      
   3.13201848968120358352571726786154936      
   3.37036152035420080031492226388422514      
   3.62703097465943835124348161060661505      
   3.90346150738421582178781717746544219      
   4.20120353881595533201399915879250349      
   4.52193305802637755375499754781863428      
   4.86746231673192531840661611352972649      
   5.23975150228669706064212584058588960      
   5.64092148808844117371091542524691288      
   6.07326777055855271132308918876297019      
   6.53927571402572459049728283560366913      
   7.04163723843866546452012705974845485      
   7.58326909999742388912364525509227333      
   8.16733293166187628439297228518481573      
   8.79725722919297378771666618377567782      
   9.47676148900568618366137037826900329      
   10.2098827267192819539028865566842130      
   11.0010046298835409943866261072597780      
   11.8548896248661145609700105717250686      
   12.7767141661506898782503063396010612      
   13.7721075860668182577713028497456355      
   14.8471948739125989504800017119846978      
   16.0086437851295903205898767097625476      
   17.2637167131816695513284879999133378      
   18.6203277885372648520933124191134628      
   20.0871056999019052732704983897141028      
   21.6734627611079074563882833449579392      
   23.3896707693369587808046820679521418      
   25.2469442081465950615756058007925803      
   27.2575313224918384288027841747238688      
   29.4348134899429494598098387015004813      
