   19400395074.1097237472622500638647823      
   604997811.123915659865181477478433825      
   329081625.425271504801251987420819874      
   141394458.242038892925136687065578612      
   64052160.3717519836103946219647030867      
   32233762.3943673524149010802717777386      
   15526658.4716584821135003345503703259      
   7197585.30504412470680442970346054965      
   3265028.45604045925065429913518196571      
   1406830.93379981373855949030896180254      
   587766.557661230481818797495964849951      
   248906.714067279681869517137401777246      
   112321.953083947241578264855689778475      
   57955.0836636889917075210336205380406      
   34030.1447309339805054576663272053028      
   20974.5670978611246834043978944846483      
   12655.9388204258622364287510051524368      
   7101.20374828719683394611323009822074      
   3546.12120153144361689287761038745656      
   1396.20630358963697133065530861399691      
   302.037047460444094702208136639483519      
