   1037276.71505193394890840275291445551      
   841319.456571241769792982663456001585      
   596997.531936160034195644405638312500      
   527984.648123637802336397070267539241      
   446543.802619189358036128224410343403      
   348617.451224185880883332825907870778      
   272950.135399145116479335227532458199      
   202209.623327965920969935149503544330      
   145811.136793380524163187773592339826      
   101711.560650186974565358205371356688      
   68064.2619075344829222492923324752804      
   44556.2675971301905552214491388027175      
   28215.4318933742916478322206023341495      
   17651.9418954914054879546320452810256      
   10996.9115385164212233557694000054017      
   6863.66706666164708870654835922265885      
   4384.60956094999803397052598126046810      
   2774.15249527951121812921464787532863      
   1734.41148815432501065613646787922624      
   989.336867121468994389840792806116559      
   471.975791747006546583609121612940611      
   124.195418767435501386442045346103214      
  -77.9495327349047812031637269397870666      
  -157.763702001325189783794097000410669      
  -151.188455434974605152047252254136768      
  -90.8617500406288215787728867941223755      
  -12.0691259975310200643077408707360976      
   59.4427932985199360661803643724683132      
   108.149015634214622875348297636442756      
   128.035090280939678846903782175068954      
   123.181298030749780854302405221828911      
   101.133399158619389714553031010858757      
   72.4191824613052673689212728178888391      
   45.2406115048015295538701395013526355      
   25.4974227219124719436851829093788900      
   15.2517818802418759933141360153283716      
   13.7218042198276721776373952846200586      
   18.2120781101306102712707828361710552      
   25.2425154163105632607498027872095352      
   31.7647387031916368420025666945341916      
   35.6253121261054364807706021523452709      
   35.9653885959736246008718399952948478      
   32.9559343679839408935624533120639482      
   27.5750913206698695959129317949263157      
   21.0343596462008194881130562728335738      
   14.5708328691101977052274829966922725      
   9.03380644130850002513856280301192906      
   4.84704032858757080560794360678124544      
   2.19604378810063888993315892069717256      
  0.647832270948697333041240994417640918      
   0.00000000000000000000000000000000000      
