   1037277.34394946510635975311122787233      
   841319.051739442157364504620803382282      
   596997.581839294055409659201832347301      
   527984.808025103745336190893043335129      
   446543.599970574037440433504936737054      
   348617.603077770758397685485239851201      
   272950.048917791082573393253994971479      
   202209.660557470992372999724627438475      
   145811.126083925712095807133557955402      
   101711.563288703701325646781263779846      
   68064.2598502617452560073247950963790      
   44556.2734870959343390910141240385351      
   28215.4236202536891600750490105638201      
   17651.9514346131639914538060021842868      
   10996.9021096715527476672912222456086      
   6863.67489701069902587518324996096759      
   4384.60295777060042787672543639654937      
   2774.15721326257339641937844515325468      
   1734.40781361935314229876186598772731      
   989.339523579651537675097451222216555      
   471.973778502113674278032777859202238      
   124.197133188694331560785897377589905      
  -77.9508614515112657492392787063001210      
  -157.762428352680113301105765934266848      
  -151.189507535199116867919308685742131      
  -90.8607877050852609558489621647990908      
  -12.0699873366599341825238333552303502      
   59.4434961224262244739625271486077377      
   108.148349171506570358580535765002174      
   128.035599866976414439740755012662680      
   123.180818186127061820700207956873987      
   101.133777531027078035349908703216720      
   72.4188525457698047166338025303327211      
   45.2408955857011097896776803438079263      
   25.4971951720929068018164796540067766      
   15.2519892365374803494525365773101452      
   13.7216403486318531624764446179269290      
   18.2122218144273723108857114742881750      
   25.2423935761317805250368709496432059      
   31.7648341783590518006598626527408421      
   35.6252238503902746806610599151474118      
   35.9654513106645595686215746930329222      
   32.9558757345453733241522831715297376      
   27.5751328028595660909151892221785899      
   21.0343252124314960941064893660893564      
   14.5708601013313280301367036846288238      
   9.03378858535466888076515394588170023      
   4.84705736984878168104572467891218838      
   2.19603599240290571508346032935558728      
  0.647840845852573470202858097897315070      
   0.00000000000000000000000000000000000      
