   1037283.99457272424250254269145541196      
   841314.768770819339992352712441510244      
   596998.114597703624040726847808876321      
   527986.491969438692062605484821016724      
   446541.464186311404465303694828417514      
   348619.202514132228227794316994856311      
   272949.139684910130307849594038653901      
   202210.049836525614149906111372426852      
   145811.016617646830272606955137001790      
   101711.587747084244759233768974708729      
   68064.2412916723643440485670396267865      
   44556.3327170801606189761591163324238      
   28215.3390120942522011867674063282582      
   17652.0495774702336412082908230601393      
   10996.8049339513916052558307530672388      
   6863.75533332177262775048586395494458      
   4384.53529940623780459477481661137328      
   2774.20508316573006836742511483191365      
   1734.37080407931271871833198555208882      
   989.365882938375868796594113846996799      
   471.954075520754649006433498070862262      
   124.213766131138341473666295559504705      
  -77.9635400764926590005111607436582893      
  -157.750258547021255293400848925203520      
  -151.199444836211357436263367404213230      
  -90.8517370243818260195448757584791001      
  -12.0780699937314900452718527830863732      
   59.4499562097700831845715347081731542      
   108.142182140483333713482802602921647      
   128.040153432795502139557066383608595      
   123.176495127613236033689274108150128      
   101.137065580887647563765392119920138      
   72.4159995092693533038548261028858144      
   45.2432955603407403951466843485897699      
   25.4953214416196522091816041102506184      
   15.2536756246426948852190475546909279      
   13.7203474144817779625966728096467297      
   18.2133230053088495806630099197761162      
   25.2414617354487457336212225212931568      
   31.7655045781867988464181860177599249      
   35.6245716904708958938328766269124388      
   35.9658467883580681815235676086906553      
   32.9554690201156448624878237432603025      
   27.5753683926794800574879270699004909      
   21.0341128946939572707900231490941018      
   14.5710034872626901230886081468983499      
   9.03369591808610628301486784530304240      
   4.84714595006965674480138126547999777      
   2.19599929752817866065541800236849741      
  0.647887914848567827638378887538238885      
   0.00000000000000000000000000000000000      
