   1037290.30091643287913624046934710269      
   841310.704763433140065570115159094589      
   596998.627358457097107737479196629521      
   527988.078146428973418883209929088059      
   446539.449880766999769861262584167887      
   348620.709537116838279552868326017172      
   272948.285397704507221248882311957624      
   202210.412511731723668285975398417165      
   145810.918271225943519266688341250797      
   101711.606056678097297028289515294098      
   68064.2281980530016903548860302934534      
   44556.3846232200373819028933582053160      
   28215.2627793631152416804979991699319      
   17652.1388956094952505195056093474206      
   10996.7162376284407269468405595533790      
   6863.82843280112348764624141403394182      
   4384.47402343790803840006348849451674      
   2774.24784063855650036907612859816658      
   1734.33809501953212738980169833733924      
   989.388686111840463114353704334920377      
   471.937382522331903510779617387635855      
   124.227697686704917923987273296152076      
  -77.9738879368770572887609781352418405      
  -157.740271407410283511167559795538744      
  -151.207456968991061104814611624728233      
  -90.8444625895167503853582622018697664      
  -12.0845508852875551825436005748498561      
   59.4549862073395828545175994234932931      
   108.137320144085019793600087908671613      
   128.043559195243576271764420787979203      
   123.173210678880070301055008293897948      
   101.139429816525425664092701667903582      
   72.4139616222626705756632154063987998      
   45.2449543732819540969047927147340407      
   25.4940852558323671391440417839264959      
   15.2547757053798079552105457391265322      
   13.7195525810298532707025265113745172      
   18.2139698582603824086473487552131987      
   25.2409150271904699610952150153197258      
   31.7658304510199960626699816259506979      
   35.6242090758308040461486481483200061      
   35.9659870592493200199902388122812781      
   32.9552696409008081242206258493702702      
   27.5754212048772014078670266894820230      
   21.0340386362586480637631806403728272      
   14.5710233533822589579218742715522461      
   9.03368503441287933025661892308656185      
   4.84715977552208179670906546655687832      
   2.19599946527210533039905938089245998      
  0.647900768360752263724179124737856628      
   0.00000000000000000000000000000000000      
