   3806.49321988013603923704623547359517      
   3767.76556413063081152712331713233602      
   3675.85482502896540237684445809457240      
   3561.90580977292544680250053457909613      
   3424.54299615965434873388885433251581      
   3259.22081846507811923304551123418940      
   3078.22417521166640335492868505975794      
   2890.33671556608809783378050021947051      
   2696.57751824480454381043098930653923      
   2501.38068414243985304385472677137479      
   2309.74446528983723278042061771788315      
   2123.41673665537477489509843890024863      
   1944.47360988727007609020240221520198      
   1774.88821419272858831083222133741617      
   1615.28359616494223151369137490014342      
   1466.21703232655680662547572579058229      
   1328.02759022539032167829071098871071      
   1200.39919005616232873269695351671149      
   1083.09337847095790545076352512547085      
   975.664310941362765877786342431937061      
   877.465707426466662057360290294913941      
   787.933672613945327471559504796977039      
   706.448393786967621225297464417310928      
   632.328311849576278054404901067240660      
   565.053083311469776798734337105392175      
   504.016353478872439741530621151235803      
   448.702260049574485530725907760542005      
   398.671650147406194649522283487937117      
   353.462563869269949010497175933026412      
   312.662675059230966925883261369619545      
   275.971639112516490045902903062593942      
   242.992248165618485807782021563810988      
   213.438313314814894359969122399644734      
   187.047649899384287568787048846576615      
   163.522448947920655417683465916359712      
   142.603026775141480090109274467750012      
   124.102833306166169176633061087111124      
   107.742309590369413986226169062442718      
   93.3358519911802677369759189758805754      
   80.6992409158261865451703788986891953      
   69.6300731661856591129425735962265869      
   59.9504287683050628298941928758407234      
   51.5409230486370595149646783285895175      
   44.2132961799526197649508621771743743      
   37.8598152563771226326244251573251292      
   32.3635526394224557661476645252362711      
   27.6101450887187841174950335498223952      
   23.4973216110957377114279855277273850      
   19.9686813246447655194544244433842496      
   16.9164542356617820569877773773001594      
   14.2980072157973455023570144972330333      
   12.0508932114406941849235735258915208      
   10.1252349178438086672663145871178298      
   8.47072371232617410829557374284240883      
   7.07052147200404678717615223646535294      
   5.86621530756880347178984674064473543      
   4.84998353637159836132307776166865660      
   3.98787172332808495117012006111128162      
   3.26245356912384863418859143020386442      
   2.64771442436550833766168511257343796      
   2.14294379929942189408390776166728118      
   1.71380217454220744501308673508488738      
   1.36513183266758782395822228049098242      
   1.07564280082905830341670711439419398      
  0.841664491425319154748686903416653815      
  0.647749745998457799864682988314510569      
  0.498545966373183098398852972929780446      
  0.372863164294297350141692239033760474      
  0.278748409255985377642552131549075730      
  0.202520499058070020788797356493242998      
  0.146079804519227751317245192189633274      
  0.100066667372769102601900873050908063      
   7.00803867472638245456753477683978977E-0002
   4.39433917705095941495185295253351886E-0002
   2.84207334584705268679945867995762838E-0002
   1.59450133327903645061494592537798520E-0002
   9.16256632042341351254147524471221051E-0003
   3.35603410968387627006885133251366998E-0003
   1.90668320038051998446268232785783586E-0003
   0.00000000000000000000000000000000000      
   0.00000000000000000000000000000000000      
