   2.07370362030330966904030067600146355E-0002
  0.824920116158894303329046128717632082      
  0.836042370989984427401831491081916843      
  0.847312940851686016992852822905144280      
  0.858733892006203750004448002308338869      
  0.870307316972250426464406868520554732      
  0.882035334915920729088145321349428268      
  0.893920092045968418414826464122867137      
  0.905963762013561573561688476499680149      
  0.918168546316591406574236954367615975      
  0.930536674708611043764007449952905120      
  0.943070405612481490640115831344593587      
  0.955772026538802783733999626638247663      
  0.968643854509209088491271572987408335      
  0.981688236484607232416640088978187814      
  0.994907549798438871166794687962640256      
   1.00830420259504717611726665390078425      
   1.02188063427322960842579399048421801      
   1.03563931593505900968524830028645514      
   1.04958275084005589542163742486896101      
   1.06371347486479548711169231350319227      
   1.07803405696803366291627265567270800      
   1.09254709966143664850855652180286173      
   1.10725523948599990851770513863533215      
   1.12216114749424233727132805996075491      
   1.13726752973826248555123778416419322      
   1.15257712776374419862996960507037801      
   1.16809271910999968040529535351987348      
   1.18381711781613863930949368497834672      
   1.19975317493345281400338833190760089      
   1.21590377904410582069803186553250544      
   1.23227185678621890917935444747504987      
   1.24886037338544386102464443951521008      
   1.26567233319311491076448161495491749      
   1.28271078023107221842837715247404140      
   1.29997879874325006948567374625276574      
   1.31747951375412362503089792776330757      
   1.33521609163410869045283260117813401      
   1.35319174067200961396751995476808742      
   1.37140971165461106640591150575150982      
   1.38987329845351008955907581140617844      
   1.40858583861928543115317366125351579      
   1.42755071398310180902391662730986442      
   1.44677135126584736407977794762040141      
   1.46625122269490316989597752563026736      
   1.48599384662864426489700478163559368      
   1.50600278818877225961190553323350295      
   1.52628165990058014488529209348986324      
   1.54683412234125048557336502709873078      
   1.56766388479628872643441022904729783      
   1.58877470592419386083006432105099320      
   1.61017039442946921658521642850817504      
   1.63185480974407659490904665349569597      
   1.65383186271743745555270366635668845      
   1.67610551631508527215796337114310203      
   1.69867978632607358371135152251940549      
   1.72155874207924463871776709744557836      
   1.74474650716846386558193325342607940      
   1.76824726018692570304232197854008629      
   1.79206523547063658551305959587621954      
   1.81620472385117007332766127946257016      
   1.84067007341787757176641298718835962      
   1.86546569028942851839397019531029426      
   1.89059603939517556886883737906852367      
   1.91606564526605959810486487978915893      
   1.94187909283539770478002362258217752      
   1.96804102824958075737619199835063454      
   1.99455615968879807770891132453516322      
   2.02142925819789509334825684530542499      
   2.04866515852746946770145031486139272      
   2.07626875998531081245374425555346612      
   2.10424502729828859648628366001715593      
   2.13259899148479228299927094826592985      
   2.16133575073782704679169467734423618      
   2.19046047131887597838172852859275670      
   2.21997838846258035947777039422714524      
   2.24989480729246403222447713358888154      
   2.28021510374763419709160280696810677      
   2.31094472552068220695310324075169596      
   2.34208919300683132863170494892740314      
   2.37365410026443498192313031966584775      
   2.40564511598691914461624443663449459      
   2.43806798448626070710957396429875515      
   2.47092852668809153189045246604470287      
   2.50423264113851576450787765734308264      
   2.53798630502272554378087291587223937      
   2.57219557519549765939688413762877069      
   2.60686658922365089381108717353848486      
   2.64200556644054075095971586911704907      
   2.67761880901266500468553763907783620      
   2.71371270301844998228555433584712207      
   2.75029371953928371995317372298958058      
   2.78736841576285807317172731967719132      
   2.82494343609887301652068362725457077      
   2.86302551330718190391442623694495481      
   2.90162146963836630653104343790544565      
   2.94073821798685324893701831972803448      
   2.98038276305657109579895614923345383      
   3.02056220253916846787742389459753115      
   3.06128372830490879234374217142678401      
   3.10255462760604221126628525365040607      
   3.14438228429295662872573139097623270      
   3.18677418004288860725461414085894844      
   3.22973789560127906987972836400345360      
   3.27328111203574436649253045470368156      
   3.31741161200263932382902781830996837      
   3.36213728102617908285488781594889245      
   3.40746610879008063426202510217923397      
   3.45340619044164237909333343414335010      
   3.49996572790826306713327357063420230      
   3.54715303122623128697258022086299777      
   3.59497651988176146861610710697732820      
   3.64344472416414382042821850259114797      
   3.69256628653089258196408710711121093      
   3.74234996298475693252329126563921788      
   3.79280462446244368460354894406978467      
   3.84393925823488052233949291793457068      
   3.89576296931883493845362826723376813      
   3.94828498189968125428914191575767321      
   4.00151464076508938522369320657523139      
   4.05546141274938742981692296556994430      
   4.11013488818832767653140602069951897      
   4.16554478238396192201896239089803250      
   4.22170093707930702079375451269792359      
   4.27861332194245527426739573385634453      
   4.33629203605975655781540250065372484      
   4.39474730943766990073975010165999926      
   4.45398950451285151579984515549573887      
   4.51402911767001394087134836349109555      
   4.57487678076705693093098590620724779      
   4.63654326266693494294431183523245658      
   4.69903947077568840491958785692335544      
   4.76237645258602636542171080229906910      
   4.82656539722580648933964051569827557      
   4.89161763701071460377595109276523652      
   4.95754464900040000451423444812634810      
   5.02435805655727440422070392083234663      
   5.09206963090713162941687337528492216      
   5.16069129270069184050011608132821430      
   5.23023511357511803765399124295236533      
   5.30071331771449590524046580406095424      
   5.37213828340819194990994419035768547      
   5.44452254460598260593046556283604234      
   5.51787879246870876259985721025475800      
   5.59221987691320829721325279312363286      
   5.66755880815016292856791983431189909      
   5.74390875821343764916405790128508444      
   5.82128306247937867933571339802550223      
   5.89969522117450600688409397685346875      
   5.97915890086986834633315939655066556      
   6.05968793596032901602722084128507138      
   6.14129633012684841112307234568358157      
   6.22399825777979627554785859919066778      
   6.30780806548121096173556529646733066      
   6.39274027334377425836092668560578688      
   6.47880957640417941459603366233274493      
   6.56603084596844805246542614612642344      
   6.65441913092657674749453961815792275      
   6.74398965903383882383130005497662969      
   6.83475783815582891741007468290536628      
   6.92673925747427151083360057228669930      
   7.01994968865039003951825031159007823      
   7.11440508694252066881468299795398108      
   7.21012159227445503622245855456713418      
   7.30711553025082683303309610806797483      
   7.40540341311566936653603489234980662      
   7.50500194065007503517711546286961029      
   7.60592800100468563258931827246283133      
   7.70819867146253003402175109165857917      
   7.81183121912749920171878379536946491      
   7.91684310153352092206206310600761211      
   8.02325196716927301391835143957189660      
   8.13107565591296359877376987503853721      
   8.24033219937153390551312648668440202      
   8.35103982111828513429432720926471923      
   8.46321693682269260450633019246968213      
   8.57688215426585459738270475509528889      
   8.69205427323472812466739349864515644      
   8.80875228528797147667593574779307028      
   8.92699537338588382586670836226206073      
   9.04680291137659646354553290700053272      
   9.16819446333028706134631510780469757      
   9.29118978271284469315355825997467518      
   9.41580881138998666460164224424971831      
   9.54207167845247930582837934481002373      
   9.66999869885264089916052443222869192      
   9.79961037184191819153927471546591037      
   9.93092737919885308088915179274890968      
   10.0639705832363115529393670450373048      
   10.1987610245763578421510769798204026      
   10.3353199196806757436970709906030784      
   10.4736686581239255083423131463670892      
   10.6138287995968932510918803717657515      
   10.7558220706257724915992323334620611      
   10.8996703609933509657990548825240121      
   11.0453957198473089742889676987207531      
   11.1930203514802702855272726638532958      
   11.3425666107656184359834631949426888      
   11.4940569982325535945501372068855111      
   11.6475141547631747526026157286397347      
   11.8029608558937983676401820174379827      
   11.9604200057020762966250202144911925      
   12.1199146302608550158145910112942073      
   12.2814678706390171760542644219691177      
   12.4451029754290241265919286527136518      
   12.6108432927801189104294809979065921      
   12.7787122619155658093793932348358395      
   12.9487334041117058758540691894384487      
   13.1209303131159375717341645158435322      
   13.2953266449801999097619879609309217      
   13.4719461072858896171484120212934390      
   13.6508124477357012721294759694625755      
   13.8319494420872791913160444580041477      
   14.0153808814031198682346251489586072      
   14.2011305585908304165344642820948520      
   14.3892222542073473610532466323890481      
   14.5796797215005046042660688357619745      
   14.7725266706611189252223641111212683      
   14.9677867522585446979788191837913762      
   15.1654835398326160063413705763617904      
   15.3656405116149696963212125761556267      
   15.5682810313527973391491607263642154      
   15.7734283282083892579456171519446663      
   15.9811054757081915944932581720100606      
   16.1913353697155673035992581148375116      
   16.4041407054021693875064978905079375      
   16.6195439531934871377594171904439509      
   16.8375673336652180331244392684144427      
   17.0582327913680438728612013135461576      
   17.2815619675596699526663557971100265      
   17.5075761718244364839875261461084418      
   17.7362963525621533487166183237197125      
   17.9677430663296371988095419407828519      
   18.2019364460200939707926332140865677      
   18.4388961678673973313252110681670231      
   18.6786414172643173465843299748042328      
   18.9211908533857851818564599723778001      
   19.1665625726103010020282407200888298      
   19.4147740707348375607062568697593913      
   19.6658422039804896333437530349561779      
   19.9197831487882568933470157737905129      
   20.1766123604061964141560574903787202      
   20.4363445302709589844043249872217855      
   20.6989935421882890509364999786541428      
   20.9645724273183498932200444390723563      
   21.2330933179728910844561067708911942      
   21.5045674002318428917533290291305472      
   21.7790048653874428874501568692813288      
   22.0564148602238452471523495040866996      
   22.3368054361398205666695449320873732      
   22.6201834971213029996961493643790862      
   22.9065547465692793228007323209720265      
   23.1959236329870159274481897963541720      
   23.4882932945285878316965030013381822      
   23.7836655024087151157306236391484363      
   24.0820406031715552746378878819204141      
   24.3834174598139536091816249807055890      
   24.6877933917566621916041068968155690      
   24.9951641136554142230258689451264568      
   25.3055236730428903293418154196953652      
   25.6188643867926071569024674866516274      
   25.9351767763971293351378834334085197      
   26.2544495020559290488018017042628938      
   26.5766692955732577213882404495876431      
   26.9018208920737589466247278834945544      
   27.2298869605538576762832744009909470      
   27.5608480333004803391635555246850828      
   27.8946824342258918309424007551713114      
   28.2313662061887212003838940768257778      
   28.5708730373969008502450996043889384      
   28.9131741870185699719415691569258684      
   29.2582384101620748533924855436555925      
   29.6060318824260674250348661268421940      
   29.9565181242652744855975706869109153      
   30.3096579254662698251742811914589854      
   30.6654092700801186709267410965934776      
   31.0237272622141018805547397494420920      
   31.3845640531417169802161655739232370      
   31.7478687702474491834985537894375346      
   32.1135874483784574976700124705168625      
   32.4816629642273942664737256986235594      
   32.8520349744166194651385449764991739      
   33.2246398579915162913823331521704745      
   33.5994106640567224101138979803345946      
   33.9762770653010452796698417952326056      
   34.3551653181519298825054642736166125      
   34.7359982302760944508020885867704634      
   35.1186951360972629382860333007433121      
   35.5031718809332796856316642931592112      
   35.8893408142625213115560977336476266      
   36.2771107925135697184256703524959517      
   36.6663871916336967446516157799072454      
   37.0570719295331030543667511077271215      
   37.4490634983263613092386861715836413      
   37.8422570061045082717774501385128303      
   38.2365442277759431412277638048020840      
   38.6318136643176373643703444873436488      
   39.0279506095863901638001039050559738      
   39.4248372236592961384486014995890894      
   39.8223526115091587554252111487511930      
