 0.69442734294712E-03
 0.11010170718011E-03
 0.10936688835305E-03
 0.10863707912430E-03
 0.10791223768561E-03
 0.10719232298170E-03
 0.10647729468175E-03
 0.10576711315219E-03
 0.10506173943066E-03
 0.10436113520122E-03
 0.10366526277066E-03
 0.10297408504581E-03
 0.10228756551201E-03
 0.10160566821243E-03
 0.10092835772837E-03
 0.10025559916046E-03
 0.99587358110684E-04
 0.98923600665227E-04
 0.98264293378071E-04
 0.97609403255351E-04
 0.96958897740398E-04
 0.96312744699464E-04
 0.95670912408068E-04
 0.95033369537973E-04
 0.94400085144726E-04
 0.93771028655768E-04
 0.93146169859065E-04
 0.92525478892250E-04
 0.91908926232242E-04
 0.91296482685334E-04
 0.90688119377708E-04
 0.90083807746386E-04
 0.89483519530564E-04
 0.88887226763339E-04
 0.88294901763799E-04
 0.87706517129455E-04
 0.87122045729009E-04
 0.86541460695443E-04
 0.85964735419396E-04
 0.85391843542845E-04
 0.84822758953053E-04
 0.84257455776776E-04
 0.83695908374727E-04
 0.83138091336276E-04
 0.82583979474375E-04
 0.82033547820707E-04
 0.81486771621032E-04
 0.80943626330738E-04
 0.80404087610581E-04
 0.79868131322598E-04
 0.79335733526197E-04
 0.78806870474412E-04
 0.78281518610305E-04
 0.77759654563525E-04
 0.77241255147007E-04
 0.76726297353803E-04
 0.76214758354043E-04
 0.75706615492024E-04
 0.75201846283405E-04
 0.74700428412524E-04
 0.74202339729821E-04
 0.73707558249344E-04
 0.73216062146392E-04
 0.72727829755200E-04
 0.72242839566748E-04
 0.71761070226642E-04
 0.71282500533073E-04
 0.70807109434855E-04
 0.70334876029531E-04
 0.69865779561557E-04
 0.69399799420544E-04
 0.68936915139562E-04
 0.68477106393510E-04
 0.68020352997542E-04
 0.67566634905536E-04
 0.67115932208636E-04
 0.66668225133823E-04
 0.66223494042540E-04
 0.65781719429372E-04
 0.65342881920748E-04
 0.64906962273706E-04
 0.64473941374679E-04
 0.64043800238329E-04
 0.63616520006412E-04
 0.63192081946678E-04
 0.62770467451801E-04
 0.62351658038342E-04
 0.61935635345742E-04
 0.61522381135340E-04
 0.61111877289419E-04
 0.60704105810280E-04
 0.60299048819335E-04
 0.59896688556230E-04
 0.59497007377984E-04
 0.59099987758152E-04
 0.58705612286011E-04
 0.58313863665761E-04
 0.57924724715746E-04
 0.57538178367697E-04
 0.57154207665982E-04
 0.56772795766889E-04
 0.56393925937904E-04
 0.56017581557027E-04
 0.55643746112081E-04
 0.55272403200049E-04
 0.54903536526421E-04
 0.54537129904556E-04
 0.54173167255046E-04
 0.53811632605111E-04
 0.53452510087988E-04
 0.53095783942338E-04
 0.52741438511672E-04
 0.52389458243774E-04
 0.52039827690141E-04
 0.51692531505436E-04
 0.51347554446947E-04
 0.51004881374054E-04
 0.50664497247712E-04
 0.50326387129934E-04
 0.49990536183292E-04
 0.49656929670422E-04
 0.49325552953537E-04
 0.48996391493951E-04
 0.48669430851611E-04
 0.48344656684636E-04
 0.48022054748863E-04
 0.47701610897408E-04
 0.47383311080226E-04
 0.47067141343681E-04
 0.46753087830132E-04
 0.46441136777516E-04
 0.46131274518944E-04
 0.45823487482306E-04
 0.45517762189881E-04
 0.45214085257957E-04
 0.44912443396455E-04
 0.44612823408567E-04
 0.44315212190396E-04
 0.44019596730608E-04
 0.43725964110090E-04
 0.43434301501613E-04
 0.43144596169513E-04
 0.42856835469366E-04
 0.42571006847685E-04
 0.42287097841615E-04
 0.42005096078641E-04
 0.41724989276303E-04
 0.41446765241925E-04
 0.41170411872341E-04
 0.40895917153642E-04
 0.40623269160924E-04
 0.40352456058050E-04
 0.40083466097415E-04
 0.39816287619729E-04
 0.39550909053802E-04
 0.39287318916340E-04
 0.39025505811756E-04
 0.38765458431981E-04
 0.38507165556298E-04
 0.38250616051174E-04
 0.37995798870109E-04
 0.37742703053494E-04
 0.37491317728482E-04
 0.37241632108865E-04
 0.36993635494966E-04
 0.36747317273544E-04
 0.36502666917702E-04
 0.36259673986820E-04
 0.36018328126486E-04
 0.35778619068451E-04
 0.35540536630586E-04
 0.35304070716861E-04
 0.35069211317331E-04
 0.34835948508133E-04
 0.34604272451505E-04
 0.34374173395810E-04
 0.34145641675575E-04
 0.33918667711549E-04
 0.33693242010768E-04
 0.33469355166640E-04
 0.33246997859041E-04
 0.33026160854426E-04
 0.32806835005960E-04
 0.32589011253653E-04
 0.32372680624524E-04
 0.32157834232769E-04
 0.31944463279952E-04
 0.31732559055206E-04
 0.31522112935460E-04
 0.31313116385668E-04
 0.31105560959069E-04
 0.30899438297449E-04
 0.30694740131436E-04
 0.30491458280796E-04
 0.30289584654758E-04
 0.30089111252347E-04
 0.29890030162741E-04
 0.29692333565642E-04
 0.29496013731663E-04
 0.29301063022733E-04
 0.29107473892518E-04
 0.28915238886864E-04
 0.28724350644247E-04
 0.28534801896247E-04
 0.28346585468037E-04
 0.28159694278882E-04
 0.27974121342660E-04
 0.27789859768392E-04
 0.27606902760792E-04
 0.27425243620823E-04
 0.27244875746269E-04
 0.27065792632319E-04
 0.26887987872158E-04
 0.26711455157567E-04
 0.26536188279533E-04
 0.26362181128864E-04
 0.26189427696800E-04
 0.26017922075640E-04
 0.25847658459352E-04
 0.25678631144191E-04
 0.25510834529312E-04
 0.25344263117362E-04
 0.25178911515075E-04
 0.25014774433839E-04
 0.24851846690258E-04
 0.24690123206673E-04
 0.24529599011675E-04
 0.24370269240574E-04
 0.24212129135836E-04
 0.24055174047484E-04
 0.23899399433446E-04
 0.23744800859862E-04
 0.23591374001327E-04
 0.23439114641084E-04
 0.23288018671144E-04
 0.23138082092340E-04
 0.22989301014309E-04
 0.22841671655394E-04
 0.22695190342459E-04
 0.22549853510628E-04
 0.22405657702923E-04
 0.22262599569825E-04
 0.22120675868727E-04
 0.21979883463305E-04
 0.21840219322789E-04
 0.21701680521143E-04
 0.21564264236157E-04
 0.21427967748451E-04
 0.21292788440396E-04
 0.21158723794963E-04
 0.21025771394499E-04
 0.20893928919447E-04
 0.20763194147016E-04
 0.20633564949816E-04
 0.20505039294458E-04
 0.20377615240152E-04
 0.20251290937299E-04
 0.20126064626105E-04
 0.20001934635218E-04
 0.19878899380416E-04
 0.19756957363351E-04
 0.19636107170364E-04
 0.19516347471382E-04
 0.19397677018907E-04
 0.19280094647100E-04
 0.19163599270971E-04
 0.19048189885662E-04
 0.18933865565826E-04
 0.18820625465093E-04
 0.18708468815602E-04
 0.18597394927577E-04
 0.18487403188925E-04
 0.18378493064810E-04
 0.18270664097178E-04
 0.18163915904171E-04
 0.18058248179375E-04
 0.17953660690856E-04
 0.17850153279908E-04
 0.17747725859446E-04
 0.17646378411978E-04
 0.17546110987081E-04
 0.17446923698314E-04
 0.17348816719506E-04
 0.17251790280357E-04
 0.17155844661305E-04
 0.17060980187621E-04
 0.16967197222727E-04
 0.16874496160705E-04
 0.16782877418051E-04
 0.16692341424688E-04
 0.16602888614324E-04
 0.16514519414234E-04
 0.16427234234588E-04
 0.16341033457471E-04
 0.16255917425750E-04
 0.16171886431982E-04
 0.16088940707556E-04
 0.16007080412284E-04
 0.15926305624662E-04
 0.15846616333017E-04
