   19270616112.0366270744749203203299557      
   631103659.849445446275013491732893264      
   369759125.039741702409045039487586894      
   164630892.278268706722075418700505358      
   65356271.5141805479909173539903309047      
   30835895.4393801226689189353383065778      
   16472186.5486764954516313931476132723      
   7578195.85008575846084110654056132749      
   3094864.07128096744773740174344368473      
   1390121.62691380060272181684699533964      
   585241.753485474063415048155921552388      
   192548.531518373375361968154687269995      
   80093.2380475386747917055412092769734      
   40855.2948745522326491770672389393584      
   16443.6577705641475417004286358257698      
   12698.8469539725901392996282500443086      
   9305.07166859999615726583549884704008      
   3634.65048145018976393959208153166860      
   2546.77646765232656603070204382197708      
   1579.68148078167305908931486951929925      
   119.699902906552641025672667098996446      
