   647.216064725621396746554621922658070      
   573.494847730546465519949075044777540      
   423.655325904662251945560778195614617      
   290.408603166812598455914192307081513      
   191.206151443433545493856112742957633      
   114.472301943126921299379227276698712      
   61.9884754996053523748237511995502346      
   33.2990824484104263110509584210628074      
   17.7418703310053866610057391599674976      
   8.89606675344450128628644106672011184      
   4.86922232605125576973021659950186643      
   3.10557118085795418076566216786545068      
   1.85234937373260341743006276092977056      
   1.17750120670185394198060394307439653      
  0.755012638821313602403216300244803956      
  0.396859127073703689525528444592657909      
  0.170962055100458586344840867311211210      
  0.106716348553980470179434107509271843      
   8.98460485219679614203991958090612481E-0003
   0.00000000000000000000000000000000000      
   0.00000000000000000000000000000000000      
