   19327390456.3026387173329591359542596      
   601283212.933157490237562558448491381      
   368329010.557839697246771998954872347      
   170979278.067280006197998750053785840      
   66044835.6224336976786524090875025298      
   27758269.5494412180768242564511500575      
   16897364.0833117757155223786647245213      
   9004957.95021414839017380902035630877      
   2375518.96558539072193284811103830842      
   945919.705166870005528427936028835753      
   1079700.49508770600925626704229136113      
   257337.621442950631036525558263788487      
  -164970.180051277235983419827163564717      
   28282.9219979687902872264585068767964      
   178879.242806682537503258995552088688      
   6803.67791946183682544854068854806828      
  -142839.506855461027580611094873853385      
   68633.8293592945403329069715552958258      
   113528.811909432411346734708832162336      
  -96431.5233376881514059025499244766297      
  -89511.7293770512740401657848192529909      
