   24298558611.7660504016699298270477888      
   3353066857.36018581049806330686527859      
   1164327941.42817678927291480404669965      
   374263593.985830269233641869368950272      
   340166927.118566925333177477319078033      
   258265319.210943271577417906410184124      
   183429148.448646685821658994840726151      
   136229321.877394632786074665998591026      
   93827627.1187194522524243664164362728      
   64980473.7325903549385103670526230293      
   42705064.7849712571033393667747442272      
   27239444.8455148202246058868492159771      
   16829552.4224367718049381706408417926      
   9950484.11766415321843790521377489294      
   5820380.55513951209987005247527481178      
   3307285.31966414528041653758222565342      
   1933537.39712029135896853007946173896      
   1163475.02584910050000743546529015279      
   740588.977742310517070416412478925642      
   490793.242927070806701534118153972948      
   317115.668928945446712686157462416826      
   191867.222251075364381974820501454798      
   92796.6118414385438556454389198995689      
   23555.8277622175477187693586331312333      
  -20101.0833851067640461340919861902337      
  -39904.8912053432790933286437791592081      
  -41393.5785810595411731954833860666603      
  -31866.5548810756361959493472948148858      
  -17372.5541440874356924248202967247075      
  -3620.20551640502380254400751786099593      
   6533.90323252919865059352358095262052      
   11743.9159505766571387593722648222065      
   12493.1086352050464967205358825659534      
   10126.1096538672275567030910349799418      
   6258.46916417765333987487562312585007      
   2368.16943223148280968723862415458014      
  -600.276584836566068049891490205159954      
  -2208.08607063436645550735990231224719      
  -2507.43952772160628170417063387104690      
  -1844.69559080830347007664260383477219      
  -688.237612223714640891376871785838597      
   524.471438393565609799405225972547494      
   1476.97483393592684734135528078750278      
   2020.06889069562260971183845690500619      
   2140.87082326163334139097267717568590      
   1926.18870168514637334278377643556121      
   1527.13419317053723935734853282428696      
   1050.09809790382842484244752317341303      
   634.793680320069606491519183262724517      
   326.437985078484687523615477686462698      
   92.6701235537980987953832590363852731      
