   24298557751.6064457554915616858901431      
   3353067383.54261966412465507882360177      
   1164327757.17039927057072846377280576      
   374263634.696094218267416150474963681      
   340166938.845608236006334177476556017      
   258265300.627765071510001427755581374      
   183429161.311648311167882807757932727      
   136229313.255552128970436997783012515      
   93827630.1065344193951002316142759742      
   64980472.1881084229108798276652392769      
   42705064.5006393915733165282837996725      
   27239445.3587882055519283089482850300      
   16829552.0105173154165287288109211485      
   9950484.68932023403198217098588864106      
   5820380.48316483500912793948210428856      
   3307285.54390330898715666249171703667      
   1933537.44790120250642113609728763651      
   1163475.01721275024277889647478868708      
   740588.999680780057454867208748190841      
   490793.165909397215741996145067463816      
   317115.654138148502515484809363195938      
   191867.167552264796137297366748991121      
   92796.5967256275422632181495950997910      
   23555.8138322268951527430866026946832      
  -20101.0824548103234510487492865783811      
  -39904.8819766250192598286933231728366      
  -41393.5687560752849527525767413658235      
  -31866.5437202324056890115344121484371      
  -17372.5469104299305311772266534288973      
  -3620.20202662467897818578574674227718      
   6533.90402546734216439768572310729808      
   11743.9132098243810660706610116162393      
   12493.1059800317836864285715398708828      
   10126.1058375566812078585933725947986      
   6258.46706344643615294760856602931369      
   2368.16768013398563273627595133922014      
  -600.276698080589731876185887311331239      
  -2208.08580513274587926671433581132007      
  -2507.43853425283195308609778388566021      
  -1844.69479365353062014709304929789653      
  -688.236817444877955709628623182615813      
   524.471708983509701505749060718237380      
   1476.97492508752891990258036698354678      
   2020.06856967189937008805898975579626      
   2140.87047415263991174892664900822191      
   1926.18823741735883342955374090432872      
   1527.13383742449321517817922979110431      
   1050.09781860820013803684846109791794      
   634.793530805834345094800357667606146      
   326.437877300703860446865245426248007      
   92.6701587859951674005366090151555305      
