   24298554925.2358384065161045188661845      
   3353069112.50640246631567144654208454      
   1164327151.72491556769155920169534191      
   374263768.465053602864376211092570383      
   340166977.378070811706153046895960765      
   258265239.566965796732995957969122040      
   183429203.576992653099648795779457675      
   136229284.925788523685777720540293955      
   93827639.9238541924145424973394370232      
   64980467.1132320592647366351108617120      
   42705063.5663369548791231394968792721      
   27239447.0453272995392156957599114136      
   16829550.6570078529154544024781366167      
   9950486.56771234194372623179170650969      
   5820380.24664884523471516231444689551      
   3307286.28075162473542524698462849927      
   1933537.61473147322289072673120154873      
   1163474.98886723141930172847277916120      
   740589.071739489242187634054140596921      
   490792.912865588399225856792596514848      
   317115.605515271465986227760329910253      
   191866.987838051703298947058123787778      
   92796.5470400567061045039000622681964      
   23555.7680745312633741096064463016824      
  -20101.0794117440966827161522362033010      
  -39904.8516399113286857631292507601169      
  -41393.5364843926862314230276488427376      
  -31866.5070358684033607677153936550220      
  -17372.5231523001589135279627614145771      
  -3620.19054927301369150141595389558099      
   6533.90662120131200131770349568533617      
   11743.9042135143234689439296645648699      
   12493.0972465662212230523721998622158      
   10126.0933062058882192399979013601086      
   6258.46015255057737956328302129061237      
   2368.16193076375825875303904841346912      
  -600.277077702020322469052705235904850      
  -2208.08492553669320135269378617072718      
  -2507.43527680141487980876757805654997      
  -1844.69216760323214408887593947301790      
  -688.234212389184938486021899589720499      
   524.472604392187047096791987459394799      
   1476.97521851670790149984803131829768      
   2020.06752074465225733258995331263697      
   2140.86932128757392080817967928344739      
   1926.18671747946044525257734003433340      
   1527.13266305304445753035488636404485      
   1050.09690617606643719239757314034013      
   634.793034351728614864045289944968366      
   326.437528203749089454410142772157687      
   92.6702696187458285142933217827773335      
