   24298560783.0213523159351851027522406      
   3353065529.14446231732837748578105696      
   1164328406.54106643569796399963477858      
   374263491.223335105387765792456154247      
   340166897.515958384007454436001427731      
   258265366.120148451531654060025377431      
   183429115.978762101590535602614850084      
   136229343.641352234642946042740862789      
   93827619.5765810486753679575368056346      
   64980477.6312999241485067168397346732      
   42705065.5026781392922588687892455977      
   27239443.5498809622373857299724700009      
   16829553.4622245125651205608243604595      
   9950482.67466755369073798420367882950      
   5820380.73680998316240062544179254523      
   3307284.75364768633082542596683947683      
   1933537.26891753512144566249711913933      
   1163475.04767066062852137332353981627      
   740588.922345562019325269108482105930      
   490793.437355990877577431183503320520      
   317115.706249681266753031047715554412      
   191867.360337099999847751030059437010      
   92796.6499859150959914716041242641728      
   23555.8629348707096691797856756531028      
  -20101.0857429120316712652076914493129      
  -39904.9144922845842999589346185901915      
  -41393.6033900830172857577692765915180      
  -31866.5830458475299878021895673087487      
  -17372.5724111991721175864149253115401      
  -3620.21431809994097349688026896661656      
   6533.90122399005579788908671502635207      
   11743.9228756785127394977945733757886      
   12493.1153310827024593363434937205076      
   10126.1192933736969412343428982218336      
   6258.47446098068336994655905087364543      
   2368.17386067793415550540623612775874      
  -600.276304526165530812891772873007043      
  -2208.08673548625324989312973748686495      
  -2507.44204067077242784134249225031484      
  -1844.69759799456846898146899268393237      
  -688.239623329076111106905190421988014      
   524.470760119662601539005083068301382      
   1476.97459921429423490131577780962812      
   2020.06970556346477910303264003754351      
   2140.87170008613114120086499136980789      
   1926.18987792570261354137622836135393      
   1527.13508694188716016640667241944795      
   1050.09880704439756258088218669417562      
   634.794053682478278678327429374299043      
   326.438261105391064951985478397885685      
   92.6700307212095388709787520351277500      
