   24298519721.5559111433108688430574068      
   3353090647.24198153304126041230629582      
   1164319610.78949122608069253530200428      
   374265434.669568549363242729452784382      
   340167457.183053796409213302714049727      
   258264479.164491417439836592123261198      
   183429729.910884561245115296132503821      
   136228932.126232528994813584689612669      
   93827762.1717305213210832142319105511      
   64980403.9142756819886106584610453207      
   42705051.9262168007604080890594583579      
   27239468.0504046491477245133085744930      
   16829533.7991924305761747069492729044      
   9950509.96435881309470181259045580098      
   5820377.29889307722522755954375693331      
   3307295.46182812668803682853601763770      
   1933539.68923942081557302317446715550      
   1163474.63967330235932284825055058241      
   740589.965936675373043461228118792305      
   490789.764148449638879114541141946213      
   317114.997328283849743429399810349577      
   191864.751546714809958158309670447597      
   92795.9262894708806043232421270693423      
   23555.1997040688717073467349145068903      
  -20101.0429891736322271382993644088508      
  -39904.4724809411261242376843901075180      
  -41393.1357717603224798121184223929574      
  -31866.0489471793503790700665112535854      
  -17372.2283276978587156106313747762875      
  -3620.04653983401282565027235341266794      
   6533.93797904417993452592113331009437      
   11743.7930943205668042083349962287592      
   12492.9875993678338084827754602345907      
   10125.9380436574934316813245331355480      
   6258.37329961353983356956111065818177      
   2368.09104688027889216875566130442513      
  -600.282499174067757373734553054246633      
  -2208.07331701004557899947657534732604      
  -2507.39532732457075559222845772696261      
  -1844.65886642859276884756758102088089      
  -688.202330431502758663789131401926281      
   524.484298211502383618805016659235949      
   1476.97835708286367268423065094896853      
   2020.05495162893788510015107254353456      
   2140.85448743900676550985286844038068      
   1926.16824171363077284848549196171819      
   1527.11759781978345771478053548275695      
   1050.08596243208174184296576902741407      
   634.786444876159393275884399725432977      
   326.433571231725952480480768153639050      
   92.6712720389145117535257516131845988      
