   24298411430.7819903900839197741940093      
   3353156887.63469323877714243247410952      
   1164296415.73353399396169713835705270      
   374270560.734391077097255093543999012      
   340168931.575479236207672382640857930      
   258262141.652606718215697100922428510      
   183431347.828799645915344462852001744      
   136227847.563882662672774529080756267      
   93828137.8642827225013268183645096489      
   64980209.6281199818890097852193310331      
   42705016.0895320275478082934430588801      
   27239532.6429267078334113840978760067      
   16829481.9551893555758917361462887593      
   9950581.93643480251034463366864329806      
   5820368.21386320807588509196344059816      
   3307323.73833671325559436588505810173      
   1933546.03474141629307463326274994882      
   1163473.60644823932074117282108408838      
   740592.681821735172465839163357231085      
   490780.109997002119778682364366345945      
   317113.100371289376175111583299129936      
   191857.893493154853393410395989750522      
   92793.9983809781076753856900099265026      
   23553.4659145141051383854391361575137      
  -20100.9446404055645219590093270733216      
  -39903.2944698774124066743277925142909      
  -41391.9141929520410242342449497918913      
  -31864.6295889844407916381590341917150      
  -17371.3308011951735213933713760362400      
  -3619.59457091284186410774131554188190      
   6534.02635564214160138173607734439453      
   11743.4589480373830163809579552968031      
   12492.6433619199052971756215846839650      
   10125.4668805073728744421647316383764      
   6258.10018178065502549413505315320184      
   2367.87843354270638017148763736850442      
  -600.304255662195499618041237515897849      
  -2208.03295849280776035342382211700098      
  -2507.27678488288181805244173975737574      
  -1844.55240328533633330772220896882561      
  -688.108000117982663669564857155038147      
   524.523768637456224088611410442237806      
   1476.98476707119179726332771297549386      
   2020.01932833149849734225135311473880      
   2140.80602994988453497803876040113258      
   1926.11405069605878976845519776668845      
   1527.06878709517988898339719339486894      
   1050.05460149934810980576705119026254      
   634.764015479085978094555934549348016      
   326.423417803801040902909272368072055      
   92.6724595021402345514101314160144061      
