   24298354563.3854086942163907313408109      
   3353191671.00946053093678913478101591      
   1164284236.24509990499790925591974692      
   374273252.987265914923065358178399692      
   340169704.900948789883965531642371741      
   258260915.091565089352715746144887888      
   183432196.764247578418709453582550722      
   136227278.436758356286306711048111556      
   93828334.9405391165497919251582316730      
   64980107.6729098298342068928054548770      
   42704997.2539501891871388714590932403      
   27239566.5479301958595634717902789496      
   16829454.7394389365807419661284194287      
   9950619.73055925293855726491967686909      
   5820363.43416650009317425514082213804      
   3307338.60650112483186355808391687995      
   1933549.34688074987439690092021309566      
   1163473.08704451285920469551470255680      
   740594.088530600874418597898319479010      
   490775.057931272613594071351197067457      
   317112.089862870294065613673557696199      
   191854.303418378591198369240597816209      
   92792.9761883270157941643262960422763      
   23552.5629474951756512907758051951107      
  -20100.8999969499822083196258379024360      
  -39902.6700367642301082526497175925383      
  -41391.2781786706018553159701519757260      
  -31863.8792274231799027012559717057540      
  -17370.8640108856888464747510552298695      
  -3619.35291078992163357516627944205877      
   6534.06896170126366302066661698591912      
   11743.2870576757325466955526853471732      
   12492.4594160671329303794582365813272      
   10125.2223510903518164600577532263168      
   6257.95413565992558542732364079611607      
   2367.76911969065890843814480582287326      
  -600.317828188927460974955816302034322      
  -2208.00985332553526584026467142292967      
  -2507.21628597946298060240422905989672      
  -1844.49491578854797846432433418383515      
  -688.059895090498291911476218896144746      
   524.545801309362169978952407790457620      
   1476.98696076135385152020450043833943      
   2020.00169064069173180343935343949560      
   2140.77962357970743523734218100804725      
   1926.08646035635201537112869010600063      
   1527.04237446564094531927107361971690      
   1050.03883135104261568677262285575042      
   634.751608002919538610493353328922982      
   326.418646724388114639298123797805252      
   92.6725799361470296068242302500257936      
