   24293330454.4509046524630122772762318      
   3356259686.71204706609859083979180005      
   1163211162.45478375718509346179856720      
   374512027.285199127234151177160945941      
   340235602.116346657065909409614541448      
   258155034.985908909553691312411847731      
   183505401.460690360588740079192604749      
   136178062.621923796506049527085221665      
   93845216.0598475990591695020419448468      
   64971254.5865927480053618498550902080      
   42703322.4910339864080316360306458364      
   27242490.8710673256823777008789705214      
   16827104.9940307647462007545874219585      
   9953927.85725413009958019436892526937      
   5819944.30749400373988334785959961261      
   3308678.23523400683101626254827636603      
   1933811.73326741140408240358270949376      
   1163467.41042865283635685992350893997      
   740686.355900472557612961850047545357      
   490357.517356722400639926587888127090      
   317001.439888750407858565292197894188      
   191551.822097637171682881970628375001      
   92690.9094093715780554560416380421585      
   23479.5676162354163169648982475271091      
  -20103.3910268212461515140024176132627      
  -39843.3459948083163906792864987127670      
  -41339.1861982434257803156750457743064      
  -31793.9940644351399267861560690435294      
  -17332.6743818230489004543290473511078      
  -3594.86499044089758222147211802749531      
   6535.43721037262547233147532417520380      
   11730.4913890929288425311107386713458      
   12474.3644376478114794914339750668919      
   10105.2252492577564101838312258627478      
   6243.70528311107198097111071362088338      
   2359.13292375234627030987992577143775      
  -602.437104890566852645889094121638396      
  -2205.30306015673733694967606330740275      
  -2502.46072379981420069822827851044196      
  -1838.96228017091353585211258013867784      
  -684.168642766261733742233285577471174      
   526.795398683553254131386550431871267      
   1476.97163572835552454697282223197253      
   2018.62038021209801977131916593089787      
   2138.33715554096152835231530269726113      
   1923.72221421436769258920411145945698      
   1524.67252209825251489553032389082356      
   1048.64519386316327693315078561338235      
   633.673040531657167224804968566093920      
   325.954196410996975040558571175778114      
   92.7348130991366056140685719626981594      
