   24136708987.9195643249476462923209702      
   3447470359.10695618776397382909082941      
   1132641599.91980805840861279441799682      
   382056180.553090087153906966189868340      
   341036681.343132915618121833919828199      
   256245915.878014232086375842090909398      
   184790882.378602499021607626295018818      
   135219425.571195824637413084437063050      
   94098188.1270498084291059615438328663      
   64750903.9280033567361666293362536759      
   42666761.1576014315706963867201544080      
   27266647.3768661055267029175393476407      
   16806480.0808405363316329060470847489      
   10015511.9410516513573490105462028664      
   5831845.03615059387851925495307681509      
   3344097.30280223109696455849973015629      
   1945486.99694332120656854606589108648      
   1169851.58678613371514881916903289845      
   740214.626682702633065987922807032221      
   482755.074529525703096852856140717699      
   310452.303843401706601860472406322953      
   183603.737556195426377110128878787109      
   88037.5439691552321546839724853605719      
   20640.4769220639147536053347856635629      
  -20537.7622995815664458857735327720542      
  -38710.9138462874428939071202927063700      
  -39587.5310996360394042345717193383287      
  -29847.7453216924494471385255735856310      
  -15914.3063145665789504282182559459617      
  -2736.57750655135259322490125510397436      
   6728.92550259072493307133005187477637      
   11463.3793044231207900732110100623444      
   11949.6529844162298619151060049575322      
   9524.11883075599862522330806635897710      
   5772.86396223466519481986070437595886      
   2064.36963293843924780512495581377506      
  -702.062146370864073893178647951146044      
  -2155.01979104325219346913216869221436      
  -2364.77800729909190595915988298732098      
  -1679.65510187445041778123925875006087      
  -553.603384306608166295944276179838236      
   600.380903025491246916524702935710303      
   1489.87979842676340076728851158241093      
   1980.60981591538455013229712263420697      
   2070.30221309057976886598219653806686      
   1848.55058468902165431406017022309202      
   1453.79038973936071982605104684715293      
   999.511296241598837571553742908834876      
   600.422564922232906323933446122861862      
   308.380555728696939169591062345568556      
   92.2964261988456060805635635376599803      
