   23936416069.3762358356459361694256790      
   3554214604.79106463339316510634214915      
   1100257019.00308245591148794010490026      
   390669141.982197604042529100723517979      
   340994747.080348301225297727824293486      
   255330020.569976891537233285496096521      
   185346975.498857733985142755238011394      
   134629157.110648351992111606908926692      
   94106161.8474119889308702828471669593      
   64537775.7961348012298417250393297879      
   42602233.7689946021197088030044442226      
   27237601.1593366775836987065028991591      
   16813378.4804309066586279776952121613      
   10056376.0168366942634157997396691305      
   5869694.42909451569919066875078536088      
   3383157.84280653525200688966059160866      
   1969927.07984440938679317962923356402      
   1183284.14534955588583145772355689211      
   742082.072094185303094754667310668065      
   477335.620628094619564866980195636697      
   301529.965131316582499114938793655008      
   174275.969384186106639390259433934479      
   80679.1501225307905706970237953183182      
   16079.5528360659805592243752374322292      
  -22198.3714526133579312509979254248776      
  -38178.7497693611373589502610896861661      
  -37764.5442631967214542866337467890008      
  -27645.1814610035990104867469801655714      
  -14008.7678182479367091745070060053241      
  -1498.24636278149580869325287425320687      
   7213.11811537096224781408578536641920      
   11323.4842501044864332559219189166986      
   11421.7096472603485976951093363225906      
   8863.73900267967931407020569839906510      
   5183.28819622458056122863475122654732      
   1666.31279967945959878582171042304908      
  -874.871107283879112152986633177107244      
  -2135.20321331749401469986190957437282      
  -2223.07702558038807022280249200721409      
  -1494.88877446158959501628069219800988      
  -390.752935459578835393748940871187284      
   701.476703871263147997694584026649683      
   1517.73783711150195238294208345492734      
   1944.69198744405503253845187837402163      
   1993.06540598588143426311008191607859      
   1756.92351178599792890675886512731714      
   1366.31510926788396322234776892251788      
   933.764044198066200633307610191602356      
   556.523881176179028891410793801460827      
   284.011520964428471641606418710175717      
   87.6512627367722642287053284309415715      
