   24298560546.1911487908307874932931229      
   3353065674.02000745911292891625704285      
   1164328355.80871216801692628847691357      
   374263502.432160817291622169408712291      
   340166900.744916129596347152209938494      
   258265361.003468490139018195177536871      
   183429119.520456963747352920553383097      
   136229341.267422467715511903571467930      
   93827620.3992525149935228468082854973      
   64980477.2060432929354035495735989155      
   42705065.4243953216310353036699053951      
   27239443.6912028397666701910696650857      
   16829553.3488093750018094571706959968      
   9950482.83206239003500451865609119871      
   5820380.71699507938235836273921982768      
   3307284.81538472271176542376251470914      
   1933537.28290267242720061376574472399      
   1163475.04528893323071658603488032954      
   740588.928389327065335117951680481186      
   490793.416147351280416466552030281150      
   317115.702180003351036483935877929795      
   191867.345274393866836693477871065187      
   92796.6458261559334249157643276351298      
   23555.8590976607529504480250899404974      
  -20101.0854850181396927542594132478411      
  -39904.9119529098778600421999951665913      
  -41393.6006833985878221962529964006296      
  -31866.5799743755382534495377601145048      
  -17372.5704181285626038333901987982772      
  -3620.21335861981463936973464209365334      
   6533.90144361060418439119543698670841      
   11743.9221197967376591539635476610025      
   12493.1146012297421388391453072500436      
   10126.1182414573487917226070848555321      
   6258.47388369904293417307448885833109      
   2368.17337719248620733287243770987386      
  -600.276334661689223116835458983049537      
  -2208.08666339240848329446386844684446      
  -2507.44176615575950209228693833082533      
  -1844.69737946356705938321049442926823      
  -688.239403573866287621272651490163869      
   524.470833717923995750224582506906280      
   1476.97462519218494010959493344721788      
   2020.06961631353523737017045388051764      
   2140.87160480647239888687663277823567      
   1926.18974927371587709336226365621005      
   1527.13498980019627832943465498410665      
   1050.09872935439920076134279271191778      
   634.794013292515419613085804959811946      
   326.438230668622493657813364989407991      
   92.6700411709983909741401810272941017      
