   24298560421.8613294017095099209297933      
   3353065750.07596655964056054845246776      
   1164328329.17552457670407557429749595      
   374263508.316510400793716627086257158      
   340166902.440032118842401401449103042      
   258265358.317346554169086525553520550      
   183429121.379753115343891671429653214      
   136229340.021171899374945814128351261      
   93827620.8311329908524667511327967021      
   64980476.9827947937527338105968239538      
   42705065.3832987108884171780956560258      
   27239443.7653931995879423580500247477      
   16829553.2892693165541577424190977976      
   9950482.91469070898584931694407201728      
   5820380.70659267104115454558397886545      
   3307284.84779523097007801983826941091      
   1933537.29024437078514424680338207808      
   1163475.04403874348936068750092943302      
   740588.931562011277737619324643288498      
   490793.405013485347134423963060997508      
   317115.700043413383785995450263855438      
   191867.337366955115721302722827113372      
   92796.6436422983069718277065982024968      
   23555.8570833022067381248244632469823      
  -20101.0853497064842933885435066550482      
  -39904.9106197328689861975626682057677      
  -41393.5992625263242060564178012929306      
  -31866.5783618656046882980713081975794      
  -17372.5693718801422609708159215258869      
  -3620.21285485574521944714002003665536      
   6533.90155884710261894483859592160117      
   11743.9217230353852640887935523572987      
   12493.1142180204975300927148912212240      
   10126.1176892814873674710600021267847      
   6258.47358058910131277238291429255184      
   2368.17312342509068056351563726197169      
  -600.276350531014489965228170219118409      
  -2208.08662549744550565270251699002006      
  -2507.44162208886888509345406369204269      
  -1844.69726469496409157672914844878236      
  -688.239288252404707072502319857547374      
   524.470872398693458834894954292869928      
   1476.97463878724821720913020357858830      
   2020.06956950152101774135128592824523      
   2140.87155474592806910007481288727996      
   1926.18968177517247746592810981184437      
   1527.13493876346761525926592797356656      
   1050.09868860832492933552786367772126      
   634.793992050180884923601973391007138      
   326.438214728179390409098181567151085      
   92.6700466192817532750595268673023657      
