   627.502286697169068063335597144129629      
   563.388239511286705038508043100521081      
   426.499554693954677237995953687231962      
   297.195733027697415796096847338831179      
   195.761092855842900421689682667403767      
   119.236062738608609369369493243302747      
   68.7406635529674607996794582464629591      
   39.0906767462528349180902428311422001      
   22.3277808171219217373600268120110807      
   13.0523954582053821373910287478052130      
   7.95020190029216346413771927890463233      
   5.15013223944104033913928352379301134      
   3.22271234201293787026457745179261671      
   1.95199550006878005858929467430640231      
   1.15548613151415597847101995806382041      
  0.546372751138126439817962029937964789      
  0.237585818625940581559455729511327882      
   9.45740132046287962708951591270352078E-0002
  -2.40794361815197837202236594945090491E-0002
   0.00000000000000000000000000000000000      
   0.00000000000000000000000000000000000      
