   24447861885.3257431675358349762179660      
   3257681280.96810503495557418899943998      
   1196328655.53304209411703395015447625      
   371411878.461143609286967328691561444      
   333872610.806169000833038429231453233      
   263945590.620902034404352418871190775      
   180690415.614414513878053790575252934      
   137132678.699363450491488827259890109      
   94198178.1869563284861037929906848377      
   64459345.3418343700702001394589996763      
   43211950.7541125877771481470132349727      
   26937898.0466649639898343721600028466      
   16916931.3268580778061630648181266347      
   9918092.26071759322484093742434781042      
   5751650.12961108568334712640035928509      
   3342755.89773027348083249001297212364      
   1888544.57122810562779778953770808087      
   1185537.81412748393247832354452808501      
   738799.594761694833059676784760055005      
   497258.918366143589823609624859112549      
   328527.658931642186037413839176922902      
   192341.302296453742513415949238682305      
   99091.3101318908281952075978764189779      
   22022.1979713913816370377282796675991      
  -20258.8977078461175683075969298208030      
  -41936.4654715301772601311370990818188      
  -43598.7255957943993159470425591474238      
  -33097.7030868709326216142727036616721      
  -18675.1697940658342064848283406979523      
  -3577.10964694509706573909620250135885      
   6538.13432659678865418815384299011520      
   12461.1896008784051249997028244377069      
   13043.4759537156227851378576488461084      
   10674.3360140855446563523751595493972      
   6667.75796921780026111579222598545247      
   2426.84549387940795752455297399137713      
  -531.326572142653248601114719262775463      
  -2422.84066548804842160294305562192351      
  -2634.12951759825603340290888427893005      
  -2009.52106675089832475080190060397179      
  -806.433075137163000460939889423331793      
   529.095394626582947740759286099694039      
   1461.10156581093491094823793629089915      
   2115.46655114273919154464116832845769      
   2203.63649668540091081002633523155113      
   2000.20472480313930857720534461005560      
   1601.19906164627415429666142898686621      
   1071.00735602661683743574706115137950      
   671.613369781404750875701819249736447      
   332.765930391441895030659011578601723      
   82.5128838989400807936869093116226070      
