   24447856248.2391291777948508766509787      
   3257686140.47935402989809552500042389      
   1196325549.87762538062176741479083342      
   371413255.406249477963717738926996786      
   333872356.656328014945956402037664599      
   263945366.964978167588367857982836146      
   180690700.924956680703651294271916221      
   137132501.829330327415891606205041091      
   94198231.5486525187374785686276217372      
   64459368.7338676896894251772251381838      
   43211901.7344310487492378843226181527      
   26937940.3227590179660515295205811921      
   16916907.8424359183036337578240558981      
   9918098.33816318880102444960139746346      
   5751654.54980225544099121032864162922      
   3342747.98617269112639102019846497580      
   1888551.33788027641613630904022323796      
   1185534.08462328019240791767577652652      
   738800.351586114975400019395721660259      
   497260.108373173320465079009991801403      
   328525.689246480761175984381553137905      
   192343.190514726022446337194096920363      
   99089.9384942080892248657096942022479      
   22022.9800514117916759946646292233881      
  -20259.2203833531848841546837693940710      
  -41936.4036920711889633618998694131508      
  -43598.6978168012134654472312789468172      
  -33097.7142974931046666412382073767743      
  -18675.2189357127871038710542530666541      
  -3577.00112083831342907162908515599852      
   6537.98595121846658556012422091319475      
   12461.3548578366455594127325781600020      
   13043.3106977007631775649395990226196      
   10674.4919026240181299786785512653135      
   6667.61605430014553922618035065940717      
   2426.97181122839860546972812971890176      
  -531.435888433940241344239925793042258      
  -2422.74910634108926695517417159377472      
  -2634.20326652782436833285983340200921      
  -2009.46369382961041737845436473788602      
  -806.477330693690729626259913954622304      
   529.130893468251992831112386481887836      
   1461.06999809744593090907435373666092      
   2115.49805271379129942943399709985092      
   2203.60289824977465012880517649468913      
   2000.24030624636986759499201892110442      
   1601.16384292685248454304239670247374      
   1071.03848294552870346608694114759180      
   671.590822420685205000290380877663903      
   332.776209067868939244216058684604916      
   82.5171677148410883715182699390659959      
