   24447854573.7350845892965474175068526      
   3257687584.00608556870159423715938347      
   1196324627.32208934217290615598659123      
   371413664.470761589112287339012185105      
   333872281.096466476153812447721621638      
   263945300.603783603449811128317382321      
   180690785.601397238899484289038642390      
   137132449.356924742595126826625195666      
   94198247.3432441486412095979112204387      
   64459375.7299484892529135774494893472      
   43211887.1322450126688205063094395045      
   26937952.9172503811332762331813243153      
   16916900.8333460241133284482973089936      
   9918100.17356518283342210632273782899      
   5751655.83572015285624942306025787984      
   3342745.65999171252416820391721383767      
   1888553.32717418109306513422699617466      
   1185532.99441926298304281632797778549      
   738800.561595503015065153276602960699      
   497260.474159542031872351825559554956      
   328525.094027660250821469279588777504      
   192343.759668324116036965282688962322      
   99089.5244031054015158340855910780120      
   22023.2176058146148511595561628477711      
  -20259.3202287224312277260479883377111      
  -41936.3824460369428045502358968352879      
  -43598.6914898891954428293776724995996      
  -33097.7165477788921823507449981606208      
  -18675.2338882700938331551467403893182      
  -3576.96913856348179960493909240898305      
   6537.94263564929231194552438098810402      
   12461.4027806662691595420100905657491      
   13043.2630968156876520456211867377156      
   10674.5364741974215825740247050505143      
   6667.57581536006348474930145366426050      
   2427.00729117795378242784160533808707      
  -531.466240636093635803513798594916070      
  -2422.72406521515594502395670792146251      
  -2634.22301588197275825777829120386196      
  -2009.44878072116430150716070030436960      
  -806.488399976958090588974558249322961      
   529.139434128773220918022423383572318      
   1461.06253678288238758382431983136805      
   2115.50559505516736816218041710702161      
   2203.59462314464846006467680438243886      
   2000.24928685507773643138326191541625      
   1601.15484936150262332501979648370424      
   1071.04638394859884896229436002441311      
   671.585346715139494629121849250548971      
   332.778162264182214991499909237069044      
   82.5194213369976073236651886865997425      
