   24447867190.7324855737270952512282142      
   3257676707.41124426262754589201061357      
   1196331578.33019853237333003841178519      
   371410582.807384033232851677181151890      
   333872849.599096682812399625769720457      
   263945801.583223548432543541935695437      
   180690146.629312724679976796892682419      
   137132845.580258441815985640770749992      
   94198127.6022583922244179434080814154      
   64459323.6410881888183001581051513694      
   43211996.6098308281713899463340280991      
   26937858.5129718545280906353472168462      
   16916953.1936299722091981190173492829      
   9918086.75931617582786947132167190214      
   5751645.76897251618488732364951367408      
   3342763.52538490114757770172642205250      
   1888538.04045979864431318162088986353      
   1185541.46756892588857578808801776987      
   738798.756753192266734155375946407528      
   497257.908051954286854991407099787916      
   328529.417391665828912293995016977525      
   192339.607716517380368920961512998673      
   99092.5300086268423082427997439582129      
   22021.5225650588885470472652587244079      
  -20258.6451909682707563416340033433536      
  -41936.4811105391112002417571324842445      
  -43598.7863490685673603478433650235410      
  -33097.6650706810340542069056287115939      
  -18675.1446063022909686318093041819085      
  -3577.19640844403140338323364222165745      
   6538.26359017016517277020241780682038      
   12461.0400918379462079194873673298468      
   13043.6292298380423309486793557922201      
   10674.1883228788144429790093945657433      
   6667.89525404911941209014416395399315      
   2426.72058416580307671785870841486052      
  -531.215756650039422163606847019120147      
  -2422.93631525961540328249702512181143      
  -2634.04940759006086069596469461002101      
  -2009.58669625225690202963500785026756      
  -806.379118210395584599207385282361558      
   529.049235488160911806531702146569047      
   1461.14426697836901646414224277443653      
   2115.42384684790171303321601359864731      
   2203.68108648683025045325303710287457      
   2000.15848881161167196154608653513818      
   1601.24462347447834687726626565552641      
   1070.96607247034934677045460752935377      
   671.646074007594739616014178050951551      
   332.745338677142690199442612462212013      
   82.5191584784261702608625325474673900      
