   24447661335.3782413027358741585837508      
   3257854158.06562706409358372111106498      
   1196218168.61213943294317715130240093      
   371460905.222301529499144051291652611      
   333863477.968094807294710773859138032      
   263937755.209186360216899613764708600      
   180700443.499419306086665484395471109      
   137126489.683228928140990295605236543      
   94199998.2593440093230440211003119236      
   64460234.5266661639589655612301446931      
   43210164.1447675972983277616918622131      
   26939436.5856278191715752151404919165      
   16916065.8965006800086947340628753992      
   9918335.10403485184586370503632634719      
   5751784.17516942720846160007043570561      
   3342493.71692481727476342562451372478      
   1888770.22644343220197801599116324765      
   1185416.15417601327890260102431244188      
   738819.023082437470295573240114683591      
   497305.944303814673445812140410213777      
   328454.974937441933910875251073537690      
   192409.617982690771164707198062345349      
   99042.3977926152781850503672498192356      
   22049.4029497376142991498950677874252      
  -20269.2044741244664180726611875892790      
  -41935.8799213679169768920648329448872      
  -43595.7720016119078589458057773746427      
  -33100.3400244167746451455519068991701      
  -18674.4883490809128520151977356649237      
  -3575.79048840112919773867662235273810      
   6535.43630577415931032267387515324967      
   12464.5106198665187364081853926862311      
   13040.0852670231812681323023122981122      
   10677.4964540880693241833347557228061      
   6664.97023992911117299119625957088933      
   2429.21525800437626538978026228183333      
  -533.234494384292805098411868004051002      
  -2421.41958024707935955434023248925968      
  -2635.06081413871429470316411827443841      
  -2009.03164736648937702419161194115346      
  -806.591930868384417077094137810684364      
   529.073083644544214750996200060388368      
   1461.13969016188081242995790911120198      
   2115.54356315852993196473878023764971      
   2203.37372782399885522472713882869923      
   2000.64330620826494798060078137871496      
   1600.67349721542338825131542000867411      
   1071.48224736542554723450078281746696      
   671.353676199107537083385024482704528      
   332.674063041645270176347193179760635      
   83.0436386426564602037802361067294778      
