   24447393503.3846916155597618819750379      
   3258084977.74608659480258688781828960      
   1196070707.55961174108269617141007492      
   371526366.080306887834907913925663016      
   333851161.772605575389821119859477966      
   263927500.794676078706933183315735041      
   180713614.032901871720903920982074291      
   137118400.757732035095965454582932185      
   94202315.5011701796179832500560733571      
   64461482.9536149625138419517274748505      
   43207749.0076667208503523607677867796      
   26941506.8631309363938427125914769717      
   16914897.5929897425322105062829763646      
   9918672.30636508645354255660705946704      
   5751950.82942400709621838670212249730      
   3342153.20802926153192957592109463351      
   1889066.31197517669844985205401293668      
   1185254.22758978858930333576055828259      
   738848.375623435500921641005884189780      
   497362.744026262257472288663574128055      
   328365.086392443360535283156516356735      
   192493.607372041814652531812234361563      
   98983.7225365939512785839678003757974      
   22079.9477618969200002802223166199295      
  -20278.0190330023616388808238131828962      
  -41939.3642147738472809859563199722836      
  -43588.0679651320830340832065516793348      
  -33107.2502652468495492111991006521005      
  -18670.4844744903278371963070372078494      
  -3576.85669646008222592798098580158059      
   6534.39609082703494669076323394175721      
   12466.6519724365925054679394892579632      
   13037.5835758201881148211778722896199      
   10679.9449757450024277272677383649995      
   6662.78764333202661057632669729164727      
   2431.04449450426231107104835984301373      
  -534.623757826383194517672894014541158      
  -2420.52896124275233965255786336538192      
  -2635.42687111342638921683960684503721      
  -2009.14457120125155973438881740409918      
  -806.133324737811960624027598921074825      
   528.455314090244369619226090961111008      
   1461.70627791363899489880609130033419      
   2115.19491209499911433108379350123340      
   2203.41547668292945438512420109226251      
   2000.89250870387356961906747707054408      
   1600.25229889891004005212557084423099      
   1071.89280456545810009816331645821611      
   671.171890742410073720111171899446024      
   332.445591937059683075936147071145786      
   83.8005868437780386558222433068336836      
