   24447322792.3306489097145995625920061      
   3258145904.51067922672442901530595407      
   1196031799.98810385171379195966512532      
   371543635.559464646184046978254459030      
   333847900.058963868756034575059617144      
   263924820.428906164338246998814827277      
   180717061.056767298233070478229949115      
   137116288.314193705683725642914190269      
   94202914.4718093690803063671985767705      
   64461816.8835545540358648381877230678      
   43207111.8080267155276275997266420134      
   26942051.5300888313520825307277215030      
   16914590.6930885716478484272627114860      
   9918760.68489598741283837550145231233      
   5751994.83710195597063498657687470435      
   3342063.43013947758919032950726079741      
   1889144.63242348285618547881017959178      
   1185210.89158837410427873911519749796      
   738857.091805711514134983043153173808      
   497376.563434866201046532760129869199      
   328342.547451159069373732086398004100      
   192514.719606113643883245790130345801      
   98969.0882873272929261343806954261250      
   22087.3699774613018669269921695167433      
  -20279.8846299138411784393972085890464      
  -41940.6162527043701888235266159162022      
  -43585.7822407818404397976629032256608      
  -33109.2821965229275812752635373287590      
  -18669.2432254592567405610286104823539      
  -3577.30783956237922142193234075292254      
   6534.27773501908531614229820275865906      
   12467.0759923620810315800279967995679      
   13037.0477929497027317811469925734090      
   10680.4836999764333426456126219821545      
   6662.30320024276568846964081620285256      
   2431.44977101415371153954283859199726      
  -534.924885378708069545115461256000086      
  -2420.34933365782165445296199037382206      
  -2635.47657636384925259465249188159884      
  -2009.21403411905955854912716833918397      
  -805.978809583652787432212408407732676      
   528.264012486209237565071932995509878      
   1461.87964024448391562762247876315390      
   2115.08288944389122442465571261568499      
   2203.44298360936410372607500311955033      
   2000.94533478202230379024977564910659      
   1600.15019284860198838044274763841466      
   1071.99653683355884792741979404097743      
   671.123522938943375025823523992231317      
   332.391091552453163444665255610629954      
   83.9891607015065059867753992645518839      
