   24447241458.2008659086688161593410285      
   3258215977.57422953029498386283048065      
   1195987060.83215326755469735153355443      
   371563490.810864231582513107756951852      
   333844145.479256093572291344749678680      
   263921748.895824176412610696143037258      
   180721012.525448780945874565285930927      
   137113868.652888726848892643312485540      
   94203598.2397080875378356729634047567      
   64462202.1265924104968811388529213583      
   43206379.9143853436894289759844709695      
   26942676.4407399218740115899069450542      
   16914238.9084451817117208607691705290      
   9918861.72323349964679148178468210007      
   5752045.62984855327565366970102634390      
   3341960.15100269864704318941728095933      
   1889234.79928917700998767656864733078      
   1185160.79479928324182515797982346653      
   738867.527772819941601221709664498780      
   497391.961740953464629156446207803862      
   328317.119374490132929771569972929085      
   192538.573410326592704799982415546369      
   98952.5867595821994381235111877859395      
   22095.6761392714935569104904077535812      
  -20281.8802077936302307273688588201510      
  -41942.1523858951093251207274432323443      
  -43583.0868061275539710613048758463639      
  -33111.6735159944389640995152965971580      
  -18667.7641915706047551691438494714221      
  -3577.87838593770720619498875690543463      
   6534.19276229522320841559179713454427      
   12467.5150868850662015616040396625792      
   13036.4756208642727869553184830704447      
   10681.0649176325680691733387834997075      
   6661.77851471611767608708386279314173      
   2431.88898182518894382332341393468073      
  -535.249240212668174847417503465135530      
  -2420.16045296238215950799633022642379      
  -2635.51965744641569345888532730419707      
  -2009.30496022342214377728936318786021      
  -805.792577826745203901475797906186376      
   528.037460506754575288328592467025599      
   1462.08403139188541752229792530348335      
   2114.95020085263842383209734974608996      
   2203.47752460281016315910719960066361      
   2001.00410507989936420035006855228911      
   1600.03367020715142250341892910386899      
   1072.11628789293924012641214808700556      
   671.065767572932459967006806141061132      
   332.332465550094985333895018104664166      
   84.1999932723164836971888897718229843      
