   24447147881.7951081121038763848834738      
   3258296588.64040233876361839316912032      
   1195935606.21115796151727468272988158      
   371586322.164963507817652093349885210      
   333839823.231480231146064239305260873      
   263918229.013905035075228700829207193      
   180725542.144316656395861763036491460      
   137111097.286553956893208070366948020      
   94204378.7630705964707891811774573781      
   64462646.3642821495028497021889367383      
   43205539.5809587845051354799771276144      
   26943393.0769640292343459573326800826      
   16913835.9446934611143204833238304784      
   9918977.06332825745125803792623819897      
   5752104.33621414274987210000539267026      
   3341841.30920675494628551948941453260      
   1889338.61356523328887257393967535850      
   1185102.87702788896569674520824780344      
   738880.014922654692033525129418411223      
   497409.086985088748865739914432412563      
   328288.455437764747976718588026645313      
   192565.509451849148717823925428644188      
   98933.9860001939380532576467765072543      
   22104.9724470645612430946734004673033      
  -20284.0151410607703244048072383345425      
  -41944.0159963276097605019733045883362      
  -43579.9226430851692400528463054977863      
  -33114.4765653472491478634873866694987      
  -18666.0105911789842385731248412541724      
  -3578.59016660351764896483083820565289      
   6534.15200059615394791865359356677050      
   12467.9649583560090708450703655216169      
   13035.8678690832704651604463342347669      
   10681.6896971253659125974117568528240      
   6661.21159245550491013985461936267177      
   2432.36448582397547546318691971594690      
  -535.598756855095784028415419384833804      
  -2419.96148446825897609460493518358255      
  -2635.55535002755010060399901159089798      
  -2009.41976750183134495942083894022944      
  -805.571045880794542824939629906316374      
   527.771725119576923431153565522037419      
   1462.32273158425064676006186004336181      
   2114.79501411012966723453159361290088      
   2203.51906058821012543798101776777561      
   2001.07062770003165210321186715547033      
   1599.89977276155093622550827757242467      
   1072.25523849927647866674983264505982      
   670.996335114153937333181964316509549      
   332.270189234097730481576116555538214      
   84.4350544198561862915095632648523677      
