   24445948305.3047386733182819234308680      
   3259329023.80228055763818154624641225      
   1195277937.57651349149683909804876871      
   371877527.864040482940397940281371471      
   333784534.983623655117878001001904560      
   263874063.423390924263916755285279209      
   180782359.549317459648152514364726249      
   137076497.163250829512412554343396178      
   94213985.2255727984687623383014837991      
   64468314.7506433324238050697918415137      
   43195005.0641666235125131266698769373      
   26952316.5897396167389709316865880140      
   16908858.5391189041197304459009034300      
   9920363.55367134692544077311470430148      
   5752878.61416264593258508380387012575      
   3340327.08923680729522017948388797584      
   1890660.70829361252842767397892256123      
   1184352.77635725017840053995518391009      
   739065.486925595328629998525213040876      
   497592.307964090682819694978118710945      
   327959.077881799204562757362238007630      
   192878.191059228729061327806530942006      
   98719.1588187463234646656015001413674      
   22209.7029664201315945407697673557100      
  -20304.0608467216324691656881764190673      
  -41970.9064259938522355196043159048931      
  -43538.1518945447253189275739072669880      
  -33151.5210684850711340858037573229493      
  -18641.7392818946304538297860017001486      
  -3590.28424446729133379132015428708387      
   6536.67247050435079356942880860022608      
   12470.6145191049649520464108906445333      
   13030.9276998073850804203240768174320      
   10687.3168685229272869838472932729939      
   6655.79029318490663329381951776934274      
   2437.13032984906944926743123805035340      
  -539.193550864587025616603967105531701      
  -2417.93482536159698143797500430072754      
  -2635.76665418641652585288333306165745      
  -2010.93761440903243765509856606496271      
  -802.813829438211568068766568385016951      
   524.509483556613517833420825857411733      
   1465.23173983268964548146229181618145      
   2112.92289022979411450450409307923941      
   2203.98451262644959750460044795327615      
   2001.94900790089357797602474618823522      
   1598.16597652025754266603287203760054      
   1074.09555554978700760812857414196029      
   669.949915745011835426405852358370814      
   331.772814166384543574195278904053552      
   86.9775794076843457079716539761298337      
