   24444479295.6479990456091791471899638      
   3260590861.46833141707429157501967188      
   1194477829.93560420142490265955551237      
   372229782.675593560213643948803283426      
   333717938.624618361793452674225284571      
   263821546.132754745345576004487263099      
   180849535.407839461507256690431094152      
   137035898.198870666972212816066463531      
   94225106.2142449042214018086969349280      
   64474995.8487577261744258748251446936      
   43182780.4306421110300740707178123395      
   26962572.7263985342181100304716728347      
   16903213.4466136161423551501617332560      
   9921866.18781127687552148423946528670      
   5753840.65405668055712827606992069796      
   3338538.63841560092157661401462446406      
   1892213.89053194228037068306775217636      
   1183459.28262593696804725987747282542      
   739313.540948726673767455017843257274      
   497764.801564976710288201175396950998      
   327617.374144475316333540092403901051      
   193206.789264487051396311174609321861      
   98494.1906225805873015067300895965669      
   22317.2830166942401034758332037916730      
  -20321.4380401867009265726283156738033      
  -42003.1714030511091917866056336933314      
  -43490.3249692198373051950543722640930      
  -33194.2946887670435028274538276314385      
  -18612.4347531018299996454094997603818      
  -3606.38404691412359106292016123272638      
   6542.93896222976654978562903756535213      
   12470.2126843797447787786956068895168      
   13028.2240777564828382082192981261317      
   10691.5970483831200617839340941952139      
   6650.89562548702715599078241928369563      
   2442.03747009189885724462558144389802      
  -543.321755408281493802552827959330177      
  -2415.23994057164181516976850346189698      
  -2636.56031884723894990186584107965198      
  -2012.08447104701438670756808510698619      
  -800.197618223690122953264550286620272      
   521.204025499342204247601189800438988      
   1468.26706985398147361329238140751251      
   2110.93398888987424981386819772091410      
   2204.48286570447547953871477759441975      
   2002.90969525241553534254902956689531      
   1596.24721395397587713999366714172534      
   1076.18704159774813561952205626816594      
   668.647591700829294104740591741632349      
   331.487729799627769246559469923843272      
   89.3961913105247207425954096494716333      
