   24439739832.4177353049886690287808450      
   3264642677.14367671073770142645803199      
   1191937438.12220955364114949830607877      
   373330897.672870264179346590428098693      
   333515721.978074715894089517804801779      
   263658537.610822508411027591218402894      
   181053270.278140857083272101285701480      
   136914590.698554304248649288510750603      
   94257986.5314206719411256520520257947      
   64494274.9405827914963675187680407023      
   43147839.1229856200345950920034532020      
   26991505.2485910835321567981480499994      
   16887570.3644085470295396559302571381      
   9925829.85005303278817345504468779362      
   5756688.18383669379878704922711731708      
   3333483.96248977541439264945620838444      
   1896563.08357908421683234736192708548      
   1180932.89025269067795100885358077603      
   740085.667182114386653675499593072600      
   498124.104986750241966913289269216996      
   326798.782506392798142193808407140895      
   194007.270528141598787085924118921722      
   97945.5384297006292472870983578124228      
   22580.8389485403986925304525902172744      
  -20366.6333631142509584125886209303286      
  -42076.8966855370056502248223114323713      
  -43378.5789383112783382223786934110836      
  -33296.4071491979279798827165413460511      
  -18539.3007081216374851404189574776613      
  -3651.45033615134267779164861396089935      
   6566.29374013892057904066030963495501      
   12460.8299124812950590523921656546797      
   13028.3322355319943332161002256612742      
   10698.2355878878469873265345808371037      
   6639.74720809921700286017251872976871      
   2455.78498136317045847408445970697615      
  -556.610952133630266709136047551414742      
  -2404.99427186986260873641045991101115      
  -2641.73403211767637182687991512728912      
  -2012.58211058009343168383598793930066      
  -795.065445017961811395308554666647878      
   513.419234475272695498305847040993738      
   1476.05054036737585305292459620660913      
   2105.32435012599449363681046777294774      
   2206.54045291211383610702344926188899      
   2004.53300850188097229237929610053451      
   1592.03718979818522667463403376793587      
   1081.16665835764370706476162686960915      
   665.231247907383107704773007829180012      
   331.434200875142378400402444497960906      
   94.2988304545037913735290434161520920      
