   24287572793.4005222666042803345020462      
   3382665849.83446961942088279639748271      
   1130948476.50868945050090306742850430      
   393830418.664467952315306121293094879      
   331745486.284543338315556327997005713      
   260227918.098231056017277548039631641      
   184081404.685135842908880527803203823      
   135406535.205905876825007353923190819      
   94608136.0829896477692705270838611833      
   64672995.8232715377319515954541697965      
   42857389.3411183355248135160664754250      
   27215781.6988371004234668295208449095      
   16777761.8355842289412801931013993959      
   9958079.79999983304335821569650666210      
   5770473.91204312962466799902084282945      
   3307728.82147346603352721804406928924      
   1918922.93800951120203387794073212191      
   1165862.06663534048761798943688547504      
   745732.205124657860733236714329566768      
   496310.030884042617717870466504752916      
   325117.240878121856078045404781389523      
   195889.429878731932307660818261238785      
   96258.3044625444825081946591421373381      
   23991.7745640152095664302080082687930      
  -20855.8015796716151452014544363789427      
  -41556.6844858488815441679164441786557      
  -43327.6733894971174866324967612109733      
  -33323.9405888681296784818996894934459      
  -18381.8516246999656182464647642312325      
  -3910.36977322268264085722294547430238      
   6696.29621340936299661984097922317373      
   12234.7801423742401202863376535026107      
   13080.4321702413271038214305207091976      
   10638.9177474506737494778286840252068      
   6615.52641428512980188197909754872403      
   2524.21099185243399033814066784378178      
  -606.191209018425316848039373268093245      
  -2324.70085612626452252596354739856774      
  -2666.85263884689063167031866416232231      
  -1990.69456783962746703379550028577615      
  -786.793195738088335102620944433198797      
   486.761236053774651081468079312031114      
   1494.45190805135790510479649436594319      
   2075.31401840249745479228052406440757      
   2211.70608358004153114736230399384157      
   1998.90611454116210971051305096925490      
   1581.43332024467026618554075245218710      
   1092.54485235764246261285622795173745      
   656.171523322061391847413119485067287      
   334.351300289881757189606452414520670      
   103.414812797206359558023320564442428      
