   24196743666.8153884711933657627396599      
   3445133273.92841285538883406423291849      
   1104954735.31204756607632323344552213      
   400344161.390439365747656961988909666      
   331870510.637413655950659939559088475      
   259043838.785788386546773612319265046      
   184791158.992355448608429608594776026      
   135111058.008947735742288776283382169      
   94649170.0024082057709301968062971579      
   64695058.9698239238547239366406693982      
   42825052.6902452540166245126571185631      
   27240637.4536394306095754387906114742      
   16772455.6168865495118722229708780965      
   9965222.53621746878692369809869271374      
   5773346.76180814962457131349325963279      
   3308077.19137085757761363667797174648      
   1920084.00625904483428228639885309739      
   1164363.44910181258214067720728415873      
   745026.561645919254160934437695449301      
   494923.978259124479658993349488669687      
   324249.258047698425690854100335040240      
   195357.042417977984593003027690834086      
   96029.7103417644776266980371078457147      
   24156.5622459049972241565479624452059      
  -20607.8163944098595582252733866661152      
  -41201.5312408944404939181613313501200      
  -43044.7072866141330541425611783453826      
  -33132.4156812754536819103734044921671      
  -18296.7919596707942970271842705638648      
  -3931.13328607741767768750074427001438      
   6621.56303846662162793416818407225065      
   12128.3890404968884204326157033309197      
   12982.8652427165503632398193498333727      
   10567.1884024623899954589386679743282      
   6577.22252092817374397965709229546483      
   2518.88330501133160904615955056240436      
  -590.108485603240095435772790462353734      
  -2296.87166813931938765083602105982226      
  -2639.07391303054834687588554190697776      
  -1969.78032425264994353757560366823748      
  -776.211624575435831894866395359302780      
   486.864293334290328049179846314470500      
   1487.07893613152235478428236090229545      
   2063.58033559429531521660792996691014      
   2199.25544929561336888405584511390062      
   1988.65890130557966580157661481906204      
   1573.35289085840542940749834809208606      
   1088.74086034056552614506744296587981      
   654.202084459638165470822209910316897      
   333.416224062890396515350761047790822      
   104.707893423833573821437494718290856      
