   156.939865354945854620016884359395251      
   132.030112770301066660630305493864780      
   102.112531789824128341745761512554770      
   83.9645785754512409318241921103890792      
   49.7902713971601632665282225732277181      
   32.0664202287426666311016640088681036      
   18.1953066042364068494601051733089354      
   7.78287386345960231670301468045938836      
   4.41330528012006268841009136703858910      
   1.51472353394766140561021529658537251      
  0.539203936576102908225523449593673358      
  0.952617937530157961276592962927628013      
  0.153107497822585370941981457578828075      
  0.739890311181096440060434058816658314      
  0.242339866186516719798538170175419299      
  0.310163153534731262266267906686049508      
  0.176192679003122276259602014329752892      
   4.88833400242034911157543359958948495E-0002
   6.31988019134262183462250679825907237E-0002
   0.00000000000000000000000000000000000      
   0.00000000000000000000000000000000000      
