   627.454141369862794063700176696640545      
   563.276609211618735310775318641151017      
   426.766320071526169484751038652117323      
   297.372618798414557033086398460114268      
   195.643380957931825097384483349699898      
   119.464564769807628398775319964086063      
   68.7154230538050444515648143825374520      
   39.2171385635508103355890416727337094      
   22.4072088658412781378688822977202765      
   13.0577588351965614070934183481127920      
   8.07926994129779146263426573735851336      
   5.17825586938604323164412629602913520      
   3.26586877897384048625724999770144401      
   2.03361299408499146012782661795722604      
   1.16807847737665595139774160498031691      
  0.598584793496322309259197882647150657      
  0.273896200768894701812611701599316475      
  0.101040441726219602646437789114778657      
   1.37477930923703709244176659000407549E-0002
   0.00000000000000000000000000000000000      
   0.00000000000000000000000000000000000      
