   19300448267.6442005500311489737398174      
   617232396.324843449898799888777843897      
   368030710.645191236244563024302466051      
   167773039.806654335751914372944267284      
   65310848.8762635983130878451000734787      
   29993720.9456186234241402565506153310      
   16657242.2686116977690928798235680694      
   7799103.87312290158161097852309342444      
   2963371.67081281765364034670388339555      
   1362235.89225473490789361621004715816      
   643795.172357171464760477493976736174      
   176139.354136591462345492075128752803      
   64174.0910955945538643804538371437833      
   58099.6192300721554723968103343611963      
   13498.6693592360272579321002463937299      
   4667.95130792241355390786743932779333      
   16584.8077848650966194436673447769150      
   4600.55666914086754279829584103641987      
  -3899.25925260997837940623922327927343      
   4697.91067498094996844390699212096111      
   5624.67318066698501924538652924110662      
