   589269.730283008027748607229379413705      
   503845.982554271664167200091822371906      
   323161.746415812593601261561318383743      
   174044.739785126518067643815995946876      
   96290.4809413518574676700512126604396      
   58816.0156099807625589610012127316903      
   31859.8411815970719221275791808403223      
   13362.9232863716264351335909984705473      
   6438.68744708856838922942834833842022      
   3864.30413195357345026296667511221241      
   1285.18601613683215200237034285098147      
   308.810050577981401525428243377205227      
   497.342744685205834845989061605727783      
   350.966734591833943422167417884065510      
  -26.5541045037730890981497778809697904      
   77.0322827221090185602714248524232510      
   176.529336658920569587886983040799594      
  -41.7818890287643313599058140648864032      
  -17.2715407088786537035222082017396698      
   71.5311075450143617182790297082418700      
   0.00000000000000000000000000000000000      
