   24441406591.3781927433074403431270213      
   3263074036.40326570976733688099534950      
   1193221654.15131485224823624260396274      
   372439820.572106181485679087147111538      
   334024377.755844129959461831088698317      
   263435451.072119604115990784047875362      
   181110031.994750559839004713668343306      
   136928320.104636598903919742080420552      
   94230510.4295581096345004250429699906      
   64512035.6837818771128079441162530574      
   43143215.4785700282494082959995556545      
   26987799.1463535537852523274932851478      
   16893908.2607543506499106416261493307      
   9920493.89490917627128189551730138495      
   5759781.01476792043706158230970401619      
   3332338.85572928556925172201659980581      
   1896616.38333914271532685594450195469      
   1181192.97874534188252322347236169785      
   739941.462516678458288284586593742460      
   498044.813193098956036895940945224415      
   327016.374118144709943862123045826086      
   193785.308555322095724386940331534960      
   98079.1335949298555754507581471545566      
   22561.5545786556558972326321191744203      
  -20430.8167470907327345907610489209993      
  -41982.1598793382985813791727453501109      
  -43455.5051353075123783488960294586443      
  -33263.7957649446397734160676268947506      
  -18525.7903458051077507925743764699145      
  -3696.16000433437021036993908574551898      
   6619.94918939929642321217975791927781      
   12417.1949772723752013329772482785004      
   13050.9387558658285530615793217370058      
   10698.2139250738946641299377136588807      
   6622.88762603748391355088392909507519      
   2480.57412570132128000024208867208081      
  -580.392485482669105575669433419960448      
  -2388.27105676900042968255249028097415      
  -2648.94894716004300747279678726606389      
  -2013.97672697154111586203510596642183      
  -788.141982058934182884699130741492508      
   504.668938654955134070277110277858377      
   1483.36941723049610115204091383681454      
   2101.37717145227235838894870697757009      
   2206.61142243856306664948830593591730      
   2007.59915151918493243752141015605480      
   1587.30922509215103673201131432950507      
   1085.84922797369513919098646527327636      
   661.980659338111750634001454167766311      
   332.460386641099267243309493537681396      
   95.5301317567975047318610869735711390      
