   986.234066243327401230077769235156181      
   944.470399448028684993683747534964422      
   873.718113498178434150684285014383602      
   785.095329282670067326772147799666331      
   663.447231705538450485649031563155150      
   545.799017340668817376560486920454067      
   431.759985253216390585065593531533693      
   327.353456666130731313104747093835891      
   242.626664109379258070705633159626834      
   172.412458893140386137288303885074760      
   120.070304559994468027260513879319648      
   81.9554687709534580480104604601282481      
   54.6481531577277798841149247136308050      
   36.7384492877721505569358435344349265      
   24.1835040466925475779677715064587615      
   16.0835690262556488195408790615500975      
   10.5351682967854645487253225313347347      
   6.69597070230078907227779074431708692      
   4.23824833610404722347552154894139841      
   2.56061239222623169753315207707758766      
   1.69935835450269170988322014922703899      
   1.33033923015899200637725058119699394      
   1.33493905597281436244098736653052978      
   1.56866208615274049232205700565134872      
   1.81808945267689548590456501178602673      
   2.05005471192627967716365842582802188      
   2.12532421538627671731194940688974280      
   2.08643620901970456602390063485092739      
   1.91481305502377069275013033115411194      
   1.67855086773176771854944952643166799      
   1.42127839962770871092636488725388194      
   1.18436358447527331319214923336102621      
   1.00315669804377978754174664680640747      
  0.876214614200864991028314492846426309      
  0.803069026386062625953403278689279334      
  0.762200040376446767629751905311446493      
  0.730965696284169740516685275141787281      
  0.697043587331007657173867529531251865      
  0.640998481834510514349265819208196644      
  0.568571169457404780952502131961756626      
  0.476377199784053468979156620175278200      
  0.377482757485250662193964781967345500      
  0.280335083361782931669928268416010168      
  0.192289523356512530668505314409186678      
  0.122355984292680471914571280096544151      
   6.89585523866316820596194891583179428E-0002
   3.47017422204339223492131644102332889E-0002
   1.39012769667531640276669142897889202E-0002
   4.16086796096273576165439401040443285E-0003
   0.00000000000000000000000000000000000      
   0.00000000000000000000000000000000000      
