   19320713954.2113956533361693911315739      
   605468082.225513229286193098264165389      
   368119504.439428963997946563073808152      
   170290328.511034076011454953042157701      
   65376590.5298937933006952991137497779      
   28801419.1304550376920539272455224579      
   16942297.2473696531809417807299817108      
   8240913.75732706404860389094955001088      
   2707521.00844523163117658892998189614      
   1241305.12235611547015092956086903800      
   801254.130999357880620960352852210757      
   184853.501112262032279830429139293973      
  -20518.5730175144509525106701540933739      
   84526.5251662803214477841753292197502      
   53157.4215436327198746699420673631632      
  -27483.7985284956681938126573619928416      
   3862.44842989130223969583372778049583      
   33971.8751155796781381313299778878365      
  -9996.80839689720804873673562545353962      
  -10468.2539466343700727115721852304376      
   9100.95401711488334735865774222531547      
