   592134.616936779685117732575201965488      
   502059.437248870227990782301002585909      
   323037.702352969483622371897250808171      
   174842.092878819659080345261064124820      
   95983.9279788813241472166513878012450      
   58617.0450893361831759863991944848715      
   31980.7790955775605415707227503038091      
   13437.5817419144525747986378227304756      
   6342.37864856226637240233360203063585      
   3810.84432064652191445567235600989191      
   1377.15741724459575001771425798782501      
   249.713445830391538874034389744035603      
   473.429262719503811899341186492313005      
   359.147594694990807896034771560940461      
  -14.9478471107336156978659229507670809      
   28.3907813638743272433253783426810571      
   168.277369622332262864099905408412721      
  0.925106290269973018726162447875248614      
  -88.3998671432600840752335471726208724      
   80.8996380329764535827107704034403952      
   0.00000000000000000000000000000000000      
