   647.744915865074858161664069565548133      
   574.657562735260500167966183957685267      
   424.607388198910312387983046897732115      
   287.512938421509848059191164179189166      
   191.484597693817433614189365478899004      
   116.874844236831938464139339489764721      
   61.2244974952925821119973672689326357      
   31.5927666486251103532840788222879029      
   19.4186876315587296570682718204378276      
   9.04208700929260769585355934840119786      
   4.17531034897264199924558239639825824      
   2.92138737709440436244149597956641996      
   2.95448905824628336475030315764963930      
  0.396431309257050698978342984940750568      
  0.879414066675225363573213366408650047      
  0.489440135723837641098397616634412392      
  0.690142190916063181951044177457443041      
 -0.707198937146080672601868377380966949      
  0.683152498945134496920668727851274482      
   0.00000000000000000000000000000000000      
   0.00000000000000000000000000000000000      
