   600442.748049114894433701368682614995      
   504208.604710619283903747164553957224      
   317052.897878922257250563694828112289      
   174210.418741022298690330955731381801      
   99485.6670826994258068425313978800181      
   58081.6277959234474816417750988831661      
   30265.2981927953258116844925906116805      
   14305.5481056522443479918318661086361      
   6889.52755486080429223585950886052407      
   3172.98354035208711035320078190859751      
   1313.80819026459521337812329701434241      
   625.174632100716465553298862054845932      
   348.090311796791639256742949830253096      
   192.881519911527026476739145396770095      
   127.344207386716389330483828461954275      
   80.7053151583715569017423692015761819      
   41.1206466169336588178122299018143866      
   22.3918393381684725874375543375847806      
   8.95617374365836084917415581706307806      
 -0.502068096894627500687892266414287101      
   0.00000000000000000000000000000000000      
