   19324675199.6685015221387336968841458      
   601136443.042616546532505270802740060      
   371737965.264632460608396056059800227      
   169097345.224282448232339532141206935      
   64657406.0739025825820305894618107466      
   29606296.2727493475717875195984112325      
   16901894.8322262041640637838915949211      
   7928505.75667567994318861797863030684      
   2828548.35201892390451042695270288954      
   1342058.16181339424785072386363907301      
   713213.127953246462358882517855853911      
   156390.249788903674564775151669413030      
   42582.3635512162982896340125402897952      
   77302.5301521459422675456190791288697      
   13022.9051256822415048759232281565015      
  -4282.54811541788604414447692332978935      
   23247.6587892662064995731796408897865      
   4517.21734220556946813762024840599886      
  -7882.63731345434705386552948515667017      
   7305.37618598226052337205695871711544      
   6894.80962515234281939726553144004049      
