   157.678596916875440932990085591062406      
   131.114167616709812344804440792744497      
   102.966268953704131751515338982265065      
   83.1512750671401152642384440965117756      
   50.1659200771973195427975474840671928      
   31.9221118701236801919718108666093254      
   18.0397417577703947837428591075971961      
   7.85545288884673650656173109798254882      
   4.34508728888518397426074268752012965      
   1.36164501699509289078962116982607928      
  0.690966215928388912535347341439530068      
  0.699490521962998749827380599151053267      
  0.291546875682683865620333630619972250      
  0.597535635249981965281381040388447873      
  0.255285256420428104729525346918573001      
  0.289354533271778463076417376807513998      
  0.125650541920883928872491095432170860      
   6.31089548589548348949841485750089392E-0002
   2.89888843117839019311539137868971542E-0002
   0.00000000000000000000000000000000000      
   0.00000000000000000000000000000000000      
