   19922062810.6576947000852773128517359      
   506930645.751367581634792035502474355      
   314145768.850463022691037736665428947      
   149566804.441111718031711628999473022      
   65164991.0542353646804459367478571827      
   31525279.7046950506849166757445890001      
   15843624.0260431549695737214615815930      
   7302623.25624608095254744196714781541      
   3187749.63492552426678898291029369731      
   1384973.62453043183356158192084240618      
   590918.473139789103049838011559173765      
   242207.258713758130858069642202613499      
   113083.181803880208910309049484060524      
   65173.4647040543104251946135746707262      
   35572.2859841535488638588348297726654      
   23833.9023920441764570897156688100552      
   14915.4556040429647696875704477511721      
   6749.41255656465800584098527772755749      
   4492.11084297710342524700968063638672      
   1626.17847829390450105376546228269314      
  -247.837947854664063981002588421847931      
