   687.490071080000000000000000000000037      
   687.490310581084574442799532540426441      
   687.490343830632950406217026640398603      
   687.490381696162373678441099551120613      
   687.490424818502030514448087933469810      
   687.490473927446387084225662524284937      
   687.490529854106095455396301100054570      
   687.490593544973555886002777999840450      
   687.490666077941178390952824304656515      
   687.490748680543433665404224641513476      
   687.490842750731418446368891828004802      
   687.490949880531520197740122923939096      
   687.491071882988575965161512591525604      
   687.491210822849506416375786924358763      
   687.491369051506709189919600084936857      
   687.491549246792587050293973036659422      
   687.491754458298686052083189952608178      
   687.491988158986416389063491225266739      
   687.492254303962806181011879999457148      
   687.492557397415998137423614836495467      
   687.492902568843293010084220113875198      
   687.493295659861809082161092829625201      
   687.493743323070925169509938518495827      
   687.494253134639636755375153780106089      
   687.494833722524232760064106755586135      
   687.495494912486225090194218349745402      
   687.496247894381711283670542199776456      
   687.497105411536420534747342456000391      
   687.498081976411391200774821994931364      
   687.499194116209165655816757533920713      
   687.500460652577096110307925312990531      
   687.501903020141408188206855962463392      
   687.503545629262833584387012904737311      
   687.505416279153020745753978591447028      
   687.507546628343228972092673832137050      
   687.509972730467430723781244238781381      
   687.512735644427315835535325436137238      
   687.515882129265516826407491632285126      
   687.519465435506960695139619811085183      
   687.523546206360861243184847822418632      
   687.528193504035127040862925090019520      
   687.533485978532339434223291286125293      
   687.539513198707786614921209117802471      
   687.546377168116132671264205313805749      
   687.554194051300629071628354111627242      
   687.563096139740266528853438700826228      
   687.573234090726191659616891534524730      
   687.584779477057717032251041465000630      
   687.597927690708506258737568273926458      
   687.612901249604041277395686071514639      
   687.629953563473659432713485958269397      
   687.649373222509740702706088005953604      
   687.671488881414516519334575084581355      
   687.696674821491201139242040547307724      
   687.725357284911242686905700052214119      
   687.758021688357656206206304934129781      
   687.795220838126798519983497031154610      
   687.837584285719441340574662370038297      
   687.885828982253428106553774812534645      
   687.940771412011215241503529156031345      
   688.003341410468202558183008744201136      
   688.074597900655597506529338948501176      
   688.155746814177095274824841409140013      
   688.248161500171332122890741901190730      
   688.353405967617601444435873457898214      
   688.473261354333297126958206408940975      
   688.609756070619480196849999499240774      
   688.765200127700026992247039278109263      
   688.942224231922486334372702355533610      
   689.143824306343639068024716471478245      
   689.373412193174803881896527889450175      
   689.634873395165655540994984634101588      
   689.932632833131009530744202232404881      
   690.271729732488741638748321212650171      
   690.657902906174699690079452444256128      
   691.097687877246817690059330860064819      
   691.598527484863343410748318985137727      
   692.168897845510209351587800753513130      
   692.818451801221961195613931263040723      
   693.558182282487288556430304073679178      
   694.400608350562625771705064144817580      
   695.359987067739379867133154948923472      
   696.452554781217832334241827206908433      
