   260.282765332760110956303275001491259      
   260.267541916943170310890996349528166      
   260.242125445562054678694072808494126      
   260.206491309567362721794090280739865      
   260.160617613278949937312514364228197      
   260.104487067545588848654761784840652      
   260.038088620193376460484702349717059      
   259.961418789437483781763600970783672      
   259.874482667650764042948174055188066      
   259.777294583694131739258848939082040      
   259.669878435101151325251185931546074      
   259.552267718287131744908733241432704      
   259.424505290604259107252649021478525      
   259.286642890868462810076748877811874      
   259.138740427132589971002035236124888      
   258.980865016062148814651046400153327      
   258.813089730146760522992387166730070      
   258.635491978776533201452792121488288      
   258.448151421544835182729070377744576      
   258.251147298301060972498889958552955      
   258.044555076019099830693318754421579      
   257.828442368943139592939254827373959      
   257.602864184725630754652173413099060      
   257.367857669404913413759316016805641      
   257.123436641937788890257314625200119      
   256.869586297319647423888529173026670      
   256.606258496234968713810022505691084      
   256.333368041068917578438742834892817      
   256.050790267833451640256377934997310      
   255.758360175230475338902262670613201      
   255.455873184316064874135742355301028      
   255.143087493650605967091842535965084      
   254.819727880731072057626058088031439      
   254.485490711227340588852008537286876      
   254.140049858133333697354365868201166      
   253.783063203853207906882653304859060      
   253.414179396525757575128527466775427      
   253.033044552499747353748751003878403      
   252.639308633833599532676328467995253      
   252.232631277009000927572369533562895      
   251.812686901317312392158863340127147      
   251.379168978135797072852340168843160      
   250.931793392162629323797919623941792      
   250.470300870280179136765795056514480      
   249.994458491656465489357996183664566      
   249.504060323342699662389822070102385      
   248.998927248948797483986142808687599      
   248.478906074381175434529442202335551      
   247.943868004795110959307440244576258      
   247.393706591699548560041638381821006      
   246.828335249472967505672141953313442      
   246.247684437320714845501960614528871      
   245.651698596788936168909178198166666      
   245.040332927126909530331470706980077      
   244.413550071734989826150001385176870      
   243.771316779219591800811571699632676      
   243.113600592663013770971759158970023      
   242.440366610967163192845602522962894      
   241.751574356819884579058687098195636      
   241.047174777153288709275659659192405      
   240.327107394041506815865919963438311      
   239.591297616890690642795622491617094      
   238.839654220531456631826653701549530      
   238.072066988423656184530011337653866      
   237.288404515588169439277573768742515      
   236.488512162034163029512128749687816      
   235.672210144284694425788992720295383      
   234.839291750041049316737577589315375      
   233.989521658985267726871698575835669      
   233.122634351120103092386769795116165      
   232.238332582803612050894184853327343      
   231.336285909674014144565671820252541      
   230.416129234904635364600162423571753      
   229.477461360606643628406073053012402      
   228.519843519643297706399990202031110      
   227.542797864568193977244342540240492      
   226.545805889792064523791809637528902      
   225.528306762359067293462899340407009      
   224.489695535815040055558693139119622      
   223.429321220520236703098980580442137      
   222.346484682334808191042989526679645      
   221.240436339823114146061111297151982      
   220.110373627911133300666722275983959      
   218.955438193209542325556538945877565      
   217.774712782891951661577386302408971      
   216.567217784984841346464512380294401      
   215.331907373055854725715884778720186      
   214.067665202426862697847201890685366      
   212.773299598001268715815373031724468      
   211.447538165355692727813898135150464      
   210.089021746625026626267018916535504      
   208.696297630563532059759136194991748      
   207.267811911565331228051381405199920      
   205.801900874841605575271139201389337      
   204.296781263708977702391988217923841      
   202.750539259197873705411324749284048      
   201.161117970866519767253172611506039      
   199.526303199435618129781039388670653      
   197.843707184875961817068311202368412      
   196.110749995609662891414698677496152      
   194.324638142552748264204726673625804      
   192.482339911939845840129162646933868      
   190.580556798074761843069393188791404      
   188.615690274474481291628019635753812      
   186.583802960066925347770398774207602      
   184.480573003603869321221551742529809      
   182.301240207014636914703175504066322      
   180.040542013120415275527367781016405      
   177.692636961350021166429028335802376      
   175.251012519050502785648702474824506      
   172.708373256740041995871439233500616      
   170.056504052294067292775757389288988      
   167.286101231400609680015546799989620      
   164.386562052080038317554760194837812      
   161.345719367860007146077837393230974      
   158.149503101556186129573387210658123      
   154.781502429884843590950999883083816      
   151.222390822111217241216640826149055      
   147.449157728837355719982984252029875      
   143.434061231428423781244178900909833      
   139.143166956861119348665774711796816      
   134.534253903987517288926077011783366      
   129.553714872659526384843402679606584      
   124.131787947591185080497840239761170      
   118.174865251306989687167844348343335      
   111.552334888442188911830307439174465      
   104.072310645154470785164976035094136      
   95.4321628377449208969446403530388310      
   85.1024403146976551530395751722667536      
   71.9874247825458685690332186799911051      
   52.9092499344392727113753009691883199      
   1.06054319851766333263680945568963304E-0004
   1.01242555396108490071787757867206885E-0004
   9.75145110451464565733840010431374947E-0005
   9.64098893245711623414061044575947072E-0005
   9.99532764631408870565137168934169145E-0005
   1.09760818579566128016845104667058575E-0004
