   627.306142222805829350386916424276935      
   564.566061953655856319173353037182810      
   426.996931808770108902661708568750604      
   295.662444699107950974946633465227962      
   195.921591959288297324833861395840552      
   120.030892068931748292055797771092446      
   68.1955289465224479936001380076394592      
   39.0055249830223149893733924432513442      
   22.5544315640087096410993321855955547      
   12.8915811954124834863798947789555377      
   7.95641734405249718431646762983174285      
   5.14637341257827462341026804218384151      
   3.16176135263200176932033369822767678      
   1.98748777900939144594296020960814849      
   1.11425188300350424237831794684857737      
  0.528478317383372192608306998279845316      
  0.249403494038531250492450457543340705      
   7.66720109764558614900675485618216452E-0002
  -3.10119857109676650769329077872447958E-0002
   0.00000000000000000000000000000000000      
   0.00000000000000000000000000000000000      
