   19324588607.9360815243044066251807460      
   603195295.306897645967167703651523350      
   367953860.554983227042680499469668183      
   170823585.728054323196354344940612325      
   65828091.9383445092157743236026584901      
   28089151.0075536895816917974736283622      
   16997124.9022124358902093922529532542      
   8622700.76273160206937891868835816962      
   2543125.81145078077148938161774187983      
   1082159.83584763797051547457018419741      
   941945.452980070933284898802496769570      
   239530.789562137584868766995807383201      
  -122383.380812946758002784728101231565      
   72356.4344581462075707005657419190317      
   134310.151353511741875756378831194834      
  -45542.8327565211833141397667905899533      
  -56532.5711780562894980362660509433190      
   69149.1293557398263832006031105574267      
   37657.6889224975603187101910501123718      
  -62625.5027561032469049561795503383646      
  -44264.1964982216467059410215512741278      
