   590705.810353518625293208373444876933      
   502340.944825405773109764049244739397      
   322619.013878082850753983157684907482      
   175270.844130782507142126230273393619      
   94854.2360141923712911924842890014375      
   58243.1211740056852296616437010503237      
   32433.9052485365716422330353592836094      
   12917.4495370297948808988474746650358      
   5607.73039670300023477188200322457838      
   3875.21906287779393306240265882429126      
   1279.09650737572524706133147468990343      
  -311.210466150825319625843524110115085      
   108.061894015977239569453868342952021      
   341.496740246764575099599965966999250      
  -309.994030568194018671469488587240054      
  -494.213536189813316945486488392404602      
  -6.37349317493034258397756828993742184      
  -92.2046279621906002078813697298075383      
  -528.834305606838419377212652276938260      
  -393.464176213484323542562732890772555      
   0.00000000000000000000000000000000000      
