   19306077780.0527140349348971057796588      
   610754140.288102294055627390950563217      
   372611644.983691728627979112558393248      
   166770203.883605723791851375045492704      
   64556069.3988591619041290628800160424      
   30537389.4244684526904906858820105218      
   16686288.1055763412037267776264442712      
   7613852.73202580196749491780798583422      
   3043784.43425447933086952233554068996      
   1378512.08794812381369247031147727406      
   605891.535487221505569143320591566515      
   196019.890522642402211851099484651300      
   67127.5315000228738633638031923425528      
   44726.3118573378325565003566150943734      
   21686.0849088738650065097503125708148      
   7407.69625005036031301380253613462824      
   9698.86774996976906671826525053212617      
   6380.00453810590194496355631164529228      
   560.667182176604938765152658969223948      
   1030.19800411663281153099538596450305      
   1112.93391029563223923619024529059046      
