   647.329975629864869078226637130540992      
   574.684268055600334166136701770654763      
   423.078882452764977798391246297385756      
   289.576931743907250414816637773417859      
   191.939406237468819636399877290043273      
   114.669406863519535675936614704487079      
   61.7432708158409153933878660578586852      
   33.2704274300015529953564618355767270      
   17.9030699691108537410575139357545289      
   8.96082736293958115557491754718794300      
   4.82647566567432982333408250713955275      
   3.08070779682659582681392515622840785      
   2.00902378989524754774617472125159998      
   1.13560063885341571676212035675990068      
  0.747829663425326036396115384765901148      
  0.474249165731052458067225376159477786      
  0.192175473235790380658482512284391063      
   6.95979799471154787994512497656989271E-0002
   8.35405693141838507635694237132773328E-0002
   0.00000000000000000000000000000000000      
   0.00000000000000000000000000000000000      
