   1.71271617716354115552931818819013130      
   3.41386873639516690310420111483068433E-0002
   2.95326961781705105029760559135003307E-0002
   2.55603930709674770700230250820720428E-0002
   2.21297444350704178000973165334238571E-0002
   1.91637458490859103546451666103004152E-0002
   1.65974725407251365944962114506852893E-0002
   1.43758299429041509762180197085760651E-0002
   1.24518155735851367481565265445636785E-0002
   1.07851576584744041025172356862646087E-0002
   9.34123395600036628703788878249224095E-0003
   8.09020119503679497781457679465726910E-0003
   7.00628473513742891244614671874294812E-0003
   6.06719180264716800832932539204910279E-0003
   5.25362146408717877607168553157621188E-0003
   4.54885154273409079212301801945447046E-0003
   3.93838768226655331674144428655372606E-0003
   3.40966335418933448046645213565624048E-0003
   2.95178218751268479871388858864639672E-0003
   2.55529586524008618072343906425696926E-0003
   2.21201211639929599257286680437705018E-0003
   1.91482856653257625318732759199479604E-0003
   1.65758860917957066402183086766225880E-0003
   1.43495641683356671552391495762388748E-0003
   1.24230847104726375504449191482767463E-0003
   1.07563934382890440252186039295347960E-0003
   9.31479993142471528755665362212470653E-0004
   8.06826765227280522305036861919802568E-0004
   6.99079812630552998796252942302119014E-0004
   6.05989670368995457449350275724299664E-0004
   5.25610811728136395945343901842874790E-0004
   4.56261430342074537579288488969437177E-0004
   3.96488428947128920193320938911536229E-0004
   3.45036987113258381656431588935105807E-0004
   3.00823861244857913585123653766359482E-0004
   2.62914284125464446864677105115229794E-0004
   2.30501108191681517090817743397829863E-0004
   2.02886564700902779606706984242470167E-0004
   1.79465603998833763836257648905585459E-0004
   1.59712412814186026879756991953625246E-0004
   1.43160990052741858101960991529317081E-0004
   1.29401424607071518406822497658029039E-0004
   1.18064146280352464125039735771282188E-0004
   1.08813613634809440473392789579279000E-0004
   1.01341731200687526879908372850192333E-0004
   9.53739141708789567163229237719611477E-0005
   9.06520198469614497302111574346576208E-0005
   8.69506624037874058348908889465697217E-0005
   8.40788106688526798405460483190230722E-0005
   8.18630390326925758079241296238001720E-0005
   8.01627698395361485347948615770065690E-0005
   7.88676813287236120670649653639512622E-0005
   7.78864978953059805451662897114353592E-0005
   7.71411409921431766971678768195456946E-0005
   7.65771002661951921506217581439643434E-0005
   7.61485113669447468325069179040589461E-0005
   7.58277117212419708718888916972915690E-0005
   7.55828782682418449486343185746997511E-0005
   7.53965155364427133379030632535265673E-0005
   7.52534627330426939132758449638788359E-0005
   7.51402748655360081437826714694829289E-0005
   7.50562201976050285456249052456601762E-0005
   7.49850722278315113822706350274754477E-0005
   7.49305840568677031798492602925407066E-0005
   7.48813431166908466675537410514044737E-0005
   7.48403091185173606167632117210281151E-0005
   7.48056985637162207743436106881986074E-0005
   7.47698090956671522542193610589618080E-0005
   7.47374698380444011803419948164148117E-0005
   7.47069684689398214899585197823698311E-0005
   7.46746327691557912541049865146780135E-0005
   7.46393407553517016048223856308984470E-0005
   7.46045403334836310434868864108087612E-0005
   7.45686873969917566537005188834530199E-0005
   7.45282871665222072434089082282429310E-0005
   7.44865609525131360288409744763428970E-0005
   7.44428283287848029134189410042795186E-0005
   7.43952861099795150743573606001817368E-0005
   7.43432467228229553614386394075550492E-0005
   7.42873919544551542719977970308552266E-0005
   7.42273805940202837114904219353352342E-0005
   7.41618692852590335308676370307371440E-0005
   7.40932313182415681131691415660649315E-0005
   7.40202652232077710590363091144505722E-0005
   7.39439419834696450728311747667149464E-0005
   7.38649239185311583668715971630437046E-0005
   7.37839414311521405044840534912340009E-0005
   7.37092633049414930497919009646372976E-0005
   7.36266819522987652707080217477093880E-0005
   7.35581557110273201389984805416490657E-0005
   7.35148535476767207327651394732843184E-0005
   7.34731668974982789794968929822160655E-0005
   7.34819511967570622017624796452479941E-0005
   7.35521660949919323998022512566782690E-0005
   7.37257365297759035511903359109137725E-0005
   7.39857551122233681320275661956262137E-0005
   7.44434839733447110290232717508455018E-0005
   7.51944948842781460817555973164674507E-0005
   7.62320897214818834518265835698706037E-0005
   7.75274293178817281712416602435948540E-0005
