   535375.781071634175115063079042894258      
   449667.488724268884542633835514404430      
   298355.306899826287870263964545985251      
   173380.017331215490429552711227505485      
   100477.284467797297135582802294694542      
   56988.7226619665819490116056775915573      
   30041.7948724005128331387071499552797      
   14921.9976594145276880805319504001118      
   7365.40900560534754095460084892780756      
   3564.84119831784425613029112019674186      
   1776.97784913525241088193859320597233      
   987.493343312735818884671177815472034      
   588.639381405594403447716680348547825      
   364.058546869809043724334829491019840      
   230.987880439730504859356420690578925      
   134.702966531597110769165254786209346      
   70.5684490479463615040541733145025860      
   34.4593040615143848372845376840203635      
   12.9342855901576803790761243632160153      
   2.30986998588915475805381061468383267      
   0.00000000000000000000000000000000000      
