   80.0870047177723418327086886267961726      
   80.0823205898262514023246096669678704      
   80.0745001189507104878872312435114782      
   80.0635340301774625761259431702907911      
   80.0493916212066663381123132143323404      
   80.0319514382205320142234527935265834      
   80.0109146061480151937564137959786111      
   79.9857731537645876723398308319388699      
   79.9558476949636995630080794786304669      
   79.9203593788361690862757400325773668      
   79.8785006392006519109834246298649079      
   79.8294871311042724144853263609619585      
   79.7725877223159070690332136599412788      
   79.7071369248367989019226101964283016      
   79.6325368240766126420885958760052303      
   79.5482553036207121406474660217540336      
   79.4538253685985823075801124550053916      
   79.3488476909132119489402378098780233      
   79.2329960889516567621096715695765512      
   79.1060241208201329556707397530711910      
   78.9677704621932381291863147878191523      
   78.8181610542370456766637179075234770      
   78.6572067877984699954911362140824618      
   78.4849963944620023712217775369355308      
   78.3016850003631351753381202884045592      
   78.1074793400906359749769403018250077      
   77.9026208980458936736435958177929079      
   77.6873682783415110135866213766466699      
   77.4619799666714528524368131583739731      
   77.2266984090293964424334194570435597      
   76.9817360539045893912784705056801998      
   76.7272637319894827098686297619982983      
   76.4634015090232654317435659848809286      
   76.1902119572179778942164943555457881      
   75.9076956520307390745452988392554719      
   75.6157886101358920477104422953173002      
   75.3143613338321335608095327354882658      
   75.0032191079256296117825184962536664      
   74.6821031986567549128137013370257805      
   74.3506926228041846285383614255896714      
   74.0086061824072263296721973990991068      
   73.6554044917200365518627341248283429      
   73.2905917544518950176619356164690434      
   72.9136170785087397658514574382834647      
   72.5238751405858715500145085376230310      
   72.1207060328881419884663414664260168      
   71.7033941381458140017193177513297315      
   71.2711658863055402807830524560329395      
   70.8231862461889178432813126624119673      
   70.3585537973054823381355754421540425      
   69.8762942099347022841479403241710567      
   69.3753519342475323319380251686005112      
   68.8545798598134819647892239533534797      
   68.3127266528402584176325215987230445      
   67.7484214065102969438436691963802713      
   67.1601551451807553344899337666300920      
   66.5462585997483850539911397598670224      
   65.9048755107479627525062160434921149      
   65.2339305065345048065226577898556214      
   64.5310903313373650559499122043511281      
   63.7937168426413699437439440277568324      
   63.0188097343747011500717486876128851      
   62.2029363410294501103553928214723917      
   61.3421451023758667203596480686285813      
   60.4318582819196866261013600312914766      
   59.4667383056843028989425993391383471      
   58.4405206169327825287026728982085682      
   57.3458042672233174224991115241321619      
   56.1737896567605629725224067728247261      
   54.9139508131504035740024810035126231      
   53.5536263005721046692540599865429165      
   52.0775036496856161515125229025394066      
   50.4669424047200801729742564921701566      
   48.6989945500162772621941317391374225      
   46.7447749825687754188214235185197339      
   44.5664456249570721385168291371635468      
   42.1114772009655515559274489154363603      
   39.3018084774336529177227379484491474      
   36.0125192330711576119945217232344687      
   32.0236149142166068767913895353306056      
   26.8799490284751124977607761255315167      
   19.2413714411202786853152072184179260      
   5.18573708048249320968623255824279825E-0005
   4.83147955756928205490307935572820852E-0005
