 0.11174265202507E-03
 0.11174591996999E-03
 0.11175137666578E-03
 0.11175902954778E-03
 0.11176890140357E-03
 0.11178107881443E-03
 0.11179577284242E-03
 0.11181334151216E-03
 0.11183426401260E-03
 0.11185909103578E-03
 0.11188839596311E-03
 0.11192273917066E-03
 0.11196264763226E-03
 0.11200860675923E-03
 0.11206105954832E-03
 0.11212040828015E-03
 0.11218701538750E-03
 0.11226120196993E-03
 0.11234324411214E-03
 0.11243336824393E-03
 0.11253174715708E-03
 0.11263849810227E-03
 0.11275368387158E-03
 0.11287731716141E-03
 0.11300936797384E-03
 0.11314977343697E-03
 0.11329844922791E-03
 0.11345530174309E-03
 0.11362024023819E-03
 0.11379318830784E-03
 0.11397409425293E-03
 0.11416294006123E-03
 0.11435974888549E-03
 0.11456459103260E-03
 0.11477758857515E-03
 0.11499891876404E-03
 0.11522881646302E-03
 0.11546757584727E-03
 0.11571555161554E-03
 0.11597315996216E-03
 0.11624087954702E-03
 0.11651925269104E-03
 0.11680888701475E-03
 0.11711045773029E-03
 0.11742471079463E-03
 0.11775246713492E-03
 0.11809462816790E-03
 0.11845218285523E-03
 0.11882621656775E-03
 0.11921792207630E-03
 0.11962861304816E-03
 0.12005974051084E-03
 0.12051291285447E-03
 0.12098992008880E-03
 0.12149276326169E-03
 0.12202369019851E-03
 0.12258523905712E-03
 0.12318029164155E-03
 0.12381213902128E-03
 0.12448456282311E-03
 0.12520193668506E-03
 0.12596935391379E-03
 0.12679278955009E-03
 0.12767930809074E-03
 0.12863733243409E-03
 0.12967699579924E-03
 0.13081060729664E-03
 0.13205327486065E-03
 0.13342374858789E-03
 0.13494557706130E-03
 0.13664871690246E-03
 0.13857181998936E-03
 0.14076558947747E-03
 0.14329795829131E-03
 0.14626265858266E-03
 0.14979454589407E-03
 0.15409897925871E-03
 0.15951213669406E-03
 0.16663769451683E-03
 0.17671150377495E-03
 0.19287937032785E-03
 0.22797225142552E-03
 0.40602860715418E+01
 0.14313016503634E+02
