   25.0615347915346254604178229557199692      
   17.7611431065517797109660927829209236      
   14.5104027928113339379799330336918721      
   12.5686051708232454725030471375353490      
   11.2417004157066495453568883878243443      
   10.2611272636239829376739778173619963      
   9.49817887776300487883288751268328471      
   8.88242200235808836800608504650133732      
   8.37163208490862730735681332457122519      
   7.93874778126137625089721873682334245      
   7.56551791159868794387830373178262047      
   7.23912754661538273762437270373638072      
   6.95028062833710611391862784592811225      
   6.69204936511882194274270037526802301      
   6.45915231202023604869866459838614823      
   6.24748440463583865119060989744492637      
   6.05380141269538233468049176334678872      
   5.87550240642503637254720451374632323      
   5.71047626154898117428358263377504783      
   5.55699102302501965615351136242658624      
   5.41361254779495786716505589817799616      
   5.27914352619983063595396638041307090      
   5.15257694846302639329846687464628214      
   5.03306000524211221901307144034913746      
   4.91986567581545144267509117003801850      
   4.81237009697411374891838703422220601      
   4.71003436634414713167164618997766920      
   4.61238981028564453349267559540738191      
   4.51902600113397993370538092564967674      
   4.42958098289529497051733023342423992      
   4.34373328616626672240292185106379092      
   4.26119540017569085767553637734713304      
   4.18170843423638224505521726493674284      
   4.10503775009558827974396431685247372      
   4.03096938544376638800673598503384827      
   3.95930712017069503411619973806753685      
   3.88987006272443038801283720018243105      
   3.82249065534347140984484396036940374      
   3.75701301481098590752738727468246461      
   3.69329154030657695690804600892795221      
   3.63118973235432625725247976623513761      
   3.57057917715041086662672738881892357      
   3.51133865900744003313795939819265866      
   3.45335337054068030049830586158682627      
   3.39651419577182802837595899787886817      
   3.34071704573401703452334699968099910      
   3.28586222959107385005605474597007481      
   3.23185384686862437823552218645404141      
   3.17859918823980706502449904863186288      
   3.12600813349155502216228283923445216      
   3.07399253586862386641623499493097375      
   3.02246558197358417456401906020632231      
   2.97134111578376756048979621440744073      
   2.92053291408919429678209118736927552      
   2.86995389867848615935547305576928786      
   2.81951526777515237032225841301518407      
   2.76912552536812291623133469331753750      
   2.71868938192710167689732070776407918      
   2.66810649318948338973215722740816349      
   2.61726999477608621828616720534089028      
   2.56606477871660950118294563784080597      
   2.51436544275319017928690796824595106      
   2.46203382358198339029570949294437392      
   2.40891599990643364267021547936757835      
   2.35483861926504905813158645938537857      
   2.29960436339783186503813339187071524      
   2.24298632075723390093299348126724859      
   2.18472098363980682101843302176337122      
   2.12449953434099717529597342696355094      
   2.06195702661471439245409652848142618      
   1.99665896632542754430628211141515258      
   1.92808447960327588087803334890449766      
   1.85560420124725607447947645524685785      
   1.77844795502024670748314848868489995      
   1.69565006806678392817496952830043753      
   1.60594676108900195510065251254334589      
   1.50757990341935599008556987444483340      
   1.39792659615573077158016151891765462      
   1.27277183321741388494589991199973300      
   1.12466319057617570572163612647791465      
  0.938117131445154981639752442504399108      
  0.667297783657439570901442940821340168      
   4.06028607164175453163278869612583352      
   14.3130165037109800535105902750789189      
