   6.50714758261715726333262197897734226E-0013
   6.50714758261715726333262197897734226E-0013
   6.50714758261715726333262197897734226E-0013
   6.50714758261715726333262197897734226E-0013
   6.50714758261715726333262197897734226E-0013
   6.50714758261715726333262197897734226E-0013
   6.50714758261715726333262197897734226E-0013
   6.50714758261715726333262197897734226E-0013
   6.50714758261715726333262197897734226E-0013
   6.50714758261715726333262197897734226E-0013
   6.50714758261715726333262197897734226E-0013
   6.50714758261715726333262197897734226E-0013
   6.50714758261715726333262197897734226E-0013
   6.50714758261715726333262197897734226E-0013
   6.50714758261715726333262197897734226E-0013
   6.50714758261715726333262197897734226E-0013
   6.50714758261715726333262197897734226E-0013
   6.50714758261715726333262197897734226E-0013
   6.50714758261715726333262197897734226E-0013
   6.50714758261715726333262197897734226E-0013
   6.50714758261715726333262197897734226E-0013
   6.50714758261715726333262197897734226E-0013
   6.50714758261715726333262197897734226E-0013
   6.50714758261715726333262197897734226E-0013
   6.50714758261715726333262197897734226E-0013
   6.50714758261715726333262197897734226E-0013
   6.50714758261715726333262197897734226E-0013
   6.50714758261715726333262197897734226E-0013
   6.50714758261715726333262197897734226E-0013
   6.50714758261715726333262197897734226E-0013
   6.50714758261715726333262197897734226E-0013
   6.50714758261715726333262197897734226E-0013
   6.50714758261715726333262197897734226E-0013
   6.50714758261715726333262197897734226E-0013
   6.50714758261715726333262197897734226E-0013
   6.50714758261715726333262197897734226E-0013
   6.50714758261715726333262197897734226E-0013
   6.50714758261715726333262197897734226E-0013
   6.50714758261715726333262197897734226E-0013
   6.50714758261715726333262197897734226E-0013
   6.50714758261715726333262197897734226E-0013
   6.50714758261715726333262197897734226E-0013
   6.50714758261715726333262197897734226E-0013
   6.50714758261715726333262197897734226E-0013
   6.50714758261715726333262197897734226E-0013
   6.50714758261715726333262197897734226E-0013
   6.50714758261715726333262197897734226E-0013
   6.50714758261715726333262197897734226E-0013
   6.50714758261715726333262197897734226E-0013
   6.50714758261715726333262197897734226E-0013
   6.50714758261715726333262197897734226E-0013
   6.50714758261715726333262197897734226E-0013
   6.50714758261715726333262197897734226E-0013
   6.50714758261715726333262197897734226E-0013
   6.50714758261715726333262197897734226E-0013
   6.50714758261715726333262197897734226E-0013
   6.50714758261715726333262197897734226E-0013
   6.50714758261715726333262197897734226E-0013
   6.50714758261715726333262197897734226E-0013
   6.50714758261715726333262197897734226E-0013
   6.50714758261715726333262197897734226E-0013
   6.50714758261715726333262197897734226E-0013
   6.50714758261715726333262197897734226E-0013
   6.50714758261715726333262197897734226E-0013
   6.50714758261715726333262197897734226E-0013
   6.50714758261715726333262197897734226E-0013
   6.50714758261715726333262197897734226E-0013
   6.50714758261715726333262197897734226E-0013
   6.50714758261715726333262197897734226E-0013
   6.50714758261715726333262197897734226E-0013
   6.50714758261715726333262197897734226E-0013
   6.50714758261715726333262197897734226E-0013
   6.50714758261715726333262197897734226E-0013
   6.50714758261715726333262197897734226E-0013
   6.50714758261715726333262197897734226E-0013
   6.50714758261715726333262197897734226E-0013
   6.50714758261715726333262197897734226E-0013
   6.50714758261715726333262197897734226E-0013
   6.50714758261715726333262197897734226E-0013
   6.50714758261715726333262197897734226E-0013
   6.50714758261715726333262197897734226E-0013
   6.50714758261715726333262197897734226E-0013
   6.50714758261715726333262197897734226E-0013
   6.50714758261715726333262197897734226E-0013
   6.50714758261715726333262197897734226E-0013
   6.50714758261715726333262197897734226E-0013
   6.50714758261715726333262197897734226E-0013
   6.50714758261715726333262197897734226E-0013
   6.50714758261715726333262197897734226E-0013
   6.50714758261715726333262197897734226E-0013
   6.50714758261715726333262197897734226E-0013
   6.50714758261715726333262197897734226E-0013
   6.50714758261715726333262197897734226E-0013
   6.50714758261715726333262197897734226E-0013
   6.50714758261715726333262197897734226E-0013
   6.50714758261715726333262197897734226E-0013
