   1.09521742116887504537220831962140502E-0002
   4.56148333980147106224192662799126152E-0002
   4.89844697538296936185515489540503411E-0002
   5.26044104299288376799229303067499570E-0002
   5.64930461642546178223087924088015005E-0002
   6.06700927094538263285889896542913439E-0002
   6.51566846025431424154909778546600861E-0002
   6.99754750542000297307115387102767671E-0002
   7.51507423449792167988044500391765777E-0002
   8.07085031354669413907275402929597694E-0002
   8.66766331160236924831174648990969419E-0002
   9.30849954399758957274975427328412907E-0002
   9.99655774022879029151091683639243837E-0002
  0.107352635844088411398561594934072390      
  0.115282851782026649325946529769915698      
  0.123795494780299000700237106590747782      
  0.132932597602268270273218469721452717      
  0.142739141697815337713656841676810992      
  0.153263254101815876456746752756076109      
  0.164556416338312171188938655662833528      
  0.176673685943937730071883152786080274      
  0.189673931242834647600455014643363172      
  0.203620080023571123417687535672431933      
  0.218579382786315557080778097684035712      
  0.234623691245662303261379372846434146      
  0.251829752790954928360365841091443725      
  0.270279521621670736756273851234840355      
  0.290060487290250788102889612762196497      
  0.311266021399193151449106277197570030      
  0.333995743212088087964850329185256683      
  0.358355904951454991292057264025818266      
  0.384459797568025698114199396229138059      
  0.412428177777904034218087679625835363      
  0.442389717175525411719980286780142696      
  0.474481474241967533427794503535039964      
  0.508849390080314208752039820500909866      
  0.545648808722898723712747152350108083      
  0.585045022869928909423105138790192691      
  0.627213845935889296006601969275104204      
  0.672342211300003030433411232130178525      
  0.720628799680816578401769032241574939      
  0.772284695583652065086712755313707277      
  0.827534073804391822749991176503047202      
  0.886614917015170216274880260556870776      
  0.949779765508015477122923099506751472      
   1.01729650023395550280263514220475515      
   1.08944916034724952975257929766365256      
   1.16653879655129419477855655341323219      
   1.24888436164432616876633447654227665      
   1.33682363978241670111812519599744873      
   1.43071421611569533592179079515553268      
   1.53093448861409044362263984489799754      
   1.63788472408249433770805490104640316      
   1.75198816057484158153054167091264608      
   1.87369215865415219491918937709217874      
   2.00346940421264268407155082966938394      
   2.14181916586642546422231574757539091      
   2.28926861027149371608209560470734961      
   2.44637417907805786878499520994471967      
   2.61372303164577630766725309273944284      
   2.79193455808756441189381846914057129      
   2.98166196769339898983718464649867171      
   3.18359395830930855529015162365333847      
   3.39845647280991732237181401405558489      
   3.62701454940523201975993509760026912      
   3.87007427316282171082712967914710286      
   4.12848483680411435130907555689530390      
   4.40314071954681136597160279844227199      
   4.69498399351630103698232548885533961      
   5.00500676803848783058087493910201744      
   5.33425378296566229546672169128408097      
   5.68382516309188708504519629454043358      
   6.05487934671888169587280064410987130      
   6.44863620259301542664057731076231967      
   6.86638035083593639176470849810672497      
   7.30946470526619581229552660096386394      
   7.77931425683612178489764885481367339      
   8.27743012100820138823844056778647109      
   8.80539387600212331401715212267561991      
   9.36487222410793605480488435964592867      
   9.95762201456777638253931896819451165      
   10.5854956731646060252794606348664369      
   11.2504470888197728503684463330772896      
   11.9545380077580482886902491325388212      
   12.6999449758632575896451810750251467      
   13.4889668435741103363110313302932354      
   14.3240328015404131486196421151114939      
   15.2077108551607266420973027546263970      
   16.1427165949795696463231990697068838      
   17.1319221174950881870469713300770804      
   18.1783650332673829129396994025836469      
   19.2852576583745311889450118468290979      
   20.4559966447093474256980040106098605      
   21.6941733624608984840256524846392622      
   23.0035852774569171843859686871533699      
   24.3882484610990564057957591659386190      
