   648.210387228796162136084479655613567      
   575.549889101659940908930064367761550      
   424.853216901799367278217883416956766      
   289.945257113557342551121864259412647      
   192.424085098592870941069912646614261      
   116.313333466448177544214239779477210      
   62.5250624104710264166815238397458981      
   33.6644443875800202554893324139431288      
   19.1558300000241461939312090119476521      
   9.62399975079091661843639982297233962      
   5.44744441224584679775020285492241826      
   3.85940105420268539715282609708217009      
   2.69256522830044485688875684923809512      
   1.50990147185288364525293804746109603      
   1.43297885211609566926248955350141378      
  0.840006980300387066874012505548546428      
  0.533725288409160561263052144787180889      
  0.326663333928215037207666489291305216      
  0.391517285124346687798208327420862978      
   0.00000000000000000000000000000000000      
   0.00000000000000000000000000000000000      
