   625.270985129347636955800288959188881      
   553.890766437190323791115233410749621      
   402.276532513697697973070094331821526      
   267.574888526193476893110330213044631      
   167.716141271695892478600602552276405      
   99.9428933629400024108613576342779567      
   40.2359111666901009146649643154158737      
   11.5339288871282790133561674772743638      
  0.891398486553841434914368564958307685      
  -5.64251564083117954911127667136332212      
  -14.9281048786309721175322734610056665      
  -11.7976434728988192644143192821658395      
  -11.1838095224602848220060081442214390      
  -10.8493796119473783910167761997593457      
  -12.4673890434225890553439338905545334      
  -9.19893285863094447066596699638405246      
  -6.74933527191809643275371360139493342      
  -5.96411652146198806033190917686648639      
  -7.83589015894504273104065139774256079      
   0.00000000000000000000000000000000000      
   0.00000000000000000000000000000000000      
