   1.98437555808187867361216142453008146E-0002
   1.00186792456089537827884183350955379      
   1.01536207600185675731606333972642538      
   1.02903713012733820422799298242939594      
   1.04289557727816928090241470475266017      
   1.05693994009236321477235184126779672      
   1.07117277396917060026857250531804813      
   1.08559666753865836774307546100843528      
   1.10021424313690230862118717789860016      
   1.11502815728688214477024299578901918      
   1.13004110118516883436244187561502308      
   1.14525580119449451722382420648342129      
   1.16067501934229622095645436369913262      
   1.17630155382532517596398992437378808      
   1.19213823952041432370117610109175338      
   1.20818794850149734865283678126167408      
   1.22445359056297332123885346773700959      
   1.24093811374951180642820680626761692      
   1.25764450489239407160513428306813901      
   1.27457579015248681734400331018536032      
   1.29173503556994565630575831291173351      
   1.30912534762074637847416203687191137      
   1.32674987378014286533876884033082289      
   1.34461180309315135126788594873266267      
   1.36271436675216157700054805501999154      
   1.38106083868177623766783072862828626      
   1.39965453613098099571965422814787828      
   1.41849882027274820722666026969950592      
   1.43759709681117839783919648760887760      
   1.45695281659628442176791330889189324      
   1.47656947624652414300717008480032550      
   1.49645061877918839211927231921171060      
   1.51659983424875187365860001501626265      
   1.53702076039329562812464679435820617      
   1.55771708328911058753871527567898754      
   1.57869253801359270464712622441317686      
   1.59995090931654108163259308619934710      
   1.62149603229997147429409194584461425      
   1.64333179310655850112233487797263936      
   1.66546212961682084270100572375003772      
   1.68789103215516467450850356336773611      
   1.71062254420490153454372640742039947      
   1.73366076313236810446811575119012674      
   1.75700984092020392884324086642622518      
   1.78067398491006181569365850742994307      
   1.80465745855466278213797064280029677      
   1.82896458217947307917223534773200714      
   1.85359973375406239667318402590582861      
   1.87856734967327658752761902631839841      
   1.90387192554834867619351003454446943      
   1.92951801700807283141049328426142128      
   1.95551024051016688569784071300356940      
   1.98185327416294987414904415604093909      
   2.00855185855746194022254170352697411      
   2.03561079761015481502867748408963153      
   2.06303495941628191723296955578587901      
   2.09082927711411794125861167306614674      
   2.11899874976013860001021995456664565      
   2.14754844321529196279476120742010923      
   2.17648349104249357732361621656505627      
   2.20580909541547828437653098891228163      
   2.23553052803914232251880175370403222      
   2.26565313108150997569720134682558555      
   2.29618231811745963598667376044410494      
   2.32712357508434473448040313212299443      
   2.35848246124964553243933665437499765      
   2.39026461019078809752940496302956161      
   2.42247573078726811602924360321396586      
   2.45512160822521570708979027422178817      
   2.48820810501453962194480049519057009      
   2.52174116201878887292757091877666501      
   2.55572679949786967980614070579057560      
   2.59017111816375615159034737348217272      
   2.62508030024933311736667001139588379      
   2.66046061059050952977512578457874173      
   2.69631839772174079559241267900135049      
   2.73266009498509823474071395551024584      
   2.76949222165302362696885935684288038      
   2.80682138406490646952455783775557201      
   2.84465427677761681051589949072174666      
   2.88299768373014019979884089486043504      
   2.92185847942253439822409837162686397      
   2.96124363010884429460163121593520467      
   3.00116019500535945418176072697289018      
   3.04161532751247009790274964139433708      
   3.08261627645214614298504126898470052      
   3.12417038731980896961992349052446609      
   3.16628510355150865393347269976295123      
   3.20896796780602683107872893238487141      
   3.25222662326242896879892321704958366      
   3.29606881493299895752835719952242455      
   3.34050239099162752587202906635267189      
   3.38553530411791349169757980523346364      
   3.43117561285699757201216204630366990      
   3.47743148299528164138056925749494154      
   3.52431118895213176917953388020827185      
   3.57182311518767714556874104316810321      
   3.61997575762680781136841146675355278      
   3.66877772509947071443890087906407558      
   3.71823774079736019974251939613436520      
   3.76836464374709435434337944041432127      
   3.81916739029996385290851143320344945      
   3.87065505563833483535589147672357738      
   3.92283683529878187884175824975021583      
   3.97572204671202128315890958803723616      
   4.02932013075970865283894156362357947      
   4.08364065334815811092653281210351343      
   4.13869330699903327958614186286251277      
   4.19448791245705330815510405811490651      
   4.25103442031474757699942797031243014      
   4.30834291265428627205494558723729336      
   4.36642360470640136917961556210890523      
   4.42528684652641855772883758627371558      
   4.48494312468736720646311024311575693      
   4.54540306399018712454379904060134383      
   4.60667742919099793376904522410255214      
   4.66877712674538260654645418374480743      
   4.73171320656964806249120175703591073      
   4.79549686381899233891866224347527738      
   4.86013944068250465819444024581376921      
   4.92565242819490518867315197158996643      
   4.99204746806491431590630105754211230      
   5.05933635452012699859539554031452792      
   5.12753103616824849903860815123866591      
   5.19664361787452940955868041703693308      
   5.26668636265521805453979669347276704      
   5.33767169358683730370210047399061476      
   5.40961219573098762695984396547448277      
   5.48252061807466226982686526497415326      
   5.55640987548539915155180015901371471      
   5.63129305068134467665338405399960478      
   5.70718339621577255974951092413283600      
   5.78409433647569128149577933196033820      
   5.86203946969402607498971161799633363      
   5.94103256997527642961056896964282029      
   6.02108758933392487484455229424700956      
   6.10221865974521918953883676034050917      
   6.18444009520780372139523540691827303      
   6.26776639381763093133674117885016582      
   6.35221223985256475633322547032711384      
   6.43779250586701816507100607229125051      
   6.52452225479596368126982403079176205      
   6.61241674206752512153464444433692161      
   6.70149141772348600819665080527221396      
   6.79176192854679746300214010513221462      
   6.88324412019510578804853973274412729      
   6.97595403933954419641749064578645361      
   7.06990793580774128077367155492292894      
   7.16512226472987956244459022104431069      
   7.26161368868665905095581990176395768      
   7.35939907985817218727357546933267223      
   7.45849552217218954454523056035052153      
   7.55892031345061893720432468081971735      
   7.66069096755269333879406985509877060      
   7.76382521651334820377680913049815309      
   7.86834101267522681855072916799246274      
   7.97425653081260286082659888017079489      
   8.08159017024542062324422447026606648      
   8.19036055694159189786560742923981550      
   8.30058654560554127266491871083686326      
   8.41228722175089881602480641579935506      
   8.52548190375511428013193807816988420      
   8.64019014489366390012100949884613733      
   8.75643173535136081264659062911792928      
   8.87422670420820260979712881198830830      
   8.99359532139696132981348506231521838      
   9.11455809962968721144288312849355218      
   9.23713579629000235821727991635264302      
   9.36134941528810334718070354710716984      
   9.48722020887493913793063857509554052      
   9.61476967941216417400145026725350779      
   9.74401958109404417573080726785852759      
   9.87499192161740564829531487516185902      
   10.0077089637954813252481173953682360      
   10.1421932271114149618932482095882813      
   10.2784674892066397914388773707673043      
   10.4165547872995648649980283614840866      
   10.5564784195293875513551119441919160      
   10.6982619462198222739302819888792154      
   10.8419291910571113715418443447721637      
   10.9875042421765515042178600067843511      
   11.1350114531514205509777492297297478      
   11.2844754438778743266086442477550076      
   11.4359211013491159867012700911016688      
   11.5893735803117958642209734747592811      
   11.7448583037973291020549851435091110      
   11.9024009635203516868183270519959387      
   12.0620275201364256029342502491478891      
   12.2237642033504044454541894147223829      
   12.3876375118668895067541482106581712      
   12.5536742131735570272897446486863702      
   12.7219013431478677609680208758326186      
   12.8923462054773075832766903339712296      
   13.0650363708829261600773645837554625      
   13.2399996761354378494863503742531134      
   13.4172642228530094191050859578873045      
   13.5968583760692395641276260898528488      
   13.7788107625596425079069067230657789      
   13.9631502689144684388736691791522176      
   14.1499060393454176904905512885184210      
   14.3391074732135386906085507730112727      
   14.5307842222650309962806727800717600      
   14.7249661875617546198471735334441358      
   14.9216835160926537803033203092814502      
   15.1209665970522713159364417308935640      
   15.3228460577722369704977290462462435      
   15.5273527592913608048330459501201484      
   15.7345177915500999164844992566149093      
   15.9443724681946044555778565895952307      
   16.1569483209759519191738524197957468      
   16.3722770937297402844691907886343799      
   16.5903907359214534598502521940416463      
   16.8113213957427886991122230582616819      
   17.0351014127443912483698824419666303      
   17.2617633099902291896235316254855885      
   17.4913397857189747366711872490668059      
   17.7238637044977200123945503579731156      
   17.9593680878532802855822867218704596      
   18.1978861043661966867322803780876088      
   18.4394510592124000367234449253222066      
   18.6840963831370948227368572539341866      
   18.9318556208449423657321208946932614      
   19.1827624187900469463162241647122359      
   19.4368505123481964248973668528378615      
   19.6941537123527841881813568008914603      
   19.9547058909742764113354136162284721      
   20.2185409669213127685232127947328473      
   20.4856928899392047785363825560412734      
   20.7561956245790533068197356957895166      
   21.0300831332073417948139828677443790      
   21.3073893582223135914765428813751799      
   21.5881482034390370939021040673890177      
   21.8723935146002541130832526223692866      
   22.1601590589645523701642643466226030      
   22.4514785039173131112503193346291019      
   22.7463853945431205499895990475569417      
   23.0449131300909868262325972642014619      
   23.3470949392558545665438011749383324      
   23.6529638541914539943903926844028440      
   23.9625526831608377349658519975801318      
   24.2758939817218190993099007049708651      
   24.5930200223354062886977089558231651      
   24.9139627622761291488628277528837241      
   25.2387538097142867134176888392452139      
   25.5674243878318015816585715915257831      
   25.9000052968256824951699337228603726      
   26.2365268736467242251961418896177413      
   26.5770189493159732224766946764871695      
   26.9215108036583365068234805865272844      
   27.2700311172919044348667990614112905      
   27.6226079207132606158006581182126820      
   27.9792685403242593797612412744058778      
   28.3400395412543563456697730740006433      
   28.7049466668455824404431652094285367      
   29.0740147746847982277114693967058640      
   29.4472677690906148481005776635803089      
   29.8247285299905886719665660081899513      
   30.2064188381585270297272770853245917      
   30.5923592968220252763906600441974855      
   30.9825692496970330700159954304671983      
   31.3770666955591766346620019615680449      
   31.7758681995205713473140468245511528      
   32.1789888012456058347868181394757462      
   32.5864419204087889574890618936409259      
   32.9982392597714507839907993419086394      
   33.4143907063304445380008866570226718      
   33.8349042310694085056744138067097952      
   34.2597857879196821293206353192639498      
   34.6890392126113142943802220945655963      
   35.1226661221622310159912354752615437      
   35.5606658158127698673496932987745825      
   36.0030351782605838276341569600196366      
   36.4497685860845132827632270225069676      
   36.9008578182627237307092681342502971      
   37.3562919716878487868315959260247430      
   37.8160573825582106234042653818222496      
   38.2801375544782547085782448505854889      
   38.7485130940328261251408067350736995      
   39.2211616545095298621713501300657362      
   39.6980578883329239061834615204475816      
   40.1791734086465831315662124639850348      
   40.6644767603380768434663859465035830      
   41.1539334006524888532560527408906792      
   41.6475056893878645788455361454745161      
   42.1451528885168713745199943799525519      
   42.6468311709390948582950758364557103      
   43.1524936379434881818469885918499091      
   43.6620903448555876953850287046138566      
   44.1755683342631137394215190122167160      
   44.6928716761589660020938391707246524      
   45.2139415143132108870378275372487595      
   45.7387161181843107964256813273785924      
   46.2671309397015922713037933647070551      
   46.7991186742908279868204600891227911      
   47.3346093255661341872424487716941501      
   47.8735302731658811163095044383497743      
   48.4158063432583590910403348134288186      
   48.9613598812738281589462188892112319      
   49.5101108264218047069383476285404010      
   50.0619767875138482524675153765085808      
