   19325760812.3133265648347978291422057      
   601507188.317787703395202173278494161      
   369857588.739024258476812953755142439      
   170161614.206652898577992762040289006      
   65098037.3290652476769177806429515483      
   28876896.9986147713033577106430470887      
   17022815.8593961926387048935952640527      
   8191300.70256870661187708101372041237      
   2690113.95987964550975500814529169227      
   1266970.83429357373516283214405947832      
   801106.830269980549592211115262526141      
   171511.224773961975258450000826241119      
  -14049.7982237687290611980575754939239      
   88709.2962074120011843826277894019071      
   47549.5534193294837950887104686196790      
  -28572.3544859964319181716580645783379      
   9758.59743401762984368364126827420546      
   31322.0790343654455556908992836916373      
  -13995.0616998195082322450638662494723      
  -5915.66796421406472525034481622837225      
   11528.5222716151913485164430361193625      
