   590288.548996923162844765317221055940      
   503292.702779055254468534247679117315      
   322952.058811246899805171747954547384      
   174530.352549403590785952707516014042      
   96069.9492928237159666613173843156240      
   58800.4623398320819976689709255826229      
   31899.1213264664873324064032382547316      
   13406.2385815242540656993132491711475      
   6415.10500413315778661106087849009305      
   3841.37186062143650255443904209977243      
   1347.23452048459292812950975518028039      
   280.887729760831040537534161875200745      
   508.736730923739171286536329035964974      
   355.826467509034777592087348996034960      
  -3.81536838389660358933618323137581453      
   59.9701774507915350605758255237281503      
   186.663194517702436353865354479159593      
  -9.42507351687324877065503889280744559      
  -49.9848686206520325359420009948316789      
   102.517464068322825594829828888006823      
   0.00000000000000000000000000000000000      
