   647.576838614050012714125948565791796      
   572.778449257024014696004552444665383      
   423.354370420556039271480300574254707      
   290.917493780099835209464331620836996      
   191.153074377454009994772288250233924      
   114.065881768028035347200343951970266      
   62.0500432514174315416930324364968785      
   33.3503255510057680895798281438503071      
   17.5663086402840354502309946708059203      
   8.85007504166587208894795427084838902      
   4.86869445571158008645990408250173436      
   3.01147759311335272557820423486948454      
   1.81713504349716354993527476162344967      
   1.15373220321626420976858496858194453      
  0.701188426214093591687223678101946046      
  0.362823215896950106961343638062373115      
  0.164931137469103856368936421548999970      
   6.96386640982773558743872528582903952E-0002
  -4.42632773441981189987988369626548862E-0003
   0.00000000000000000000000000000000000      
   0.00000000000000000000000000000000000      
