   625.987917584815645365695845521357631      
   563.411020001068161785415894143959788      
   426.550406783336900734058858752080299      
   298.097046845046013548988729944582322      
   195.370663459665441792345391329507565      
   119.405329599586588296897177227405805      
   68.7907772076989139136885224407673317      
   39.2717547075293937447282821666455942      
   22.3727080555423539282891017629298928      
   13.0800070727957211132924666249147729      
   8.11203065398117677298076535044828705      
   5.18674892905085798083841199032878993      
   3.28255594412928578328034520133134543      
   2.04366393060405171959979624613948747      
   1.18114438525022413154006396654549904      
  0.606562651478155159926677278257420810      
  0.280237500418864292508018008887923629      
  0.105140936382431811855848487952654391      
   2.01735040258955886956901855781495537E-0002
   0.00000000000000000000000000000000000      
   0.00000000000000000000000000000000000      
