   25.0615347915346254604178300866609768      
   17.7611431065524409326350910467043362      
   14.5104027963951684596715145146305534      
   12.5686054530267507379777551864494737      
   11.2417043966638777922687167729305658      
   10.2611507743025981236677929297118377      
   9.49826290088298043291850947978842446      
   8.88264091184682800027273020759128787      
   8.37209362133339410628426405656454190      
   7.93958654524116787022960627708403044      
   7.56688604907644148894356273055258404      
   7.24118559144998599074899467151501335      
   6.95319008739343881893082896405664590      
   6.69596750150214155074496909763038337      
   6.46422889761785585707792491319794068      
   6.25385990955898643829541668448230201      
   6.06160606206089163068979241213440610      
   5.88485565201918384624044029009441681      
   5.72148639171193356283794502456036959      
   5.56975480009013212389828679448537810      
   5.42821488168102736265644652357489268      
   5.29565725568166819757271595275432625      
   5.17106281639157984075346195351796348      
   5.05356689652126538261650632105814653      
   4.94243115375475152726309796714049365      
   4.83702123775823160813350843873822499      
   4.73678886108585034353937030190589820      
   4.64125728337998333422794813153949513      
   4.55000948306636079781427973582031088      
   4.46267847393082628892251830718856553      
   4.37893935218962318722838718291954515      
   4.29850275092622145738418955003020317      
   4.22110944515481601293540497344638264      
   4.14652590033170060528132131351660361      
   4.07454059517150697905667086497876223      
   4.00496097959496190359253655607515573      
   3.93761095278553524722319722816181876      
   3.87232876612992417876929613417987840      
   3.80896527223405892215495431734357805      
   3.74738245490809260060632512353195518      
   3.68745218647806448719296862439651367      
   3.62905516836946225602114965181060120      
   3.57208001890557176041687132020235918      
   3.51642247890836695037639441803204353      
   3.46198471118278289129306390234292537      
   3.40867467447912693754303416778240155      
   3.35640555621181659070756545372735016      
   3.30509525119330015486754102025447397      
   3.25466587602885257792356782683710122      
   3.20504331070297349561083491165706029      
   3.15615676034814977193309820728739243      
   3.10793833128491210498559741477496382      
   3.06032261620921272366437232855653344      
   3.01324628391880967093802599711563435      
   2.96664766924384923685316972855666635      
   2.92046635889771281959167210228670943      
   2.87464276880231201620826476433142694      
   2.82911770806732717016046807174115665      
   2.78383192420459705793164812069273617      
   2.73872562331394502411824688536582513      
   2.69373795784758229358060268572531577      
   2.64880647309138110708754440812644306      
   2.60386650161448501222600553724716118      
   2.55885049252626270734854397272703567      
   2.51368725929496883646006859916403782      
   2.46830112592735611000760678166076348      
   2.42261094621456624737590509889852962      
   2.37652896415310975462146587217113608      
   2.32995947505498176306466848387678255      
   2.28279723558678351956196943739789404      
   2.23492555607793970598363818082229161      
   2.18621398857261539745230960861095871      
   2.13651549731949970112111646053581282      
   2.08566296174481828488119243141212555      
   2.03346481070747474077687909763818133      
   1.97969951288295329462450265349683406      
   1.92410853652404667559845697958968682      
   1.86638721328004274632269901625934425      
   1.80617263516696704559505105486032253      
   1.74302715607419164773292832617271887      
   1.67641500099383971197941811165679158      
   1.60566738824501894785770586207014923      
   1.52992742667597940290305328635686820      
   1.44805783402679051895129144933958943      
   1.35847762858614067379089063696958515      
   1.25885541717057139356275481587297674      
   1.14548294706812951791821176227993089      
   1.01180826206488447137271031682962960      
  0.844103903880207788373863528637621592      
  0.601221684111259755146212143779128691      
   3.47750557566052539538612801924057122      
   12.6372540412066716388777149472279214      
   19.9270276505716792529325118232529129      
