   1776.30393926001814025451691164255316      
   1688.91009223787212919408102656474495      
   1500.95948858527158594448120015815869      
   1280.27463827688691722553883522820189      
   1038.53459422487713658080750904463591      
   809.915894661641639007729355889080675      
   610.596606531657204687644433418081352      
   444.448925417907312149447805950579704      
   314.053529364726006950051237750913241      
   215.525642688160629057437457265271046      
   143.380569119904354396061835612716282      
   92.1230874458105002711696206593350721      
   56.3447869912683981099537610260873009      
   31.7644163043891545659381812029783423      
   15.1439494888572921742812616812320155      
   4.09666064063152618857516265272938167      
  -2.98807537806937006825116704420304176      
  -7.26344762848333405661797122029220703      
  -9.52921730827061217530885186055344659      
  -10.3955230989990469946180138645543968      
  -10.3129467143511653248937531505750994      
  -9.65122216955558934046775597225618231      
  -8.67014068186398059807385368275736857      
  -7.57733356872680194240749443399430855      
  -6.48982495972304047415491609076070677      
  -5.49262403828578188074594232077391625      
  -4.60693672823137936195005640051885264      
  -3.84813187000021826118575634701138615      
  -3.19545156074622042169462909950423124      
  -2.64244934711375133284247501626859838      
  -2.16369057723772555272334041750336126      
  -1.75523122921620154452173293362006852      
  -1.39978431884307898443982100638820443      
  -1.09940497946423563377206871287716400      
 -0.842977172396267333551394582154658262      
 -0.633937546162442882995432776441177730      
 -0.462704494381398134992303131123302335      
 -0.330647102550657427707941974685653559      
 -0.228021920312790726535758437491932748      
 -0.154009522406296219910209726511933601      
  -9.95847134663485937171109324464547239E-0002
  -6.31838237142448264696644693345650612E-0002
  -3.77848875719160210500677227659038342E-0002
  -2.22010771639572385075118724397379509E-0002
  -1.18567994345647060654489508257954866E-0002
  -6.17777820575388407022979183089210444E-0003
  -2.65136503812754521696838959889981811E-0003
  -1.05133559761559656325554429553073961E-0003
  -2.12868230131404911548980576575955377E-0004
   0.00000000000000000000000000000000000      
   0.00000000000000000000000000000000000      
