   647.198210937863157022732406476164352      
   572.761759423668086186354514026735066      
   422.415084144760905910299244919146182      
   291.431879602832787884329331215012066      
   191.098317543379245965767073498472138      
   113.484254370726408220988313330806906      
   62.2046675829039537163988255856609696      
   33.1044219640810084598451289271353492      
   17.4586352361418479897325931629868014      
   8.73892105401018350371083066268379384      
   4.70198877080491494083407823396107891      
   2.96857895630614609378553298526999313      
   1.66832941058002964595988829239204394      
   1.07543374910518099913141553498024587      
  0.648027407178812041418225677552658398      
  0.242626543455436015234368989078941479      
  0.161007676647430713274052716700950538      
  -2.92612058505334855335505936072547669E-0003
  -3.60309542236313873448742766765521735E-0002
   0.00000000000000000000000000000000000      
   0.00000000000000000000000000000000000      
