   19286123543.3863115155056042887715266      
   620959171.681613875640564604255162488      
   372518067.515854598318873397791287819      
   165008419.170636426371310171869902197      
   64885699.8371608396349160200371965640      
   30893208.7789899106416933898383652891      
   16509549.1111128981715857901063145659      
   7582994.81357445521681799694381062257      
   3085327.15264896470065396839806726341      
   1379598.18028528228618034090595745980      
   599643.079209023804405342612367376326      
   188264.425735058455760336537340192031      
   77066.5829658598879850983345804452986      
   44312.0071156356915831178665268315317      
   14599.4244913731023477605746247073286      
   13785.3425218006004390393210416463001      
   8851.56989825594828723451693350742906      
   2912.00670885671350392692017428187890      
   4036.47509026130037429504355087646043      
   792.530693995036028481453829730361357      
  -962.200057436653280578519489560115932      
