   595051.601230114271999370890734893919      
   504728.679419934958518631368627008673      
   319069.750726278498936543338955242524      
   173601.502255775109304846224956821664      
   99058.5318715615899427268250641940408      
   58249.1414358450822908506916845755695      
   30406.9599739500953467216930105189513      
   14223.6766549864034475869524477372856      
   6815.41898630419289848060699453867966      
   3253.62697500053103078232447095377673      
   1297.02424148592174654047379412117597      
   588.547442042189328894438903504118815      
   376.620894935909632992544536040109648      
   177.524317301583854531419493144403620      
   120.597346849044496781180606414810056      
   86.6827361540367625255046600232000373      
   28.6948521889874958795413821631888686      
   23.7391138815264032447977417175596863      
   6.69210630777897658865110606497027527      
  -8.55233064295715822500921228379886996      
   0.00000000000000000000000000000000000      
