   647.089076626604572582706367608299227      
   573.820609880656911307150744477317807      
   422.765219106633479907759092662962037      
   290.203053679520467808001109850435653      
   191.296549432266667501297459387199874      
   114.098997018966530132042309736312902      
   61.8540129081664846327403667548097204      
   33.0137704217662758741177950415957044      
   17.6025744259865627958031813618492793      
   8.78116958157359001285341461656928917      
   4.58806652598443867267388347803417282      
   3.01661739719171558378464219825295226      
   1.71072347600040195363440439423625926      
   1.00797262420019754115773800603903463      
  0.685027420480139683008425100513038557      
  0.257589132695031783408169788346883020      
  0.107142512786561266171727367025038271      
   5.35368504622318127092088485197622045E-0002
  -7.22196809849715583445222370631904602E-0002
   0.00000000000000000000000000000000000      
   0.00000000000000000000000000000000000      
