   601722.851293630360266334043061475237      
   410702.407351668657380211032798700309      
   179617.935144678804340707695870834533      
   132122.410144752357174792984787676898      
   96017.7343964274157917326434905496861      
   48186.2766545718968156246200750843288      
   30094.7026414569152871616793003729033      
   14667.5333808347238786564961089939686      
   6085.25743459778197523206375078175821      
   3052.39868709395585888448446457436826      
   488.867668608974172347411890214572287      
   278.180326396442572221651281646905788      
   60.4698975955409222547087492613444459      
   22.2181839156345391097492265272001718      
   164.944739485834468315115760612304582      
   64.6617248274024526937119862047679149      
   106.216021875585687844360160201352592      
   42.6713983914653878476131359013147194      
   26.2336650962296191909581857680225557      
   11.5501415769329268345693091243330763      
   0.00000000000000000000000000000000000      
