   24440066774.1883402151476532157322204      
   3264211139.41010358173040611878798346      
   1192521926.68918803852368435285072165      
   372732901.135497539191852465745340001      
   333978295.851144022994290186021881078      
   263385082.578603423295614140157599904      
   181168528.729059132835334050512082236      
   136893672.867030021229893048973133337      
   94240697.6306465846697809801659106199      
   64516161.4013311692908909581962921231      
   43134628.4998871275678754579050818426      
   26995061.5430950445927387386183248007      
   16889958.2119185426105589091106867285      
   9921480.17190045577930017807045314232      
   5760550.54128924684033815855637795397      
   3330978.83981701659212476287406444173      
   1897814.59237413090238638630448247426      
   1180456.04245751532931150348052296912      
   740218.423614017802869055938704231577      
   498076.670087027803308199057043508721      
   326845.715098790831504837632088839575      
   193968.626841209636190666964655452754      
   97949.7182798070595689359141799138996      
   22622.9724914610294379198888664426199      
  -20437.0315877083804030540549816176283      
  -42006.9773382706852319949882274950430      
  -43420.3962294653629284988175611987774      
  -33296.1131263208364338083674630350795      
  -18502.0969764242729590248905160300113      
  -3711.32985317739969886076831951345826      
   6628.38254260622036696624515416790805      
   12412.8235094419029702199399044412472      
   13052.9967733847055376119450481405965      
   10697.4616970559462226137650733820538      
   6622.95351166273796608735501844569498      
   2481.00056795896130148708010757152460      
  -580.872470833192048518708039862108803      
  -2388.01358654459577842761743054072782      
  -2648.64594660333270319711351849423169      
  -2014.99536705407917064065241759564451      
  -786.496712858492619789498036477686543      
   502.599946275774607160241884040368048      
   1485.46707115197036236318552704812875      
   2099.56627184295880713599721477604043      
   2207.87606497494014506446495551820442      
   2006.94832091517642286468274550219755      
   1587.47784131948798995235178524177222      
   1085.91877348870446962252087287779327      
   662.050868318063948329894987391434333      
   331.924484171109565451158351705808930      
   96.8123726350022557776922234130594425      
