   24441364760.8221847427281619537683810      
   3263109566.21831011727597212236523113      
   1193199758.02985302984923066510674260      
   372448994.820857360795566267500723698      
   334022961.290942616472647962732981455      
   263433825.235406130146141324857686092      
   181111917.086047330209023513439706714      
   136927191.368645360281053362981300180      
   94230859.1482213828850070676907416068      
   64512146.7188602571624041426105491531      
   43142958.1144071243452851392597013493      
   26988017.4509407840924738617763627253      
   16893793.5146148179068505555376197160      
   9920515.42373964235925118853364527478      
   5759814.46388811272785923156469149770      
   3332287.58851431553178382962606561530      
   1896661.41917053361307890430403707950      
   1181163.73113274222535243280216793136      
   739955.072109899383120787018730582475      
   498041.852677698156476124630430423104      
   327014.300999334714182412950266920294      
   193788.226732681875035871881017196101      
   98077.6090934106126362764390126347282      
   22561.1652003957755979433673238478216      
  -20428.8916024848727701508846394879752      
  -41984.8635138407318185281914605841800      
  -43452.6787340746208618752710988994862      
  -33266.3371651841051149639874027414106      
  -18523.7041532851367857082093716939151      
  -3697.81369613630531084314727843702301      
   6621.25021382838955997845392685721554      
   12416.1405994007844141513525910792842      
   13051.8209149329126120530610855446349      
   10697.4570994504223522115417107163760      
   6623.55018385063072118659748493188143      
   2479.99064566592636566316851338813086      
  -579.867339677765354358307060797001261      
  -2388.75267921018264096899890118628566      
  -2648.49505918512144168477524080039773      
  -2014.41246357815387861285959710813095      
  -787.723005137808963176806930552005532      
   504.269458370330567170289375488928745      
   1483.74033816521171180352662503978414      
   2101.04178057460618307047164652217581      
   2206.90597182347739376345040978734007      
   2007.34489196724105634432875927058925      
   1587.52996179081356258656838506544081      
   1085.65183185198929068136399370163427      
   662.168915181274482908815595976032118      
   332.268910307111129419775482019160522      
   95.7353206707096329753354116829446064      
