   19330301534.2901861165901273338790524      
   598663888.648508603443519235059923892      
   369951573.812944036015678620740230572      
   170816345.401138480123694121201818006      
   65271580.8687842868292743652922055659      
   28324937.5768137463940743028122729096      
   17072669.9225640550820731858012441454      
   8556134.46110484278455959342847369872      
   2492494.05095444492169584196714974482      
   1147335.95470568294065093870708564468      
   943617.255611206812302703552588518925      
   200856.682123579066872942770818531749      
  -105264.760106508681805103307879379406      
   84282.1538187639449586191585290790705      
   124719.801499580051872077246618579569      
  -54383.6893344071739820994505437858022      
  -45353.7905653463460568124623412138885      
   75325.1303150218422690639654194569203      
   19876.1249185820756412206601343027155      
  -56670.2146858369350546181527187682302      
  -27950.7805102244261409523808211587226      
