   600194.288770213929320606309220806371      
   411602.682085267263859031635973637360      
   179955.446433913331451786048946933760      
   130973.470304250419073021482994011661      
   97237.6468279509200851063828716261093      
   47408.6851942004441477384984977204076      
   30357.6910204073430747812642020438268      
   14763.7670385318559745829340743942581      
   5871.96026400725833937243433462206950      
   3237.94075234401076481318505683150567      
   410.978421751255557523731874418885680      
   271.565746025770373537120959895728566      
   127.854290427706111956774606608090798      
  -49.3150165629134222549324398276763139      
   229.676946219697119851953046004254650      
   32.8220026342837656387545983378299228      
   122.727734126206649090402309360092060      
   49.6155822624218124375700931920084612      
   20.4238028264165803544184800158855624      
   24.8354225280340989497948023913204441      
   0.00000000000000000000000000000000000      
