   18625288272.2190006083243918994128725      
   612493521.755050843170549192588857803      
   328412556.616002668295422417153906483      
   142090687.439978439620266080336152708      
   80205354.3657282331907508953743728305      
   61338437.1751902781083052694997481648      
   47458650.1457690372961264983518119170      
   36978293.7576153334170737622089710039      
   29700722.5078887521300136314943432233      
   24153712.1719305573715405033510028464      
   19784187.7488903166970592047770304586      
   16347453.4333295604181632248120696010      
   13607999.0215731858628880595007052786      
   11404908.7842190780095760982064780106      
   9625743.15488786886201525733211342135      
   8180050.33792124967592218055226529233      
   6997934.67456325747017982809876125706      
   6025237.20267270781028091770605164630      
   5219127.62739800575003215075237709090      
   4545936.11819252164727306973885251860      
   3979300.75468474224130036797779502440      
   3498534.26890767004453869777452404427      
   3087451.67209823169824489056476767554      
   2733392.33043382668084502534060423271      
   2426436.54944838583419157912733416448      
   2158780.56598556173368679881810562461      
   1924249.72196542977629138619609569834      
   1717911.92443697602968726071819953910      
   1535784.41530134412370978831125803396      
   1374607.82971342195955995146682577994      
   1231678.24666618427124987452335857114      
   1104720.93166216948441088612417774999      
   991798.396383800011259187870739901332      
   891242.151075871883761759111449187251      
   801603.244928057369729533377545272664      
   721615.239862057023157413831786120646      
   650166.695155756175277545878081424165      
   586279.682864664608813158107001296641      
   529092.841709638291058020752291291651      
   477847.241334221990080014711284741280      
   431874.422579427270829187816824197463      
   390585.853803081021971665709603639148      
   353463.595060713699757502852140874956      
   320051.876484148511012403153812398566      
   289949.544595522313852043916381914625      
   262803.268323378244249932651496430727      
   238301.488422372039609012996354186827      
   216169.054709825398768295100972588534      
   196162.517875706144185153822648298395      
   178066.024821286942628001409230650375      
   161687.763816056967470568486539748931      
   146856.904887819782614741661640603454      
   133420.973020789744507197454280403216      
   121243.601442825856945826281928325320      
   110202.606053441969029885559599800567      
   100188.336319271043602882116741333209      
   91102.2543715029923591053202108744817      
   82855.7084943570030096540227673052551      
   75368.8654280680147925223551800112731      
   68569.7780804971115237710582340220517      
   62393.5643764245770729019690642579936      
   56781.6819856907421061270394262202276      
   51681.2831698661215125684646418062240      
   47044.6399810959546945639650523293560      
   42828.6297289984926639528597732995157      
   38994.2742269920832898241221915638290      
   35506.3261956103175665726414612947038      
   32332.8981216909199828362315690821232      
   29445.1289556142499125658954314420915      
   26816.8849040537648495803839442593808      
   24424.4908702698048790307999571024943      
   22246.4893859756524998170376078727216      
   20263.4243288204726674132585594333057      
   18457.6467327532527360900838827710150      
   16813.1405179465012027849625534012199      
   15315.3658859365127352111919841060622      
   13951.1186242036890879420527065862198      
   12708.4034951881674423392480876346833      
   11576.3202870921460676323014696032762      
   10544.9611060910558590657736389302638      
   9605.31774387101993939193441437685930      
   8749.19806198812658939656037685641016      
   7969.15041256019492670489706961633814      
   7258.39534668571390981159465439754444      
   6610.76375448037688444650109273531789      
   6020.64094634381155212327136434724858      
   5482.91589568859365002356673277847319      
   4992.93536555817301307749060505496886      
   4546.46218135423346006692772484123929      
   4139.63754788649257883120868652962370      
   3768.94669238145988395441669951281039      
   3431.18787829052469536483081011631281      
   3123.44407715181070516849071247235487      
   2843.05746704870148428380522789015419      
   2587.60604253353914950024550139115142      
   2354.88260984815543636112851291980005      
   2142.87544537419501784982791667100636      
   1949.75098120864814599670561843275517      
   1773.83778621624779958520311084892354      
   1613.61228364759459810907354372283507      
   1467.68546246467287110040645781401482      
   1334.79108968010259475880895267315651      
   1213.77466858619745359611545697328618      
   1103.58370706726915080534321099711911      
   1003.25852792009064005262131812266500      
   911.924234412766658312500652081754074      
   828.783049641175912644306260234242230      
   753.107685426460506668804792046965336      
   684.234945736738011374485855118700264      
   621.560257527874090170896171635979512      
   564.532320344620835872773620042189298      
   512.648600355171035255911242626178030      
   465.450846541444727245264655505321193      
   422.521383943865580609702781164720354      
   383.479348129565080019106844182717046      
   347.977642124967079781052084357895489      
   315.699766504309154483727815895893382      
   286.357327873437793097085767895578887      
   259.687363031336524574352211076546693      
   235.450306136670936770346195077561899      
   213.427722807068990846608810453952567      
   193.420659003173635611796177276452274      
   175.247715312938454317756766194269623      
   158.743713727025194408831078656046701      
   143.758054246069335093431125097524608      
   130.153646583064501179988183751387224      
   117.805501068783545998269666333767065      
   106.599881300245629091300206222893793      
   96.4330894636579141082356758620823792      
   87.2108033818058448268119782755449226      
   78.8470231222588782776951109900278970      
   71.2635620515290976193926373288809576      
   64.3891271939228591460911235352476208      
   58.1589389996316427601415178916319546      
   52.5139225681882594943332436397187866      
   47.4004350645230035171006031506465491      
   42.7695487862379176704179499656137770      
   38.5768686664412421009950663978804575      
   34.7818913821658289263600796371701389      
   31.3478982889213930961827591432573010      
   28.2413774505647512612903691015899057      
   25.4319797595096124217310193563980224      
   22.8919930084935936584910085497627182      
   20.5963509460235270883059267092393564      
   18.5221503839011957362491943936268525      
   16.6487045891438893352267769155367839      
   14.9570959905658566967583498676185463      
   13.4302666738715033365443998198918472      
   12.0526005674961037547739766623286491      
   10.8100449352905490826330771207914124      
   9.68971702789725776376049829467702645      
   8.68005139861933744750009427069112297      
   7.77042693481070086337346555360366769      
   6.95133559299288464464060153501189581      
   6.21402649989550961730781181890546485      
   5.55069234519603115158267645007919927      
   4.95412788080528130187598857824930280      
   4.41793075543211368156895718991968492      
   3.93617225192215111015321074955162424      
   3.50360983109509785606438242102516685      
   3.11536832940327727844819489025391833      
   2.76716193999263361141517108864103329      
   2.45498433381419968960737989679428591      
   2.17533829525407671307753851715431761      
   1.92493329832718031357910210807734493      
   1.70092160262011477144864428085525282      
   1.50060165921796870686139244063816725      
   1.32166025296240844708119302496453272      
   1.16187963372022000482680498670994977      
   1.01938641847342760248128911715269232      
  0.892359361264701374314897421152721616      
  0.779287389846646423896974886072574699      
  0.678673263937635174232811397546715047      
  0.589305575526247045322872651697364281      
  0.509950562911748409729807227115133181      
  0.439647123596540841340720228369309127      
  0.377374013020274972344481137858017472      
  0.322382378603471897358170397906243750      
  0.273819207078937060822129776451721689      
  0.231121918430390893773376742555632472      
  0.193560604245602239523432350461966207      
  0.160742730213835967613420858654673193      
  0.132021096935365103325575901978158223      
  0.107156050217632787390361707162756458      
   8.55129860120846249383191327387605469E-0002
   6.70600117047686563291171425209724516E-0002
   5.10450891126399736575712662543749501E-0002
   3.75783124550623836290662349828211017E-0002
   2.58907061533462463165120012871713159E-0002
   1.63796132784688221563803793295673366E-0002
   7.00739537333457605450219778780539980E-0003
