   18603099897.1930323958241805932716869      
   616829432.426381209619609006516517959      
   328716055.525672672010251962251684633      
   141774309.629779227142706233336590496      
   80267848.4439752505570257087155281969      
   61352399.8008827711154970664874610695      
   47435144.7508804942171477043864998593      
   36973156.3862021413652198160419376937      
   29696462.3234937352927573365874229740      
   24147724.9313918855518603028944966851      
   19780805.2072902026094773453947511860      
   16345241.9312431435231066015314227089      
   13606415.5263993163641130613254182353      
   11404084.0925489704678758676066969730      
   9625388.60917547525865313455328678897      
   8179966.21649299523835959362654120238      
   6998022.82290511034512578801540734744      
   6025401.83980446842406893767885525624      
   5219298.86617894167590384799912518613      
   4546081.72302327860916595313331576883      
   3979399.26896346812533851018438146305      
   3498580.61253262189226443911551284355      
   3087447.93792578942400907453578126012      
   2733346.89741986472119191650577392609      
   2426358.68423174714860313755328512215      
   2158680.81991617522004358267691573412      
   1924137.00783056403139165075841083915      
   1717794.05149095750922230939108362550      
   1535667.06165787641083328270034840511      
   1374495.15151516207114266156259943134      
   1231572.68824087408175478560513937465      
   1104623.80847471300281164539398954356      
   991710.010561648227069318410339788015      
   891162.223860310856448357862739690261      
   801531.075890593654928366914133670993      
   721549.967867711434528598184581093520      
   650107.401108797477974597969656624859      
   586225.511496080667901525446951747053      
   529043.038720676986089459871458531608      
   477801.186048425449961998395718403369      
   431831.622953006536196407751528272847      
   390545.935598169854808603763359255172      
   353426.280601107817925374504075946710      
   320016.961246907580456698525801159717      
   289916.876647546918873613362333913727      
   262772.728088159747158199450307237424      
   238272.975761124050271049841718520010      
   216142.476754123886705754950247914444      
   196137.784016221894821913287126708624      
   178043.041681919976218297736054981273      
   161666.435472720638628182842975687046      
   146837.132119379334546508315857001291      
   133402.655756750829393781759505574934      
   121226.639664536811864348755880753904      
   110186.902371756222406231845765799518      
   100173.796922464839984245263188458425      
   91088.7907497955017717079886842164575      
   82843.2378141033197170886551219351549      
   75357.3112448632325083923048245276549      
   68559.0701407164557049899390499805976      
   62383.6385778486270620532830348386331      
   56772.4798600375546589456018807713267      
   51672.7514481110740115021066395939346      
   47036.7300195475372952690221755111559      
   42821.2969624089035179197848972860788      
   38987.4777037021180432068869381764045      
   35500.0280770847144243834201848699200      
   32327.0633848412844751088362024695170      
   29439.7249924968874965186391652832948      
   26811.8813762660617181192095893360448      
   24419.8594009895334065665176313579291      
   22242.2035196362833767594580238406866      
   20259.4592851562068070781217404629574      
   18453.9794234744312268076015771774363      
   16809.7493339675350826262752684715235      
   15312.2307359728060971224862238543135      
   13948.2207373185740339760028346820578      
   12705.7254621022297510632877287093276      
   11573.8458711443619210000509949288119      
   10542.6752802438827119897777909881460      
   9603.20651013100587443821230116104103      
   8747.24848393814982223522817988754782      
   7967.35044593542824072645421106184729      
   7256.73386974753413140993889355504086      
   6609.23041220787119930816855458538077      
   6019.22618091230726784961093257668071      
   5481.61080527231715804859727845279434      
   4991.73173618914660968390945230019676      
   4545.35235982084940721635912849488232      
   4138.61447529421398960207107929742284      
   3768.00378963298082230082943772919445      
   3430.31908112290870648704077757268102      
   3122.64373228075621586961220020660630      
   2842.32036831431534228350193825889764      
   2586.92733582507514404839506283378855      
   2354.25783009335329577304974610826402      
   2142.30042861614502120236290673586042      
   1949.22190235502011647389893519800613      
   1773.35107694723998032114930058607324      
   1613.16467099374143188868256549381222      
   1467.27389149123821982251171614390853      
   1334.41276304407155519414428289338948      
   1213.42697313931009743676175491471858      
   1103.26425455850787932835846721091631      
   1002.96508479542844963606391130915975      
   911.654763803231963721384277672852727      
   828.535643733829630070863122598777377      
   752.880608835493400197940052033938600      
   684.026569896717104423146711063517822      
   621.369105504007776773225127273377147      
   564.357002767775999553429602787283855      
   512.487861695748563049427477595592844      
   465.303502170537042923076130483240688      
   422.386367874473230453594774139702467      
   383.355650849423436384255125876318732      
   347.864359796890509984530141466218690      
   315.596039271839863533738053933790694      
   286.262390505847926214988673279778931      
   259.600483451698379585928191838519542      
   235.370837494010781671525239718296569      
   213.355042017037418441097651378273049      
   193.354220228610521189509783766695164      
   175.186988340290704379181395412879881      
   158.688238836619283253018996415240945      
   143.707380273616751462931389423181413      
   130.107387162232821816352262203285706      
   117.763272247562131457675306627033094      
   106.561359141133112241213636004290277      
   96.3979471002460732549804686897206264      
   87.1787699662312261600864691914031537      
   78.8178202187868759491563840122526579      
   71.2369639269517377637699184325809120      
   64.3648964526321781696827879392095543      
   58.1368882204319014304008062672651046      
   52.4938490895870598049737851057979956      
   47.3821839810008816385197101042612066      
   42.7529467933737940955948327481521409      
   38.5617884411073542886609277508117093      
   34.7681843946796334127630408438045287      
   31.3354606050093898825844765969653779      
   28.2300814119998413919517114540537257      
   25.4217412611374680343155637124918515      
   22.8827019397819487264411694824748193      
   20.5879400140746499053304237931711484      
   18.5145241960727370432068422052533629      
   16.6418101127948418933187056086863946      
   14.9508501416081301255941317873675787      
   13.4246285258247131909382054566968508      
   12.0474972929635965774001222301551000      
   10.8054459001624771479079006338430325      
   9.68555791326759551981490050241760068      
   8.67631033945727017481598386804031056      
   7.76704663053432794114859195756173130      
   6.94830167131981259876806618681916990      
   6.21128740834356292530791935020058915      
   5.54824013604421035506837218321953292      
   4.95191566864717241687147914541273276      
   4.41595612127326764356228479475856813      
   3.93439206266487875232294296548211590      
   3.50202643821310783711072020466076096      
   3.11394158973289925405854540107721737      
   2.76589831839844332068767858694687965      
   2.45384606476614083244209270438503700      
   2.17433535922122488491533839406698884      
   1.92402985834371483305174865599286066      
   1.70013056341889513700608762660044593      
   1.49988886066625176057382009578213359      
   1.32104086663594487453277803366990705      
   1.16132118655737827328637008250307642      
   1.01890551972597889328314305212648621      
  0.891925601471790754235432669114736475      
  0.778917666055388086336139749115036002      
  0.678340129997609951220331814251590875      
  0.589024518247884947638807776445570154      
  0.509698775050436067056523105997542142      
  0.439436123472843798787126517656402379      
  0.377188355367463760298366361139859788      
  0.322225881148712828399776529885804951      
  0.273687986571387297432331998755326269      
  0.231006488875374307541699339426980004      
  0.193474954099115992154189457363551832      
  0.160656730944355699761142076114494119      
  0.131973969855900997762740436401415089      
  0.107088440180682564467990073328485630      
   8.54999582920782650794689492310128067E-0002
   6.70008634845115198252585879057361825E-0002
   5.10580696967865570145736374563079513E-0002
   3.75259363657904382749108203895931641E-0002
   2.59214562398994340873519347831693434E-0002
   1.63284001570193898978463668959321944E-0002
   7.03851248279257158555412920507229052E-0003
