   18577276928.4382195406413670264311437      
   621850535.701464507688333447041061842      
   329046564.928128993413160044896563009      
   141424082.008600539846044684594263558      
   80338406.2551974276398629505589482050      
   61367477.2555532226522693562445786919      
   47408918.0040442254804493085402581680      
   36967345.4366784996371593560362021842      
   29691123.8840031673585272602203617524      
   24140851.3730114902464227132150732834      
   19776750.7676202672579443475984659579      
   16342558.5149671281897309443085194432      
   13604494.1867551414809870214865171352      
   11403059.1769207273253087335019130073      
   9624916.91960132048367470402431748051      
   8179830.09650194642927953097222352070      
   6998098.84497012074817343438347377516      
   6025575.57522674544985461445307947160      
   5219489.48642298249648507016332011212      
   4546246.76568652155803845590538405393      
   3979513.63178950794005957608510306374      
   3498635.44888032043261082917767950977      
   3087445.72945536994768123644531872608      
   2733295.64733394625677922727313468909      
   2426269.49020105368829838804545554886      
   2158565.17738858928004815677734743791      
   1924005.64811901324855525145806058151      
   1717655.83793283940924046172687376977      
   1535528.93478342844372249864038253657      
   1374361.95948008054288875272471086916      
   1231447.52830176591338560730311166735      
   1104508.28609452246127808715483799583      
   991604.634368042575981222646347391144      
   891066.730505591073532545939204933750      
   801444.726686440709195140482716237414      
   721471.788919637007935173740172617739      
   650036.345091302542847469872003106424      
   586160.585270792578146904317722965116      
   528983.358089963747387846389901729187      
   477746.017757558470177755274784955137      
   431780.377813231883076577972937056187      
   390498.164284611797723963941769943781      
   353381.643530643902677619510557988173      
   319975.209076037289373631385797115434      
   289877.820242021913894228683781003066      
   262736.220811833871212711619926666732      
   238238.893108409424084829251458704991      
   216110.706267215123365572072227722821      
   196108.215335570480251981678735542424      
   178015.563490811051845191684133780564      
   161640.932828463857952215663642821323      
   146813.487509036945748612904518840014      
   133380.750004127425352016508056976489      
   121206.354319311051176870825680558833      
   110168.121492625497482802454455810516      
   100156.409101287588088163955008826073      
   91072.6903970780013440357096343172713      
   82828.3261994171849511629637480600372      
   75343.4969251239159524755837912616490      
   68546.2690910994644539128263361695292      
   62371.7739443076319956669588589815901      
   56761.4815355639366573998966817394710      
   51662.5554896223698642360699505199352      
   47027.2780266280406635834984527753436      
   42812.5354426937521622562062620739827      
   38979.3574901653146978610812652564068      
   35492.5037992404325500351409321344449      
   32320.0930264362394476756418354441457      
   29433.2695134705250457507681653252519      
   26805.9044182099962998999554021369131      
   24414.3270381510157486051621276067455      
   22237.0840744559883899746572597995961      
   20254.7231632420258747595929782074656      
   18449.5989934546339005903740202248202      
   16805.6988052438677195886347239763222      
   15308.4860680626711718479251202940750      
   13944.7595338957051636887593206724968      
   12702.5268906530933988480245751366276      
   11570.8905613919849822637091351951863      
   10539.9452474583706347823647359872925      
   9600.68505572895618104138421459587492      
   8744.92012279096824973148408554431445      
   7965.20081129638552751777486312556853      
   7254.74964722008921615175733131780427      
   6607.39925178268367722939355491412784      
   6017.53663983449752922046952713907986      
   5480.05226883426988585968301034927058      
   4990.29437034136291557090552120408342      
   4544.02704091350983850149494346626858      
   4137.39275200340597993535869293114954      
   3766.87782080687207593567148148371923      
   3429.28160586766623441102131624588156      
   3121.68801461445081588277499688724142      
   2841.44017406305597647976335366056565      
   2586.11688278492116239927515293446719      
   2353.51177053049297348912879195529030      
   2141.61380386435633503068284882653388      
   1948.59012998579996964736728101050171      
   1772.76990900733875133417848543745373      
   1612.63018517159873356513206482459662      
   1466.78245242581345880920678326926386      
   1333.96101700160227367304665364808099      
   1213.01181197158088905318099401580886      
   1102.88281351430920076668204974396575      
   1002.61470878575351639687289616175917      
   911.333008027331944937875589731800866      
   828.240241947282506180688586983620745      
   752.609476498310881467743136587594802      
   683.777774161856785493587605915977056      
   621.140870614346111815405857979549549      
   564.147681502197264768137620482280309      
   512.295942762902736404788034820919968      
   465.127582872832441957252637310576213      
   422.225163271709373282621914683645175      
   383.207967427703321948488623197633823      
   347.729106202751452489291258269330328      
   315.472200800765067692659194536264718      
   286.149041234663542861291088689823969      
   259.496761387442727896662399533972024      
   235.275957957005142251837337813021462      
   213.268273313811772037161814423913876      
   193.274898159214652110767163824023356      
   175.114492278333126842849405801619621      
   158.622007252051305748949397647970054      
   143.646887119027372626704137245720687      
   130.052158317031041773737530791127999      
   117.712862123118622170922732974840940      
   106.515367964667642552036444870938937      
   96.3559976628557967690251933106784879      
   87.1405256754304130602038657389723137      
   78.7829619234027607544836030590448058      
   71.2052086765563663355745021046457931      
   64.3359743420376187924275332736780637      
   58.1105618024305343742917101068618139      
   52.4698901895256429453491065506574214      
   47.3603937164297208913335573732099877      
   42.7331323160400742341628276435635329      
   38.5437835233746049297601930142376392      
   34.7518260623488156863443148204795036      
   31.3206102557578623521288320670617184      
   28.2166013078122001456313019714544588      
   25.4095161485738663195628546989294010      
   22.8716153755895596416218986475976850      
   20.5778964608743408677536043975477866      
   18.5054251590409471625355308136862027      
   16.6335766874031162739460248220583762      
   14.9433989432151854642031238988631028      
   13.4178946684791620146421989787644301      
   12.0414100973811288094629333783831610      
   10.7999522844275730640835397615303872      
   9.68059786793853896231753883166303330      
   8.67184071253558314842493204537280119      
   7.76301636107349786218889733402758290      
   6.94467595282121484670852246105461604      
   6.20802267356866978695975108832126050      
   5.54530858614807151594365064966908499      
   4.94928000049882470695961903610460757      
   4.41359441622803735361826837041485158      
   3.93227224093039926302644097596144776      
   3.50013151485390290597560812928932406      
   3.11224382380535030940682958650693151      
   2.76438487070822316792989337745903229      
   2.45249277499040512291686891826381699      
   2.17313288950184889612337928756431270      
   1.92295696805522358114906264534522263      
   1.69918090836904057588324531091385426      
   1.49904352657155053216536052287872184      
   1.32029613267496198095704182333398280      
   1.16065990865778659619163438339555867      
   1.01832637151203676686418063370418988      
  0.891412659413240121728462557884848515      
  0.778471914172757091991812192198467618      
  0.677946299599990847827759520290073011      
  0.588685932671371291967663586155579065      
  0.509400275372637423264304667380148220      
  0.439183413929821928956456605558124810      
  0.376965938635649100034657561126131026      
  0.322041723402091969799980564992968230      
  0.273526267943947531415070195363778292      
  0.230876382974193535058408017796593412      
  0.193361742634294218120934167264125544      
  0.160568261676210845449041202501867267      
  0.131899580186512424677915035258759538      
  0.107029350969877584895835815365106492      
   8.54587965070325949572139582038878908E-0002
   6.69584056842437665251121131854432715E-0002
   5.10434873623908874508554272600522229E-0002
   3.74928635046867933378896168144394107E-0002
   2.59307259629173706239119891419846998E-0002
   1.62893693690669955226946197365812780E-0002
   7.06267870226863772411810639688442887E-0003
