   17571515081.4382926961325022830756528      
   799255673.543166620535646605753850731      
   333685715.483848520127715422292508748      
   135341973.287845836674935866407579287      
   82359458.1779866329307946961736161095      
   61620459.8522645426965202228121234104      
   46971381.8100322557528793829982660849      
   36750354.7305295007585576443416237231      
   29427575.2531904778246303443123296544      
   23875951.9394391781433747939264056359      
   19568219.8849308781286641034406553400      
   16178725.8911765781987177469095222968      
   13481601.0672452398680355223184757228      
   11317319.1475464299270473161393980776      
   9568109.80352585482671330241718231116      
   8144709.15173625409444904778533035892      
   6978464.65211815012187525762886091279      
   6016082.45657914007075607542229937261      
   5216005.96595777123435074003257146861      
   4545765.95339605992700337099491771947      
   3979970.35635631116734446705009784355      
   3498749.04645313698150346336945009333      
   3086535.08356768448770115962038444818      
   2731105.19561749369404379835479354339      
   2422824.87830178618358981726770175595      
   2154056.97188140549434038776468715635      
   1918701.35974176628881315683677877185      
   1711839.55668673148488407731771027740      
   1529462.61737982903347192471121513666      
   1368264.56646713876976131579622524570      
   1225486.72686272892058373723199985555      
   1098801.05495683749124293919579211061      
   986222.945213646339406407897291130360      
   886045.981223831366495674321904734814      
   796792.805921219964480655610893546863      
   717177.687396421457648822955492798598      
   646077.490543826582818530209812491869      
   582508.662878733653071173284502786608      
   525608.533116735270059993460619086308      
   474619.741156913927846589162444128025      
   428876.995164607455175465323879879569      
   387795.619875022732986401652957708805      
   350861.541079180219122891856410857065      
   317622.471803217096179778438459980026      
   287680.138780432542069471313600862918      
   260683.433142972366787768963179293262      
   236322.392094816610975442651130910019      
   214322.932229668148818717051407856501      
   194442.259746216785027488946502459779      
   176464.887600114969978940492750894935      
   160199.190647505614797780260621876434      
   145474.434426398643878217921456548526      
   132138.215459453101880259453777834696      
   120054.257365161963177465562612919326      
   109100.510788099518877604413617432057      
   99167.5126728723596505039079512235007      
   90156.9644937308982637712843066056826      
   81980.4964878653877831108130064548235      
   74558.5883461661013440986880639360344      
   67819.6233731806602308559628259684826      
   61699.0553252319709185957129779741756      
   56138.6725439869294460750681915546012      
   51085.9449324521902599711181239295329      
   46493.4436796463342769754881493132303      
   42318.3235096034474021298998155042443      
   38521.8608077969068678230301737339890      
   35069.0400766554605647864599562037083      
   31928.1842514049784657030429347695553      
   29070.6229952721187244831419315191812      
   26470.3959004919195054473391461637546      
   24103.9857858074525952290695507930073      
   21950.0799655355055429850662718559052      
   19989.3554203239328383234415141567037      
   18204.2864456671289553848790816448131      
   16578.9712604638657680503189303010354      
   15098.9767070590343336843691819004090      
   13751.1979594962564265070603511293064      
   12523.7328274086654631119452125668458      
   11405.7679193707068027623810261016216      
   10387.4766300182768287935606814729481      
   9459.92648890752046455018123869621146      
   8614.99614455898729078106689182081989      
   7845.29973296388844959610282971056813      
   7144.11915521508194735439655034990720      
   6505.34217193828429856870188391906767      
   5923.40704257597299502415847675890820      
   5393.25173280248019704274594816986394      
   4910.26858358003034164566829480979644      
   4470.26254737875271894114413106198804      
   4069.41402137689889279022850407531110      
   3704.24444003862898656208797230309429      
   3371.58577116251254967436542773435876      
   3068.55211554251312488545811859322555      
   2792.51465197380795889918843220867493      
   2541.07815096964018776790239157319066      
   2312.06038383703336055665666444592725      
   2103.47266249501342512520154289600125      
   1913.50291168098746894807196147734966      
   1740.49951212646102039432747251838321      
   1582.95738347307168567036575686587253      
   1439.50454165649491647342193415555587      
   1308.89066032721007865944391335902456      
   1189.97586149442296271276230258535438      
   1081.72132064645590442585780594384856      
   983.179897392832679851967179390186349      
   893.488428431537586447977131201319666      
   811.859876030293984527384447338186399      
   737.577017040541165928107308623134671      
   669.985844783046856828053135109313218      
   608.490414354762247597026383317255889      
   552.547280437861015634029686470579115      
   501.661301532557721709736556051448264      
   455.380934498969469991672437195383088      
   413.294834962930118052826140140038312      
   375.027860712651317794602406771823527      
   340.238333869948491910398189936263652      
   308.614630939642300244779433790078024      
   279.872995610478597900801338998671523      
   253.754614359646835177071048683425838      
   230.023887895958686819796321439495964      
   208.465908602965412458136225195573425      
   188.885114420128816121940284231964173      
   171.103098745159634571928438626930454      
   154.957583576542598733508991771813502      
   140.300504336786024289538320639601464      
   126.997249865000633544383246824541962      
   114.924974412446887834534552733649948      
   103.972060978342807632793345677011853      
   94.0366208301613927278169937518677658      
   85.0261440475111927486588800029856736      
   76.8561536289509070260640397124573425      
   69.4500132164495560792020018242860881      
   62.7377084115235233710537983608848052      
   56.6557867170434712601333731987059754      
   51.1462432981933575704969747302419472      
   46.1565723804928257995333795224364560      
   41.6387385197711713618048064333667699      
   37.5493221842736484855160559041739088      
   33.8485607777665310554818829521090286      
   30.5005740322176493341307947010661482      
   27.4724616707118521497851095636219638      
   24.7345966466136068748452789688293496      
   22.2597685300839185249168750990467976      
   20.0235346333657125915529786481430212      
   18.0034000322735640415980186671187903      
   16.1792182843211207321196097803352105      
   14.5324005173831517326284360750415433      
   13.0463588349108490095843822234137149      
   11.7057381699832791871603968625903845      
   10.4968966270758578855201163930063706      
   9.40715485389163215264347903540323711      
   8.42530853112648045955084731909842616      
   7.54089089230914986163693714621305392      
   6.74471337401210525573370394362356149      
   6.02813764475325333273726401444303059      
   5.38364109478274471680577734563062330      
   4.80409534315176661999169400787708029      
   4.28335380065905938855374861405455305      
   3.81553412967845858615299927584248992      
   3.39562557464356664896809628442593742      
   3.01877326932958048737754694733199978      
   2.68090341242990978840255779631889142      
   2.37800766682503195572472605512059750      
   2.10678457773618402294929936221878380      
   1.86392260184268742190601250811908949      
   1.64675643536214590574050494681595581      
   1.45254746021234616498952659454515972      
   1.27915388078928958627914446203407895      
   1.12430759005188238230815294859343157      
  0.986297215238588242255131454662266188      
  0.863240594696750979486009956841227195      
  0.753780006816034439638916174360640740      
  0.656349606920363593131765246619684528      
  0.569882253622402730512654571995780393      
  0.493071372176020077144330910500749831      
  0.425088881552321842309253151215282494      
  0.364841004613047320442727458757383118      
  0.311696813210075201097930175867234465      
  0.264737477887650066860422951054926498      
  0.223494859885484963376759972732601561      
  0.187193557788954895762310405744859266      
  0.155498793006758971150805247803336085      
  0.127750430792140615044528436128307790      
  0.103718863533477853204737198229544547      
   8.28296692888021073236360430013376186E-0002
   6.49303721682228189046352092371237433E-0002
   4.94929258468685124087728225000028305E-0002
   3.63938934280149491002261766764605795E-0002
   2.51755032729213843225178243368302448E-0002
   1.56211731921457283929952383069408351E-0002
   7.12305844716710512971278571982292193E-0003
