   18628048860.7284075267200867399826376      
   611952679.917575401206018186232461226      
   328373442.207721882036430816502629126      
   142131117.329236248828542440318548382      
   80197434.6848039424506439351893121578      
   61336644.0764691678179317055359468655      
   47461627.8442868887196732729903141508      
   36978953.0002141242621300699228623467      
   29701222.0867863571349919878245515278      
   24154468.4017760826171272821183688418      
   19784597.7529520739679020204220360409      
   16347725.3396796829385395853241570617      
   13608189.2785583754225720024112259003      
   11405009.5073907357178062667576899735      
   9625782.62238080976279001411496337761      
   8180059.64847066760430001299366964971      
   6997921.53306038182080423878576153096      
   6025216.26222834982944816847813663927      
   5219105.47825030988759533402186368545      
   4545918.05817813220254613568770891361      
   3979288.29526107511131982407833117074      
   3498528.71446000685300602621631535562      
   3087452.15956972663024535586090548932      
   2733398.15478449091901665675534317773      
   2426446.26540445650408176879349200547      
   2158793.03757870641722627468255406203      
   1924263.70714098014866025734543728433      
   1717926.54575900098756340352223957194      
   1535798.91392194990030579303556600620      
   1374621.73642474496274330718738173724      
   1231691.24252034453993638086752441699      
   1104732.87429493511487060188836335762      
   991809.248716573574802346413552265897      
   891251.953786693196917952444963790079      
   801612.090748558803284283829695783709      
   721623.233663190512351259441451327817      
   650173.957761590087652896798521895599      
   586286.314647967752632471633562863185      
   529098.942511348703420452194709914360      
   477852.881283888418752917728353868490      
   431879.668142767612613239879736225745      
   390590.744841921880361350781807933536      
   353468.170662548329798947678876492257      
   320056.156399012299453525309737137552      
   289953.551620709703829254916934009275      
   262807.012761036519071830441802617213      
   238304.986011043714805420607347702020      
   216172.313429331016210573931456857376      
   196165.551685861734909030211532558894      
   178068.842569776963727102743544581785      
   161690.379568345169588499299414507237      
   146859.328836045470825980102569723687      
   133423.219252514136371346380829986035      
   121245.680718488025093300851328101104      
   110204.531712903210595555683379090204      
   100190.118712521548639322572586798035      
   91103.9054046125498711553129343098390      
   82857.2374369049599006863804190112005      
   75370.2824349368405320684778098172187      
   68571.0910849789134537810122588125170      
   62394.7818138576528647050428231490874      
   56782.8105071295342891159922082524731      
   51682.3297299334740810217735363790923      
   47045.6101551317364012858515620509598      
   42829.5292932086169556157071895395717      
   38995.1079145585901225188917728205219      
   35507.0988768062485105722491038866518      
   32333.6138803694686032831210184227722      
   29445.7919609765380076648786296818920      
   26817.4987238350429979850895174874493      
   24425.0591104142403350525028440548237      
   22247.0151809965796000950326791973729      
   20263.9108103309272940824728544931523      
   18458.0966533934238549637105116815954      
   16813.5565955012601132129279149771108      
   15315.7505277482609806807933939615562      
   13951.4741814786049711337144783412125      
   12708.7320621931166196538772374376419      
   11576.6238906874604715537735761022169      
   10545.2415596407054833580699162538403      
   9605.57678996434446094838155839831763      
   8749.43726556536410277402838332453451      
   7969.37126977319416459744300725540256      
   7258.59920552194134191488366328053933      
   6610.95189922538161103006337664219515      
   6020.81453705690231880097691583494070      
   5483.07603528163285252179593851981411      
   4993.08305188012267554318071474639548      
   4546.59836212995495182531583616506715      
   4139.76308097545895003439732852528975      
   3769.06239249313348535370251065256854      
   3431.29448229543171311509860383714865      
   3123.54228547095730136309612251963772      
   2843.14791182583777125865026246055190      
   2587.68932580905136143668824915271876      
   2354.95927305467351130897111854058732      
   2142.94600580438431877321048926448236      
   1949.81590175703537871847497583542080      
   1773.89751120109075508094348186396821      
   1613.66720805117278875682055208917336      
   1467.73596784176770567195980039002812      
   1334.83751238788510239878985031081959      
   1213.81733627810699585421399732764566      
   1103.62290557810870940951942221992608      
   1003.29453867992138967020856273915978      
   911.957299779661493224839867097417271      
   828.813411455278383831824056330322414      
   753.135548673557813977622477741105900      
   684.260518382787069139535779688583613      
   621.583712459793818094047780099781351      
   564.553836569615002881911451412982493      
   512.668323207869320390615290456818838      
   465.468930292904242579944720745481111      
   422.537950292108600075329778591362395      
   383.494530235263284873968060991299653      
   347.991541420096742907175386834186350      
   315.712498151798747280730606534618844      
   286.368975939609997795430652373064350      
   259.698027352755076328896014410529132      
   235.460055908876948951999123802754925      
   213.436644831593660460001834879585185      
   193.428809749697497196462369463362716      
   175.255170511411365763451905515053847      
   158.750518964156026996559046997951102      
   143.764275860446609280421745526530810      
   130.159320860858196733431151277987017      
   117.810686392620630465606757361613325      
   106.604606014018281538324476241125130      
   96.4374052177540562419700861501508513      
   87.2147317437197732671914299451716755      
   78.8506100507745463061184408870650192      
   71.2668233391469365293002220646640075      
   64.3921039899468327956538694225560221      
   58.1616421830102575229519143588360416      
   52.5163892233555219950851325535401856      
   47.4026718999111751471856771158816677      
   42.7715894462986406203631512976539594      
   38.5787163327200070418125373292044806      
   34.7835767792159341820593180800367328      
   31.3494216324497256488354582455066081      
   28.2427669728502978340944052083859759      
   25.4332332038953405086593857848509585      
   22.8931364601769097804160338315929676      
   20.5973801154071617727814783137812338      
   18.5230894797984095972598444820864301      
   16.6495476867296153478793643910663066      
   14.9578656245005784515949452919714050      
   13.4309556515332290861635950700423308      
   12.0532298874353481138245109251680940      
   10.8106064849996471131990395980592373      
   9.69023034632919828382872782209010737      
   8.68050779207662446472468119802514717      
   7.77084449878967240361307795427343976      
   6.95170539210426929708224469022131183      
   6.21436514172726544776238816172002700      
   5.55099100281728977393946563415763151      
   4.95440156738479542202662976961303521      
   4.41817112302778379423214573865557379      
   3.93639254817283153863134772081294449      
   3.50380258750458858023193097325026677      
   3.11554478900364678856903374550351201      
   2.76731595327617783063676922786772912      
   2.45512482834735412880794869382248265      
   2.17546092752650198015517512326223471      
   1.92504429414488255574987092160446922      
   1.70101896583787157127694821538438338      
   1.50068844970437712893372327877224983      
   1.32173742202916038598308549502009916      
   1.16194653338896551026428417346893311      
   1.01944760667978428592949056582835388      
  0.892409868061659408171874071434989642      
  0.779336090835473646098575562343189086      
  0.678710195779696053190355779255311357      
  0.589344677758784460759660603672539312      
  0.509976176173591063425063764926881141      
  0.439678998484712641103640801822618513      
  0.377390118868965204917939684418468280      
  0.322408949868840151308099669425916384      
  0.273827277356294725000073067810234331      
  0.231144730351724514959917370821775992      
  0.193561914635734509474436824288795016      
  0.160762917111366087556387822862907156      
  0.132016927204584412119169219710488260      
  0.107174416494518436585138702977832931      
   8.55045819492977419700476804028830615E-0002
   6.70768912450039712455525642644395925E-0002
   5.10345454959745021181141533983280751E-0002
   3.75926186326017475602067568228693864E-0002
   2.58804516394769244568308919735904049E-0002
   1.63905763082157572173186316931525070E-0002
   7.00108266633945045929335427182589026E-0003
