   19305193041.3738088279635203639852104      
   611321812.148013562148641123294390006      
   372517906.250716259405555708828364748      
   166670820.255030679648505386470704854      
   64618860.5755408793028342812506637903      
   30542469.0871583100287716483967927329      
   16662460.8380019857612239343994053995      
   7626328.03559730229650879546646294062      
   3043750.56869507605738611284159842530      
   1373285.67469752228297660437980934285      
   611170.341298425754568112260879776777      
   193612.963285093198735373551964981907      
   65835.9395809965905533233552408792921      
   47973.9247342366607210510773302553797      
   19495.6436019053792720544026682161722      
   6870.22954394536099129064171175915995      
   11947.6359854979403719443682259796887      
   4949.15317755752296349671475227026091      
  -339.549174281530488630791343644877866      
   2945.48178919268518864947273514907624      
   2203.16481500666763470961145586597536      
