   647.716329110491085499046104189558215      
   575.022922999752904352910764655058959      
   423.471427553032711529107286153941601      
   289.999622690037199987091700577126977      
   192.239427740639406220093614532830327      
   115.024594561775344005465599911834180      
   62.1371498921866519369597413616483068      
   33.5544616620949250046912785218539251      
   18.2306722463965083490812984887098379      
   9.28798827551811056123426585699366451      
   5.06838306254096165491735893301167681      
   3.36886380944650362972327520423592300      
   2.26089228685623861441939994621190606      
   1.31419234202637683402551031493216173      
  0.971671038479021816663775864107550735      
  0.641768551518310311451482441577187693      
  0.292815299780620705221901209581318799      
  0.198984341347621984089682221011143742      
  0.165373328892971477526764760166419054      
   0.00000000000000000000000000000000000      
   0.00000000000000000000000000000000000      
