   601622.421745657680760294194580428121      
   410790.481741522100027890868543315253      
   179558.661597092410691809226135768828      
   132151.866160506386699756358386584287      
   96009.0125441914124289163967601280197      
   48185.2984791324153596275035652380354      
   30097.6275202373896155716341188230163      
   14666.2094623567208049505981732035328      
   6084.55880837675029568498177142236346      
   3054.25981145949985931415532025202573      
   486.911445168959563031410501006899991      
   279.653114233699538358337686168392095      
   59.6664262291691321230269007475984986      
   22.5329562630304580665132362472551753      
   164.922933184192765353831054243832107      
   64.6189609855475293486101535123536169      
   106.259777601654293705030049007109984      
   42.6882618665279076309519179358158608      
   26.2119662108666670478972745041074088      
   11.5884944599928026471934415208599050      
   0.00000000000000000000000000000000000      
