   28628842588.6674190677143134831671703      
   6050333623.07525545621861276511336075      
   1527345610.23496708276905870153660495      
   162940380.261904333287483102732105555      
   252431066.079409155270170191490007267      
   173727562.798184657284395679768753879      
   123107124.171689785951857740074403822      
   93842730.0165449949306084201854314467      
   61540710.5003188112948879846658721353      
   44813202.6050854299195245810145286540      
   28675641.5654590094875338853215449308      
   19099257.7649390740696520809235386098      
   11578338.8672684287223562706308257185      
   6794181.49223222767135021684501656419      
   3767789.94317115127975089517991393514      
   1842173.78067482233865000372716594722      
   890134.514810016654661394317536703957      
   317464.921070264014210546823649645985      
   136699.872502341222108370662208603108      
   49253.1360209831226378812606336831052      
   59336.4141950971822455684467011953239      
   71218.7185915244549372617974021466787      
   79057.1571842815988735988614011118271      
   77015.2425260086340613553647992556247      
   59055.4737100759556440032921129624814      
   40830.4582945786362403030962024136534      
   18214.0250968618410100861077918046845      
   2271.29316167087697588338177964759245      
  -9919.72414565861473790292724052122869      
  -15380.9963652193124280154415940736055      
  -16300.7670830418995565996306416298889      
  -13976.3133719070651532812774554315336      
  -9737.25516505120690527810203812100798      
  -5481.04108590981109040242785242287747      
  -1616.18313713314965961899918805269971      
   902.918126223184429523340836534209122      
   2308.91184576866290900427718650403857      
   2558.63447123886032716117080385801628      
   2088.25877298475436557564583045784590      
   1209.11396279747645536961873011666485      
   236.941822487961303850951296778587664      
  -583.460801911118568470526334323786901      
  -1156.34993361975764972361692404785624      
  -1421.61010220646726758507659270389293      
  -1439.23043933872859195140325028167036      
  -1259.50387010379556557905103432893482      
  -988.490439314567317825476325278362425      
  -684.079123919394769151463806792789131      
  -415.561198009029145767262590285488667      
  -221.297607036717431973313044243737871      
  -65.4129126585065870142687567854391794      
