   28624670057.1987073819559107653707623      
   6053346153.79004229036178121760831906      
   1525889472.70602669303160063258442443      
   163483500.016700927361755960512318211      
   252351475.567305197604101973414159079      
   173665632.619143723314182503580944306      
   123199103.684611325434870362384537654      
   93764936.1993175418289503527818221453      
   61590438.2563292138359983904535780887      
   44780990.7543495106937259030043995251      
   28689029.8948218976079503206852363878      
   19092592.8162094420370304162636977577      
   11577860.0930348602460261277772576768      
   6796117.98436538500255418180720264188      
   3765033.29315659019142240941037212683      
   1845027.35747659359890995055714958533      
   888488.691515654314706157198415381457      
   319077.299445936488475609060195646626      
   136234.117330267210890124557406039160      
   49715.7314925592014769227490526527275      
   59404.4809353168280479826242293019286      
   71113.6367683617595114808505492707098      
   79210.1246195410264204828763896944053      
   76784.3345596126614691023105766829640      
   59142.9178073002545086543675914420507      
   40671.4574799221742575680466610266819      
   18240.8558773759971213833271403419336      
   2214.80351956780058022970763759254995      
  -9916.11889351381998011275445913248283      
  -15373.8328882516689252002420726945303      
  -16299.4469197350099097513689168153905      
  -13950.3931766472112355763433319391767      
  -9734.95156324339619528379809626141372      
  -5461.98511155340103401576024632091303      
  -1615.37015180591598831923267080991449      
   909.256540059341791709300012228957471      
   2307.40735126011325717446127723960928      
   2556.90316457074475017651476321087288      
   2085.92948985432490052254386045432162      
   1205.59899436918648968635830064291171      
   235.517073374362374303557792206387839      
  -585.258760856706868976478815252024190      
  -1156.33580351912012996360233549873118      
  -1421.30990272284211588742114617801712      
  -1438.35876969966186582569222877245241      
  -1258.24183154207008052372924196046038      
  -987.639377293946558575302924745438184      
  -682.920588836118517843864212365076785      
  -415.256711527673997014939384783386252      
  -220.561714325690546363303034742055629      
  -65.6443142010700639802748392825760936      
