   28628842070.8423716012193854044996132      
   6050333997.42569009350602065201546137      
   1527345429.02723154843530008075811267      
   162940447.789320672772541256456224600      
   252431056.348171725034056503933746891      
   173727554.834011497314258688509759639      
   123107135.862134626421022051949600160      
   93842720.1383067802086064974521934403      
   61540716.8270490689659512703815133436      
   44813198.5134518664501423327147447686      
   28675643.2771042526049300946952592279      
   19099256.9196150713170989842379294589      
   11578338.8107329282042879407268518912      
   6794181.73887635260818259369475771645      
   3767789.59387938681141100407894716701      
   1842174.14103684522875910904290922588      
   890134.307213472433315505410081506750      
   317465.121556877557899761500961886091      
   136699.816363548254513033652074447641      
   49253.1899740504007636907278614510010      
   59336.4265663199559461051192505818218      
   71218.7012927874394687188693696923631      
   79057.1799803408016260992088396822238      
   77015.2105114344568148817992508063658      
   59055.4872843053604305580391355049559      
   40830.4364458616355092098665326275164      
   18214.0300725163070112039122300540286      
   2271.28495007989302902239525166486617      
  -9919.72275023562268031050929477231654      
  -15380.9961908668320584230242559126011      
  -16300.7663164113542283947165326436960      
  -13976.3106673173962395178749581684627      
  -9737.25441914854059998111466478520693      
  -5481.03915105934299040001219074902890      
  -1616.18264365240474223521729887998904      
   902.918540375906612737454347582078499      
   2308.91199510430927661867781474004526      
   2558.63394778770359682052353200957899      
   2088.25875770611837228697870858640355      
   1209.11328552736221015952203594849551      
   236.941856480821576264717931689460456      
  -583.461204935049035065607836910007669      
  -1156.34977645980991259924989820932810      
  -1421.61019586231499201744509793471044      
  -1439.23021937930380551012894746852141      
  -1259.50380780087514235603839527349532      
  -988.490254115464689132779587484400902      
  -684.079047514272064308016647169119643      
  -415.561104136400913125040696820309443      
  -221.297562733704245912058546102697623      
  -65.4129030297366773115454435880367305      
