   608481.315653139494870771631110114289      
   409394.767462660933599009179732957814      
   176009.987890286748517098440239836968      
   136430.016123292263644301476767431619      
   93197.7402630594092692708397050539120      
   48826.3948652085499615491280042787526      
   30548.2292968299072742814669589463978      
   13781.2623098515344102673646705633826      
   6835.04197662791057692778121219959271      
   2626.45430040323005754317931865707567      
   657.862833864223000153102028031785112      
   307.369938567929520739699540874673833      
  -40.4227957585099419349097399717732963      
   125.364282635907964047199600048399142      
   77.3252045923391145467016814230733898      
   104.863306269647315107575022098291277      
   82.0064619906865036813940076624833631      
   39.1740328206878996607274780543245958      
   28.8963075278717021960769130658256421      
   1.65532750280584049555509914004001064      
   0.00000000000000000000000000000000000      
