   608684.313631783677407060147011604429      
   409300.228114025474828888550437637740      
   175999.312774428726644075683861638756      
   136485.361128845200951670125308709233      
   93138.7104757576708878962753255910784      
   48864.7790602642040182137720811811035      
   30526.2626467230585343015119335962759      
   13788.2743439242311886669757946738218      
   6835.68077195565472478497017364341137      
   2622.66061907124615838715082785570682      
   662.761910339278908029171613541844159      
   303.950502751902725539484400587887521      
  -37.9671990534569975464266594047769896      
   124.337449797832728540206366018424954      
   77.5473267759020128648523019383328685      
   105.130464735441792836315412135332530      
   81.5547033190060995419677781832775700      
   39.6238762028808555833032186198988004      
   28.6093690434360081989914076333596468      
   1.87122268858016377336419348359616924      
   0.00000000000000000000000000000000000      
