   610177.542762595449578417861395081956      
   408588.783309875309775963844391060271      
   175962.469111730544001298752259317892      
   136841.875847032321174445453841406713      
   92749.0190868616261950742551692491916      
   49117.1327315958634376634783296240458      
   30380.5005170477820664942506751270613      
   13834.5389295269829364544725330347609      
   6839.20349891183203602381813080275043      
   2598.25213429588036621752651316315891      
   694.978451606712591155691543971188950      
   281.410672252639988222475807220533818      
  -21.1687322883496172509365532184819406      
   116.835755246522826914090452575664674      
   79.8556523565782081407054563826527167      
   106.093883597019566120470309742536292      
   79.1613062911274741192758222619572052      
   42.1797169340735711581636542556686354      
   26.9130428835204207097421851409670005      
   3.23583080186435248912490478093884836      
   0.00000000000000000000000000000000000      
