   612042.979583061082894303886234083955      
   407674.181079612823206387277598800236      
   175989.892588347203945568867429452686      
   137196.743122190994614046703047115748      
   92341.6123838250649472417310082328971      
   49379.8271244186071099085595661178919      
   30224.3792376834417771104330664340990      
   13885.6404797009162188917786480390899      
   6838.27843457201280289312897180045815      
   2577.02162176878694022934226195420453      
   725.604946586096404453657191910534227      
   260.265783959763034959598424692465853      
  -4.38662166133567359896894189864648675      
   109.034597623099589420564368168403076      
   82.8216298527255239788845640869137694      
   106.226360123048541150720271280817304      
   77.3542292900042947849377663461414496      
   44.2174929111587197165286432373044485      
   25.4422180821607132898109654155460869      
   4.49334302184613593947832641686656244      
   0.00000000000000000000000000000000000      
