   626261.609425184436717966667392740513      
   400464.329368775102004652104950072664      
   177307.774280656932063307043819829758      
   138444.813731924593637643766916417475      
   90549.1027742871665816920641647940472      
   50496.3883634392914632730600884741940      
   29478.4836222788952749537201466753912      
   14138.7877254071748158055640978663087      
   6762.87072199989359197995701546464259      
   2547.30481311111568787669618772548672      
   811.781739699686895740451461161107926      
   211.459285930299694264901815865890479      
   50.0053934777315795053640901148553570      
   85.4618050616268681594845258424031339      
   94.6594750135580546817526080139859362      
   100.844285024302844993217650775250937      
   73.8070098362017087852600587273691192      
   46.0124519459324046245041461499984408      
   21.9982069693042096775197224530958653      
   6.84278596011199586477203375371102027      
   0.00000000000000000000000000000000000      
