   650677.582346622516062412111578554603      
   388599.366755482956990221989718546586      
   180666.462510813163574425220949311400      
   138769.875973046112094983617969655303      
   89264.7274023780395264246011365719823      
   51142.5711293276585100876418652783636      
   28873.4164857155624143021173664236918      
   14273.2496579740304992903118993288250      
   6638.66366032212102102090906051176258      
   2567.50317645343215743106574825846387      
   841.897835311676718194939104927057117      
   224.779638062999471075748823826889200      
   78.7391790407114998167560203281525327      
   85.9397494400819269210148563033545172      
   99.5276495994037620008001726672080257      
   95.1249205741845283058441518167310215      
   70.3083564741542078877607286990568251      
   42.4459242190183849918688945420078338      
   19.8901065153571795300149102989011573      
   6.36577168752618435682495184993677968      
   0.00000000000000000000000000000000000      
