   608481.466425476650543314082520398454      
   409394.697543350444128452777247416045      
   176009.979255745662945735513781516868      
   136430.058084573804687106795578268113      
   93197.6956572999335305481048827687051      
   48826.4239226652071214643375606985553      
   30548.2126496845880570299318824995497      
   13781.2676933713357986493503651144706      
   6835.04238166518774410468794328507466      
   2626.45151554116135765265429487258241      
   657.866457071986465926625493954556147      
   307.367429239770971649874067149339072      
  -40.4210089836208968480123955355771942      
   125.363571776868149872476971852193718      
   77.3253199386113934879987365335732185      
   104.863556260729186643765187891155738      
   82.0060881232744737547824806953501171      
   39.1744005433195117284507775019698666      
   28.8960770353467826209714956209879958      
   1.65550134724380586717852804938107360      
   0.00000000000000000000000000000000000      
