   591394.493156488392916080541126749265      
   503257.080549626500575477261136445455      
   322363.303806350420655144533324817570      
   174269.306819191688627488044220230418      
   96933.7009002052076593728995706308787      
   58714.6688084892099036837913829062041      
   31398.0955877497445459236431021934791      
   13716.2142030594455884517794854678441      
   6671.39396859948312260718145329780514      
   3631.92670578618396820742614478188235      
   1319.03763581405031023273622920115761      
   491.442832963420934975779201009269042      
   518.983121627950303851590059181145791      
   276.223380781202652048856620039569187      
   84.8668245023750045456986007051377029      
   169.632190571293178588625954743560058      
   130.388775947606905669633584657770732      
   16.8738171738030658938292109794479032      
   57.5476646589038929648823208655459371      
   112.872271167726609123499268256208291      
   0.00000000000000000000000000000000000      
