   25.0615347915346254604178300866609768      
   17.7611431065524415361415327487241649      
   14.5104027964291891878481082749338568      
   12.5686054618139065729849324106104591      
   11.2417046544196829202013813173617679      
   10.2611532989553716072439522984525802      
   9.49827605089615117637575257006333144      
   8.88268694229306585238193153208241609      
   8.37221703324624507351489612195490057      
   7.93986078261336411531062135517878774      
   7.56741727338431013636353158068042027      
   7.24211350946594297789947036921468563      
   6.95468651520945829526418607068564429      
   6.69823352366396780966924192936826493      
   6.46749132959959630211397555230265519      
   6.25836749662814415820484759935427494      
   6.06762559216779495001717547145015201      
   5.89266799974123585574691154387503433      
   5.73138245741234452941124562164694654      
   5.58203133548025077162295049907472459      
   5.44317025726391683578815979108048901      
   5.31358728953307466658645197557237847      
   5.19225682431711532964233316576224893      
   5.07830413282802050590272752704707635      
   4.97097779270124660869976295746332364      
   4.86962800696626373421486323062489492      
   4.77368939000497071869567029373290952      
   4.68266718117364755299307436214312681      
   4.59612611736291179944056154564734093      
   4.51368138832922968630097040844524858      
   4.43499123747255928782242443861793922      
   4.35975087217880213158182720250520256      
   4.28768742297335741972871680695052023      
   4.21855574713465241998114535249031549      
   4.15213491533439040276908306682523707      
   4.08822525294747233219718109099669376      
   4.02664583346172738109959161326963733      
   3.96723234172174559604783871454194476      
   3.90983524085586386881078760809125786      
   3.85431818960146727559428472752160544      
   3.80055666705752625220635391263659943      
   3.74843677017996253003409201446222763      
   3.69785415599891231576005001050141117      
   3.64871310589332961004430503923143536      
   3.60092569355879317913724401595937076      
   3.55441104175077042505401337053916056      
   3.50909465564165220940638299897082725      
   3.46490782282902051667877912394128718      
   3.42178707178380531136278399538660833      
   3.37967368191926000753219025074445325      
   3.33851323956760425920558603274935561      
   3.29825523502975795254414379078522621      
   3.25885269656257873618171054538796337      
   3.22026185772587036668848851846644285      
   3.18244185495895759870986405310344630      
   3.14535445261832599998596375156581247      
   3.10896379300307100566667340491623466      
   3.07323616913888007525350046662007068      
   3.03813981829580106450664174898914377      
   3.00364473438924707404613062658772885      
   2.96972249756450596091384271711520946      
   2.93634611939772289214047924916807634      
   2.90348990226481843328415291829892303      
   2.87112931153699459736510764214918033      
   2.83924085935943276609309606114309088      
   2.80780199886000634989525184051789145      
   2.77679102771833046826312313345246880      
   2.74618700010296209060887639566341736      
   2.71596964605648279041740095510694293      
   2.68611929747484297781912902945755289      
   2.65661681988886166471842520649567362      
   2.62744354931224332036952472787797713      
   2.59858123347191760766232259215077680      
   2.57001197678289176441096924480069661      
   2.54171818847109366048205559081577218      
   2.51368253328378959060450250150043187      
   2.48588788425797773026151103496177302      
   2.45831727704255968833424306883333245      
   2.43095386528988767171130119594514774      
   2.40378087664625051088776037632539627      
   2.37678156887870635337809559216608005      
   2.34993918567699704919708241778527998      
   2.32323691166360982222571644781835063      
   2.29665782613175732574309034425961685      
   2.27018485500932445078451039881562085      
   2.24380072051568220305434300101212730      
   2.21748788793641680853292852506730519      
   2.19122850888687507386305713907512077      
   2.16500436036696865723804476483745505      
   2.13879677882439807666225106605154958      
   2.11258658833816344579300042400720749      
   2.08635402190494115090398703614936600      
   2.06007863465255849459602915311840773      
   2.03373920761100075594578570542969635      
   2.00731364043397952016501874692456212      
   1.98077883117267304106407024663380705      
   1.95411054084440478167478620582163949      
   1.92728324009546402712259218048558362      
   1.90026993470642035637884165283842462      
   1.87304196600064420332816139816691026      
   1.84556878135325877005898485356691791      
   1.81781766890659133446776763240971220      
   1.78975344920954910468349428582854897      
   1.76133811471785245802200656810583529      
   1.73253040579039635646633904351581544      
   1.70328530881532357354009367659143775      
   1.67355345814736624225464029948617876      
   1.64328041828095687811551950475906804      
   1.61240581561206237915454508668045111      
   1.58086227951311491359639357056541798      
   1.54857413916010304396075665968575694      
   1.51545580395143318603433151490205609      
   1.48140972889809288841277079700601476      
   1.44632382804762101423478991704822163      
   1.41006814240961442367429596450589174      
   1.37249048338875298200795067933070237      
   1.33341064042173987387088157240589881      
   1.29261253080989772573519608827788069      
   1.24983332321305682723615818265123667      
   1.20474797493356319919167412029593858      
   1.15694657002802367644972570268000082      
   1.10589987418530801302351789960286780      
   1.05090460959777152964247628899246247      
  0.990991616646670015390311269721637766      
  0.924760680891219931118988349727682755      
  0.850055316108624107067153659120884714      
  0.763237415002920888616727812806324566      
  0.657236531811712770781345160079245220      
  0.514257015781882707592384440872806446      
  0.235214912552007206245196159792575268      
   5.47365941520704153583042070326960459      
   10.5576177950224087886998066248836640      
   15.2705205037376062536683815758119895      
   19.8026198073961762317684060382648779      
   24.2289216595097122125904158938718756      
