   1.51623358829113941274200970099062625      
   1.54079776461394567788330806631973864      
   1.56574978727127737214506469666967295      
   1.59109636690561587066008862562890270      
   1.61684430778038861182973499765793068      
   1.64300050976612916736724218549399008      
   1.66957197033940479055715200344384977      
   1.69656578659527573423735923306585627      
   1.72398915727405673688539187592892419      
   1.75184938480315423320157886275332276      
   1.78015387735475346117932536025733463      
   1.80891015092012807734488503544289952      
   1.83812583140134148231184940442563365      
   1.86780865672110408968452082414628909      
   1.89796647895154449783371675674386165      
   1.92860726646264516906606720360077079      
   1.95973910609108497806439576232535920      
   1.99137020532944799285273827422269334      
   2.02350889454118561318094288311043164      
   2.05616362919033965946990689723454524      
   2.08934299210240300761072572279950770      
   2.12305569574520680250511203720124919      
   2.15731058453525762994117427206110761      
   2.19211663716940214988468407864166326      
   2.22748296898247915543812531292575991      
   2.26341883433160784732651306804958884      
   2.29993362900774987919980656070465790      
   2.33703689267517144560276991986896864      
   2.37473831133942035541284235308879186      
   2.41304771984442165536038958942626756      
   2.45197510439928393103648265635092095      
   2.49153060513539690098852382924667872      
   2.53172451869438931273784477633447137      
   2.57256730084750442266804527222605469      
   2.61406956914693846557486470482182101      
   2.65624210560967546132068582360144333      
   2.69909585943433942900039660562968840      
   2.74264194975157254368220085075251950      
   2.78689166840843493443062762915610250      
   2.83185648278730863930352324848600170      
   2.87754803865977465509454809850573982      
   2.92397816307591799564615469572167074      
   2.97115886728950114898542781609786039      
   3.01910234971943124408834461346426792      
   3.06782099894793054389314276297504819      
   3.11732739675580351079691760396619037      
   3.16763432119517658016476904660017476      
   3.21875474970006690939749294540849451      
   3.27070186223513313867614086955168700      
   3.32348904448288901905781461051639841      
   3.37712989106973698276696226321764336      
   3.43163820883105025188557754128390142      
   3.48702802011557877227877369269665084      
   3.54331356612940475030725320588363563      
   3.60050931031965173730691647051270311      
   3.65862994179812408256133595568275889      
   3.71769037880522920524980982846705118      
   3.77770577221307441811139279422896229      
   3.83869150907088917628390433225079983      
   3.90066321618873733443641238350199698      
   3.96363676376260064302570704773682759      
   4.02762826903958437017779026609935209      
   4.09265410002339016893334844300430287      
   4.15873087921994341347998808797940812      
   4.22587548742303255066697083554457499      
   4.29410506753975873470618341637396962      
   4.36343702845554721529949580370689236      
   4.43388904893841845412028772677832707      
   4.50547908158216009793919773339711807      
   4.57822535678798102589986187483263694      
   4.65214638678417262289770604629235567      
   4.72726096968319362928477957036036869      
   4.80358819357562126024933369244559845      
   4.88114744066018900864106321018344056      
   4.95995839140933830693194264204966823      
   5.04004102876899700577504489494222544      
   5.12141564239214710453130515100196070      
   5.20410283290485585742031353988034920      
   5.28812351620358672315308506911959717      
   5.37349892778285484013709474196963802      
   5.46025062709145660050388915599989610      
   5.54840050191611732543200611385086674      
   5.63797077279069427788526858081052609      
   5.72898399743021590368277032444261184      
   5.82146307518539112362419459896890886      
   5.91543125151897743051248953243727854      
   6.01091212249929229772348307274813777      
   6.10792963930962822705738200369707140      
   6.20650811277091670239610702413941357      
   6.30667221787458859089501924981862886      
   6.40844699832403426083064415436929981      
   6.51185787107988132384507089449314200      
   6.61693063090718262585004693794998607      
   6.72369145492054026720672459634808502      
   6.83216690712356571474764662926586147      
   6.94238394293878242414924336492253035      
   7.05436991372366913653249900280429683      
   7.16815257126871557917265416985132959      
   7.28376007227245432304205857153574325      
   7.40122098278861159617757467976855419      
   7.52056428264009897124215323789548820      
   7.64181936979419348189773335151009799      
   7.76501606469280056027737869937141108      
   7.89018461453217134846432492897484110      
   8.01735569748386195445639309773096799      
   8.14656042685156842513756206250159795      
   8.27783035515567378561386111563376518      
   8.41119747813713673690372608198076035      
   8.54669423867288888431640909412187579      
   8.68435353059392141940374067469852515      
   8.82420870239640610336377655614956609      
   8.96629356083623193648864117906045672      
   9.11064237439639787636437626445605949      
   9.25728987661644165148918083637412802      
   9.40627126927210938629284351034494946      
   9.55762222539308936541575868150147775      
   9.71137889210634784433710645583991220      
   9.86757789329007860442775319652954396      
   10.0262563320260871815663121716997323      
   10.1874517928334018813338740859761507      
   10.3512023436684484234852490788521780      
   10.5175465376744311623971777329128794      
   10.6865234146627631909174679083503052      
   10.8581725023068017275993164039912136      
   11.0325338170301128503605947597408983      
   11.2096478645669883612482808885179538      
   11.3895556401744703639624343670103612      
   11.5722986284734138211440105984875095      
   11.7579188028935600114206658500783226      
   11.9464586246997369408587545278991075      
   12.1379610415709013857218466699481348      
   12.3324694857067925662181169764028621      
   12.5300278714325892387036694344472423      
   12.7306805922725972453331825436678169      
   12.9344725174623973673374204128043611      
   13.1414489878677787953250460605535027      
   13.3516558112774964172991110317059024      
   13.5651392570370541864742317252635565      
   13.7819460499877026975237487026636300      
   14.0021233636769058726762322336501552      
   14.2257188128034120356024861494827326      
   14.4527804448607702723679837515818470      
   14.6833567309428554851851607233628231      
   14.9174965556742484111077153376962341      
   15.1552492062284764692220299794036781      
   15.3966643603975352817821974836662010      
   15.6417920736761306375546877313797527      
   15.8906827653237979950633605672249728      
   16.1433872033704569148285973682057599      
   16.3999564885286657665447968264555316      
   16.6604420369790632652544857763974890      
   16.9248955619931941655941626799924003      
   17.1933690543602861507619135615675490      
   17.4659147615824011608307063545684897      
   17.7425851658020794172113260688908617      
   18.0234329604256698166357824862303634      
   18.3085110254013481076498896403835888      
   18.5978724011094882010466430002588578      
   18.8915702608154513550045179381674119      
   19.1896578816311344764893704534151949      
   19.4921886139212772047680379698543876      
   19.7992158490817120553989863800362396      
   20.1107929856046843330137657717794689      
   20.4269733933318079701327551314893944      
   20.7478103757795766887719955886424777      
   21.0733571304040604561598557392076662      
   21.4036667066514174034651599559143687      
   21.7387919616195503271713491633751203      
   22.0787855131334316706082714458928507      
   22.4236996900137750416544495954871826      
   22.7735864792952971449661898144134246      
   23.1284974701294109721498435367435264      
   23.4884837940853842903341647625497598      
   23.8535960615476411057637804034489419      
   24.2238842938937351219537197892939853      
   24.5993978511303830706912816272060074      
   24.9801853546647716817472406862792422      
   25.3662946048958798151416013872827448      
   25.7577724933280214900259143173518950      
   26.1546649089364077795157567532720426      
   26.5570166385538870320775175417144648      
   26.9648712610994043078482584731239416      
   27.3782710355323322281235423147675322      
   27.7972567824934237719451801139347616      
   28.2218677596806994828020864885996770      
   28.6521415311074717969147590070031899      
   29.0881138304968007724841869443555101      
   29.5298184191807169309563560962167468      
   29.9772869389891188978444477498077349      
   30.4305487607301550294964450066891321      
   30.8896308289748941345462490188298784      
   31.3545575039611293173615957442348031      
   31.8253504015177942851305288101600545      
   32.3020282319779865736716204256675053      
   32.7846066390898686286667425836085086      
   33.2730980399459447744828997075801040      
   33.7675114669289466323114575621555499      
   34.2678524126138728078786922322414142      
   34.7741226784700123562101041935695181      
   35.2863202280745665402343235496927583      
