 0.81211389932745E-03
 0.80561432535520E-03
 0.79916935005249E-03
 0.79277830715012E-03
 0.78644055143171E-03
 0.78015545758640E-03
 0.77392241913067E-03
 0.76774084739509E-03
 0.76161017057189E-03
 0.75552983281957E-03
 0.74949929342108E-03
 0.74351802599221E-03
 0.73758551773709E-03
 0.73170126874803E-03
 0.72586479134678E-03
 0.72007560946486E-03
 0.71433325806053E-03
 0.70863728257019E-03
 0.70298723839167E-03
 0.69738269039886E-03
 0.69182321248385E-03
 0.68630838712642E-03
 0.68083780498862E-03
 0.67541106453305E-03
 0.67002777166345E-03
 0.66468753938617E-03
 0.65938998749145E-03
 0.65413474225315E-03
 0.64892143614594E-03
 0.64374970757892E-03
 0.63861920064465E-03
 0.63352956488270E-03
 0.62848045505687E-03
 0.62347153094528E-03
 0.61850245714256E-03
 0.61357290287343E-03
 0.60868254181700E-03
 0.60383105194118E-03
 0.59901811534659E-03
 0.59424341811939E-03
 0.58950665019256E-03
 0.58480750521513E-03
 0.58014568042879E-03
 0.57552087655164E-03
 0.57093279766846E-03
 0.56638115112727E-03
 0.56186564744171E-03
 0.55738600019901E-03
 0.55294192597304E-03
 0.54853314424237E-03
 0.54415937731289E-03
 0.53982035024474E-03
 0.53551579078333E-03
 0.53124542929428E-03
 0.52700899870183E-03
 0.52280623443078E-03
 0.51863687435154E-03
 0.51450065872832E-03
 0.51039733016996E-03
 0.50632663358362E-03
 0.50228831613087E-03
 0.49828212718617E-03
 0.49430781829757E-03
 0.49036514314951E-03
 0.48645385752757E-03
 0.48257371928511E-03
 0.47872448831156E-03
 0.47490592650246E-03
 0.47111779773095E-03
 0.46735986782075E-03
 0.46363190452050E-03
 0.45993367747937E-03
 0.45626495822388E-03
 0.45262552013586E-03
 0.44901513843144E-03
 0.44543359014112E-03
 0.44188065409069E-03
 0.43835611088312E-03
 0.43485974288122E-03
 0.43139133419115E-03
 0.42795067064662E-03
 0.42453753979382E-03
 0.42115173087697E-03
 0.41779303482456E-03
 0.41446124423609E-03
 0.41115615336943E-03
 0.40787755812867E-03
 0.40462525605247E-03
 0.40139904630283E-03
 0.39819872965443E-03
 0.39502410848421E-03
 0.39187498676147E-03
 0.38875117003833E-03
 0.38565246544047E-03
 0.38257868165830E-03
 0.37952962893841E-03
 0.37650511907529E-03
 0.37350496540343E-03
 0.37052898278962E-03
 0.36757698762552E-03
 0.36464879782056E-03
 0.36174423279500E-03
 0.35886311347327E-03
 0.35600526227755E-03
 0.35317050312149E-03
 0.35035866140425E-03
 0.34756956400470E-03
 0.34480303927576E-03
 0.34205891703904E-03
 0.33933702857962E-03
 0.33663720664095E-03
 0.33395928542009E-03
 0.33130310056296E-03
 0.32866848915988E-03
 0.32605528974125E-03
 0.32346334227337E-03
 0.32089248815450E-03
 0.31834257021104E-03
 0.31581343269390E-03
 0.31330492127507E-03
 0.31081688304426E-03
 0.30834916650591E-03
 0.30590162157614E-03
 0.30347409958011E-03
 0.30106645324934E-03
 0.29867853671945E-03
 0.29631020552786E-03
 0.29396131661182E-03
 0.29163172830661E-03
 0.28932130034388E-03
 0.28702989385025E-03
 0.28475737134602E-03
 0.28250359674415E-03
 0.28026843534938E-03
 0.27805175385752E-03
 0.27585342035495E-03
 0.27367330431822E-03
 0.27151127661385E-03
 0.26936720949821E-03
 0.26724097661752E-03
 0.26513245300791E-03
 0.26304151509550E-03
 0.26096804069656E-03
 0.25891190901751E-03
 0.25687300065490E-03
 0.25485119759526E-03
 0.25284638321468E-03
 0.25085844227821E-03
 0.24888726093885E-03
 0.24693272673625E-03
 0.24499472859486E-03
 0.24307315682167E-03
 0.24116790310328E-03
 0.23927886050249E-03
 0.23740592345412E-03
 0.23554898776027E-03
 0.23370795058488E-03
 0.23188271044767E-03
 0.23007316721747E-03
 0.22827922210512E-03
 0.22650077765586E-03
 0.22473773774167E-03
 0.22299000755335E-03
 0.22125749359294E-03
 0.21954010366655E-03
 0.21783774687789E-03
 0.21615033362298E-03
 0.21447777558625E-03
 0.21281998573856E-03
 0.21117687833739E-03
 0.20954836892980E-03
 0.20793437435835E-03
 0.20633481277054E-03
 0.20474960363189E-03
 0.20317866774316E-03
 0.20162192726167E-03
 0.20007930572701E-03
 0.19855072809099E-03
 0.19703612075169E-03
 0.19553541159138E-03
 0.19404853001781E-03
 0.19257540700825E-03
 0.19111597515546E-03
 0.18967016871474E-03
 0.18823792365083E-03
 0.18681917768340E-03
 0.18541387032986E-03
 0.18402194294389E-03
 0.18264333874817E-03
 0.18127800285975E-03
 0.17992588230654E-03
 0.17858692603343E-03
 0.17726108489673E-03
 0.17594831164583E-03
 0.17464856089110E-03
 0.17336178905764E-03
 0.17208795432446E-03
 0.17082701654945E-03
 0.16957893718059E-03
 0.16834367915445E-03
