   4.46423260902204122442191461438351732E-0006
   1.64548087482320726764850338857297127E-0004
   1.67487151145596935530050525085761122E-0004
   1.70484458474848426226682646220995688E-0004
   1.73541423531567666073856541773479765E-0004
   1.76659505171715722551840143282346584E-0004
   1.79840208770662024080534264778949280E-0004
   1.83085088018872742573070451068675909E-0004
   1.86395746791092582263657413974075559E-0004
   1.89773841091852327312201306304779686E-0004
   1.93221081080223592254491174939693846E-0004
   1.96739233176832805340487992500588464E-0004
   2.00330122256238473420084380092439392E-0004
   2.03995633927869218552222007470967695E-0004
   2.07737716908814892309438576020423448E-0004
   2.11558385491859227114175246852712943E-0004
   2.15459722112239969751297129334848791E-0004
   2.19443880016721203613937086576613369E-0004
   2.23513086038662626929125462471685352E-0004
   2.27669643482871874780625027315645431E-0004
   2.31915935124128578397065484765690068E-0004
   2.36254426323372765525876186311329647E-0004
   2.40687668265655432133730298496694322E-0004
   2.45218301324055745590200594604575056E-0004
   2.49849058553877420644037115500888064E-0004
   2.54582769321546448929887023584551955E-0004
   2.59422363072743692619079763206970589E-0004
   2.64370873244419025125197035390086455E-0004
   2.69431441325448912815239672572757345E-0004
   2.74607321070816819062451650359804285E-0004
   2.79901882874315839377361139940266922E-0004
   2.85318618304895890706381003180024455E-0004
   2.90861144811903939470916092477748704E-0004
   2.96533210604595608583554689144072405E-0004
   3.02338699711430540318554567669851897E-0004
   3.08281637224802710440693826658096308E-0004
   3.14366194737001077947763592901339619E-0004
   3.20596695973346293685173113288540423E-0004
   3.26977622628606443176718496578095374E-0004
   3.33513620412959886989177097105234650E-0004
   3.40209505313947163833782147087908333E-0004
   3.47070270081037759476866752622267335E-0004
   3.54101090939632486649484972647854807E-0004
   3.61307334541529634912549889998997584E-0004
   3.68694565159104341116685920636176936E-0004
   3.76268552130687390693573926381174328E-0004
   3.84035277564883596027011734789672822E-0004
   3.92000944311842835753313534247417348E-0004
   4.00171984209790807284654018535535802E-0004
   4.08555066614562868889953105598824955E-0004
   4.17157107225439021554730763163248652E-0004
   4.25985277208177901542711187427402561E-0004
   4.35047012633048594448868144360378265E-0004
   4.44350024234387683377547643286367501E-0004
   4.53902307502821963574422928296131596E-0004
   4.63712153121389949547796380801588660E-0004
   4.73788157757271433471118526247727360E-0004
   4.84139235221435466243829608869896467E-0004
   4.94774628009169170447796082028008226E-0004
   5.05703919235157008038496703820968310E-0004
   5.16937044977547040600356730955746734E-0004
   5.28484307046272192469573933538074410E-0004
   5.40356386191795749415200764112137198E-0004
   5.52564355771426872898011464422420354E-0004
   5.65119695891409770172643921558305989E-0004
   5.78034308044135776839122543889149250E-0004
   5.91320530261067927898954454643606830E-0004
   6.04991152803310122186204095205445529E-0004
   6.19059434413205850561623837651969443E-0004
   6.33539119151903271115898464144421664E-0004
   6.48444453849503164098123816242091074E-0004
   6.63790206196787539187998200575224519E-0004
   6.79591683507832099462607055469206013E-0004
   6.95864752187412811001834616931168842E-0004
   7.12625857937522155107737962580180420E-0004
   7.29892046740621796054664248107476425E-0004
   7.47680986659946557625529022598223498E-0004
   7.66010990499788654252678643446398594E-0004
   7.84901039372545100638925873884610092E-0004
   8.04370807220929114366149191643089660E-0004
   8.24440686352509403423827451289610360E-0004
   8.45131814040148364992189914053839025E-0004
   8.66466100252673247938908465808798397E-0004
   8.88466256582301662286630968867423872E-0004
   9.11155826440952973147540723981919613E-0004
   9.34559216603282514454000264961575753E-0004
   9.58701730180471187291837446051391341E-0004
   9.83609601115499769982611222981900748E-0004
   1.00931003029801145184451277214891961E-0003
   1.03583122340653524842737675885021927E-0003
   1.06320243058496139737342228393989657E-0003
   1.09145398809142092726821919074621773E-0003
   1.12061736203595534480652807079856675E-0003
   1.15072519440117689103310137745934082E-0003
   1.18181135139140880493203986341675796E-0003
   1.21391097443310984471733601412545808E-0003
   1.24706053390087772751321654154656418E-0003
   1.28129788581678151595007803554067576E-0003
   1.31666233173637501052213975147324956E-0003
   1.35319468206265467574199569922597534E-0003
   1.39093732308146800233297221257327123E-0003
   1.42993428780511529242571884364478362E-0003
   1.47023133143677752220605828843704917E-0003
   1.51187601112030709031028068641228060E-0003
   1.55491777085522313725764275554187318E-0003
   1.59940803177488787387060248187058397E-0003
   1.64540028826324393966836584594714368E-0003
   1.69295021039159029799919919117339563E-0003
   1.74211575320144670252936460458691407E-0003
   1.79295727340842446474464913640696160E-0003
   1.84553765414873542801710699932971874E-0003
   1.89992243849649589706657270604188307E-0003
   1.95617997240047946048484413670663368E-0003
   2.01438155799898814415186806719096138E-0003
   2.07460161810848369885156774019657296E-0003
   2.13691787290971642267246028737749801E-0003
   2.20141152989878086068060916169293074E-0003
   2.26816748827766488852622141413875458E-0003
   2.33727455906790145527541496596798284E-0003
   2.40882570234992690575741138836446480E-0003
   2.48291828315997656655505509592573153E-0003
   2.55965434771670167935828271581874827E-0003
   2.63914092180175120842829469620880526E-0003
   2.72149033328344212853158958493406976E-0003
   2.80682056094879243146248326441588480E-0003
   2.89525561200320281578821180214082100E-0003
   2.98692593079765751567218085744247225E-0003
   3.08196884156745187430068556304979627E-0003
   3.18052902819646617956955566200840238E-0003
   3.28275905425015915116308345448249305E-0003
   3.38881992690758146846295258994450398E-0003
   3.49888170831255459499318350881614444E-0003
   3.61312417885794716868849266509930340E-0003
   3.73173755630480713037473668119666317E-0003
   3.85492327578304559336579474409674868E-0003
   3.98289483541372662253775965899811749E-0003
   4.11587871298661615372525423834450115E-0003
   4.25411535899747697814054165419542975E-0003
   4.39786027217348682842034306310319535E-0003
   4.54738516330438511518241886320910680E-0003
   4.70297921372747246478428089505915848E-0003
   4.86495043484987505678782185234417269E-0003
   5.03362713516630952320593376832355865E-0003
   5.20935950124883523143761238640060382E-0003
   5.39252129904013774553357124726463725E-0003
   5.58351170154892606228483052071618790E-0003
   5.78275724864882692265000613209176581E-0003
   5.99071394411675704196745956397391122E-0003
   6.20786949430126891368616027262966473E-0003
   6.43474569182248053642971849022835433E-0003
   6.67190094657973974491538231681741419E-0003
   6.91993296489427493514810965492724034E-0003
   7.17948157601518235333492261014778350E-0003
   7.45123170355752304957311442902037646E-0003
   7.73591647724842135880470527730988096E-0003
   8.03432047873341446396402780409599823E-0003
   8.34728311295494851210439396751950863E-0003
   8.67570209504876834123497802918001119E-0003
   9.02053704111803634751781472357814526E-0003
   9.38281315033839481161284093448259780E-0003
   9.76362496565402222246622838694411056E-0003
   1.01641402008499213648758385836946403E-0002
   1.05856036236297415688158038537156476E-0002
   1.10293409872973805703101809631349242E-0002
   1.14967630078706280730498308133715510E-0002
   1.19893693893108742207962304337247117E-0002
   1.25087529060559764214411048447868843E-0002
   1.30566035605231398730759411068589533E-0002
   1.36347128411105709508632512028635945E-0002
   1.42449781155026879309448862474363637E-0002
   1.48894072019800007499998289057309924E-0002
   1.55701231691625542644657015048401150E-0002
   1.62893694200546696789870355526787220E-0002
   1.70495151205848735911456900580103882E-0002
   1.78530610340853780358467653115545485E-0002
   1.87026458228197742517102572688484413E-0002
   1.96010528744496135186745074224677156E-0002
   2.05512177068667794490280171552721790E-0002
   2.15562359985976036416177686327474133E-0002
   2.26193722854894605713563667532672022E-0002
   2.37440693570798790556248770706754415E-0002
   2.49339583806165325752538976640182183E-0002
   2.61928697748343605793717432240281402E-0002
   2.75248448523452057559146821466418909E-0002
   2.89341482471667679861794159353473972E-0002
   3.04252811436962907041575643450574683E-0002
   3.20029953242572139977191710391507406E-0002
   3.36723080548723684795367715601305296E-0002
   3.54385178324788949712568088831251768E-0002
   3.73072210207977175678411330106289831E-0002
   3.92843294068964403477737334314322507E-0002
   4.13760887154444093021922648893970072E-0002
   4.35890981225184195940529722072164192E-0002
   4.59303308159189603379323363884820238E-0002
   4.84071556535062468050608618796817084E-0002
   5.10273599755058697212816218013912919E-0002
   5.37991736311565900719343270370388011E-0002
   5.67312942839110308713333944886379888E-0002
   5.98329140630359895327767732993996241E-0002
   6.31137476333102417120008636817096594E-0002
   6.65840617576542057137015928306454509E-0002
   7.02547064310807723310844266130527286E-0002
   7.41371476673675928033859611769093823E-0002
   7.82435020231925297266305427936335033E-0002
   8.25865729477100398108733681058390563E-0002
   8.71798890483269640682122978877456131E-0002
   9.20377443670915404727380914563008616E-0002
   9.71752407651723456981612340395612977E-0002
  0.102608332515379837471077586883594365      
  0.108353873207066796923617962384692080      
  0.114429665069908980830643679822362271      
  0.120854510826637269307865652352737269      
  0.127648268187912706705134148116712174      
  0.134831907105566003738375604752486847      
  0.142427569903353650750712847196639179      
  0.150458634407587318071498091972974426      
  0.158949780202702804928167705768258566      
  0.167927058139616734987038628723173261      
  0.177417963227526067622375779724813522      
  0.187451511042179907700821003242430941      
  0.198058317786440094009244405287200855      
  0.209270684140750311663282309392213498      
  0.221122683043795100294717076928733583      
  0.233650251545529741581537285267266946      
  0.246891286876467763793491531901778608      
  0.260885746879478217271552301115821909      
  0.275675754951494681639844381134996827      
  0.291305709644779722812918750509555981      
  0.307822399078739100472386657887236541      
  0.325275120315260981384075183382526737      
  0.343715803852224275370123358291135594      
  0.363199143391789182519637533995745298      
  0.383782731042531646306923096757131367      
  0.405527198116914293940048400095230019      
  0.428496361688550222703961357162071834      
  0.452757377077331595755322767426164438      
  0.478380896434863911998874996122923425      
  0.505441233607698355213086609175915969      
  0.534016535461854332984089274618244376      
  0.564188959859349765312262368319283007      
  0.596044860486353298032442535207243639      
  0.629674978742606196488919346546436188      
  0.665174642912959790507124118226046558      
  0.702643974857075343563050478717762240      
  0.742188104467842763567410678309390339      
  0.783917392168216688789892884683032700      
  0.827947659736857729555484668162942320      
  0.874400429776569935026466005906401200      
  0.923403174165884032488077834660316514      
  0.975089571864799952377697624267684763      
   1.02959977647715198432297252280355904      
   1.08708069401075930757673319720148600      
   1.14768627131463255088902294478847531      
   1.21157779571782466382629092627030823      
   1.27892420644172107746821315145023128      
   1.34990241840844361127947008163623750      
   1.42469765912468977361523497615069322      
   1.50350381937773935268603456064696479      
   1.58652381854397177832142321241889377      
   1.67396998537646803541947544787934193      
   1.76606445520614047903355238603514535      
   1.86303958456489552902768477215575383      
   1.96513838431263466403120794644288348      
   2.07261497242590525061205999120760849      
   2.18573504768638292497308032007309237      
   2.30477638558208368946874485221175515      
   2.43002935781513726821817100271262693      
   2.56179747688623141597837962980041085      
   2.70039796729664658689937804353154762      
   2.84616236498304728593023489868498135      
   2.99943714665936375421228400495416318      
   3.16058439079809624088182888199482631      
   3.32998247202699705835015202436752002      
   3.50802679074924077769667169567388085      
   3.69513053980705761770540091057136158      
   3.89172551000872787751971013376248042      
   4.09826293630168778433906086270463911      
   4.31521438631704356007271412647885587      
   4.54307269291639794397958592442446742      
   4.78235293223081787955551303061282169      
   5.03359344849547969066568374331529145      
   5.29735692674228010224791111751768328      
   5.57423151409752610219008348530338683      
   5.86483199004990324354631703110582140      
   6.16980098557887945770653107109336306      
   6.48981025046384952836034311181494295      
   6.82556196741401584548070904667319966      
   7.17779011085637970653236472761516824      
   7.54726184728167968226465825140341529      
   7.93477897296411570452025876517661356      
   8.34117938362748885055074416000913584      
   8.76733856921843351226655053459877512      
   9.21417112535856973548523057106868454      
   9.68263227127392793913949085225666621      
   10.1737193620436131850591276490322511      
   10.6884733808661091331159369100324069      
   11.2279803947233478880290750575641674      
   11.7933729543354978095039306650217950      
   12.3858314166626392848307604712312904      
   13.0065851654381910297602632886950220      
