   625.235792478518062339603751423409261      
   553.851221654974792147536598525618101      
   402.227389915570847724091106275573248      
   267.516697756491010163214684712105796      
   167.721439168069831583060917180673356      
   99.8603920369011643784581720169743816      
   40.2210671326269195884122216798822950      
   11.4731841360260261515146285686366542      
  0.895832772319772355435666487344925287      
  -5.70931545060239956949525324248513783      
  -14.9550703670525406223353554891839020      
  -11.8141297983862599092084082294762377      
  -11.2111732027057341380138925406791651      
  -10.8798105329800954732827237563848077      
  -12.4883905825476072092284802341654924      
  -9.21530731058356729601831492163504439      
  -6.73171971921480430381432556860860128      
  -6.02804769749727684235114660349633447      
  -7.80210916942627896342361169897378120      
   0.00000000000000000000000000000000000      
   0.00000000000000000000000000000000000      
