   19276709841.8437139253598994920988322      
   627069793.052832247517261878516488025      
   370948878.788340722204987645048073355      
   164672571.988080306790749289017968516      
   65240178.8406513135602083048215894522      
   30825975.1625882077710185376077313615      
   16499285.3733374098585990227339482835      
   7577047.20115590850800845220052124639      
   3088776.50461380681259121145399266342      
   1390818.81498780643947593373864185463      
   586779.667845155031838876558370198384      
   192462.887258544762265018828392513616      
   79496.4661776818307040574178871253949      
   40806.8187930963626143569709340654747      
   16848.4289599679676283032030037987012      
   12652.3542510692420215425045775934321      
   9023.16570330103323720686829770227296      
   3785.41242008625430825834798386243175      
   2675.91293153301661766204476865325376      
   1427.49531680077295000765692692464785      
   45.5502032682706284335412164175720970      
