   593002.146990935720763686013870898824      
   502230.961748157489147058172913247751      
   322454.100135149713749243692673572000      
   174483.980098501731108536778348880677      
   96905.9100985336870005432419221579755      
   58608.9632293296798900905137526598607      
   31443.8389132045918267104943546928113      
   13741.4150637368231657169886778636468      
   6646.99949416769689536134286154610219      
   3625.22600411261035173014110109364983      
   1332.17622442951582398130776570396833      
   485.459757116655761352449413802971064      
   513.536462278499045766359887277000803      
   282.875684555388421575891318532175269      
   79.4909395605858896759589214438507044      
   167.431766214807503680445044576605041      
   130.670916699946359924578113761436402      
   20.9538896019120136753011333985697331      
   46.5846498900184131482709559615691117      
   117.539071467224505306144996431057312      
   0.00000000000000000000000000000000000      
