   24426506563.5908400999620060559473697      
   3275596555.09973203010548131409099595      
   1185679127.04327571691422153711968361      
   375516888.087684287233337622284186012      
   333554399.652230348796836491572333149      
   262934669.057830024104980645799624157      
   181673845.672494163451377992486908592      
   136606089.605106203622427267236534111      
   94318016.0183646583384670058996436030      
   64555889.8782396370687532890982167331      
   43061717.0883455557538982722755858236      
   27054958.4620683767170881616712339210      
   16857537.5409451665267740124776682539      
   9930432.48656893238821333756078968183      
   5765153.62727206755409616730685252436      
   3321840.18376683350489033930415988674      
   1905887.49110781317999359867877200033      
   1175536.08720550318354202553294125527      
   742007.222145497560844066209990097391      
   498334.116592599975139709130228935168      
   325678.961221643209380150148586789984      
   195222.010538427061541796998454406305      
   97034.8859501148772322801362524853835      
   23126.6261179520967716342873088248031      
  -20599.0792921702954385758370325573194      
  -42037.2080621900007198357777488062316      
  -43311.2602173089862746401436122518798      
  -33412.0824739482749358718548578863174      
  -18413.5985428840126392376959033355244      
  -3773.68292931874512492223553794702228      
   6665.64193330759944277155979505929068      
   12389.8579908261844741767178182300460      
   13063.7802518300849688543102368690359      
   10697.0563485284160368840420335445356      
   6615.31785224112000931631270461954523      
   2496.17834938722130761259423072517002      
  -598.272564347532399794238648243622852      
  -2371.16835884083720168869499846984313      
  -2660.69419779717440388891588140821585      
  -2009.57504877472919629269963753320588      
  -785.627827234184296883457831680775001      
   496.519915099298212273890196593095735      
   1493.46263433389173487872267860889018      
   2091.86093730071777636967213195288867      
   2212.86366511860551974466061252888227      
   2005.48209526137213508522614583024564      
   1585.83849919834760602552112637451902      
   1089.51160867729420554173181125232829      
   658.783210569288034394797163982762535      
   333.179474532960913568490189189725892      
   99.3654191105209247688414857366336994      
