   24382146767.5233176573904520205856544      
   3311397067.17368544435652013187922706      
   1165876493.31027983871750318729276070      
   382718106.659757558090172703127843130      
   332752770.562795866049740252338632541      
   261747511.832043495183699870600813322      
   182816475.694576170681721770161798822      
   136012014.133481609188417697454949942      
   94465830.7895035359132557925900339957      
   64626505.1242177921867348134391959236      
   42940283.2878256603030118387587106187      
   27150356.5888873510632317569351576998      
   16808156.4214386343189601851820497212      
   9945075.59043216838662219518754102983      
   5769755.57376128456241836253264159417      
   3311122.75154550195804136765572268460      
   1915394.84286164852984012129739928408      
   1169271.05227814309868723519460939734      
   744703.935558716913377673888906357248      
   497669.601133746372286453644799827922      
   325184.709992538738987430484158741717      
   196004.409338520934778474121292811864      
   96377.1945148256762991116982171662016      
   23651.5071237764744488931320168456498      
  -20863.6603422836825529300636078397646      
  -41856.0027840720857502745901031456347      
  -43368.4261923890204622774736522699423      
  -33408.7345934893479586423445728268006      
  -18386.3853217409862384544961285287115      
  -3846.70329689129428564121326706886712      
   6724.43186168960132292553003718878107      
   12317.1997384313864861680821833647185      
   13107.3411543122307673484838661281621      
   10671.0821623159428373960144480093926      
   6621.44876160795330185956924521329003      
   2512.09640663855440714386547761515907      
  -615.740127906526154396365491105681126      
  -2346.51958022164460721021622100210557      
  -2676.51593930061880705861818695272356      
  -1999.80731327409882953192346071088675      
  -788.270216108109669895318328183399641      
   491.160662659948043087827814271753739      
   1499.16456839428462625805483378868812      
   2083.43760880798496026982090917011996      
   2217.33272507505536516521394449862130      
   2002.94916659369368173798151498828669      
   1585.10512321136351453550774199925228      
   1092.23780955447047243937542227764896      
   656.555125956212885734584696395217012      
   334.653573299146684338130363238087234      
   100.822741133389712713194476336981220      
