   24441399155.5497771305643352009010679      
   3263080352.30382717007180278992766418      
   1193217761.76216208897000497853427722      
   372441451.317528547739682807218657619      
   334024126.299780093811684147228916939      
   263435161.568127661146360786262646175      
   181110367.602554644808028263411238207      
   136928119.018107449456660298128390187      
   94230572.7657825685143010114409621505      
   64512055.1492881625759875913213465616      
   43143169.9559990209288773266573170239      
   26987837.7468979504986154348487621010      
   16893888.0601563910607636566397756463      
   9920497.53080430782083839704095440763      
   5759787.14382240566959628268331650228      
   3332329.57080008334567834561017834969      
   1896624.54669681792051255230687066494      
   1181187.63637942383803404476201071323      
   739944.011587912691001635106451539559      
   498044.168783334828422242779063124098      
   327016.114038468279706743206021148461      
   193785.726898127740733810749866367040      
   98078.9561394637429392863496270752567      
   22561.3979099815794183310926998955333      
  -20430.3927187380903414013660720645074      
  -41982.7169596400822144158702078656045      
  -43454.9313062021933326431248282357630      
  -33264.3141409279034787055147913580624      
  -18525.3573583375199331285781382054003      
  -3696.51198168936026077854922054267939      
   6620.23469531719478937215384510103239      
   12416.9567718605610884769035229796397      
   13051.1431872661288806897452947532338      
   10698.0346729594873833064628785851885      
   6623.04744995253788454714392767074435      
   2480.43082612829686783411373501883427      
  -580.261840790699421251283233139762343      
  -2388.39184658051994926115381826268381      
  -2648.83505277771235683386245756415644      
  -2014.08557063859007683414352040875809      
  -788.037811750437114748141965843938721      
   504.569808925581452165103732586549675      
   1483.46200571533071216131136818553073      
   2101.29226172113268421655203070536815      
   2206.68780405552517321562722680489300      
   2007.53111167158067253987340386273932      
   1587.37020883219071811278628677964303      
   1085.79341318195826766112308875369085      
   662.033901008771163221583390013099766      
   332.407454818001300263853668127111451      
   95.5846784135254601777684697578877916      
