   24441383073.0335272638395137334372238      
   3263094012.45618974168089444473974315      
   1193209343.30498147034633964280385092      
   372444978.495645406318158354307993832      
   334023581.915124681816143923799591185      
   263434536.178236967007188275212240178      
   181111092.680513442236234648291698502      
   136927684.782166249324256337626973241      
   94230707.0468577842845093501822583531      
   64512097.6796205613665280889866918746      
   43143071.1364150764313473114396114417      
   26987921.5632253414838955798307784992      
   16893844.0533923297358228763468380837      
   9920505.70177647295284282700883555337      
   5759800.10528645866775616114158740634      
   3332309.76605515122492288988413433582      
   1896641.94684215464997186804398366616      
   1181176.31553498504841524482881973885      
   739949.311551720135270255282656553413      
   498042.970397828922463926266990915576      
   327015.371133219311203858516001465912      
   193786.799600222797357273981215881485      
   98078.4151614590754347042820896240366      
   22561.2066540146544367466456561595932      
  -20429.6143089217302289535368387806316      
  -41983.7915693109186514523992244739998      
  -43453.8124395228183196060939220856825      
  -33265.3206691402518152267392125692761      
  -18524.5284040345127791977577957889708      
  -3697.17231026326412648247795092261886      
   6620.75731338178992415093110597478545      
   12416.5308963093460194093243057605346      
   13051.5011225933805054532923190716049      
   10697.7264889237277273826616165898522      
   6623.31796823374643208606183921704398      
   2480.19200858009088939989971002147500      
  -580.046638206431077804752768278097846      
  -2388.58922926700917839768142185074083      
  -2648.64932835790591454850505504300089      
  -2014.26340497412742997101132901886495      
  -787.867255927715998454530514449956441      
   504.407514248624765965774242388491726      
   1483.61261884638379755946283093525511      
   2101.15595177326407596273876054846288      
   2206.80782288128120982108516137243414      
   2007.42712178680120386952944999938100      
   1587.46081817454304303364392982360137      
   1085.71222634894766708681368025729570      
   662.111164740953425636834780270686907      
   332.329325434935695900343795865057059      
   95.6677397398857265271887906576666534      
