   24441170880.9168680788055511048804749      
   3263274222.64741657022690846573188600      
   1193098302.99827244027581890141896937      
   372491514.130916938018798443538800067      
   334016355.500387808242403923955364832      
   263426357.463093645223848642448782068      
   181120582.797634383674667020656974991      
   136922019.559248555421628894422353519      
   94232431.3966588089745607582537187683      
   64512692.7754332754381786498997532988      
   43141741.2248496344686733851615719425      
   26989050.1520013836106147667275092978      
   16893241.7466950389145917790909329899      
   9920634.72158719220315323506791267123      
   5759950.80101227862575181935636937574      
   3332067.22894527968633617928943116256      
   1896854.76355771296403694928587100301      
   1181041.57933089793942986581832116744      
   740006.568986278556069620597546179304      
   498038.184212762847306657051011860925      
   326995.841959527081896000176395778349      
   193809.671860715174146860144510646519      
   98063.3647727910503664312015780006728      
   22565.9122308177416230750965122898912      
  -20425.9530941575739496120881134343366      
  -41991.9432238366620066128963678240105      
  -43444.5234281264937735914534673742461      
  -33273.6469460854093293367369835732532      
  -18518.0670664682117140364230424945311      
  -3701.84075294728431177321158155305944      
   6623.99308485579555481466365708118596      
   12414.2312956609840425953149458345797      
   13053.2051709936384501667158886692040      
   10696.4113841472737770874258301597092      
   6624.37542458294554904472799863140727      
   2479.33762988847626047037440814493723      
  -579.309403110170293942352624133085385      
  -2389.26715468162172361384876272254163      
  -2647.96597948517309922482422924934707      
  -2014.98687785173378134552520065027978      
  -787.109104394548703368215564761948624      
   503.639747004826882251122873974694200      
   1484.33389147314201920315744752757643      
   2100.52564923685686006503780202190915      
   2207.31179664389660309140308254705824      
   2007.05441929741669551130288653679829      
   1587.72935212280670894125567517146443      
   1085.50288027104055569024836689757949      
   662.327255587333551667072769413357198      
   332.049303789529122164034197528486243      
   96.0601581767329697560979731706025242      
