 0.11174265202507E-03
 0.11174591996998E-03
 0.11175137665312E-03
 0.11175902832124E-03
 0.11176888103029E-03
 0.11178094024155E-03
 0.11179521047581E-03
 0.11181169505608E-03
 0.11183039603884E-03
 0.11185131452515E-03
 0.11187445154977E-03
 0.11189980960717E-03
 0.11192739466881E-03
 0.11195721840255E-03
 0.11198930027680E-03
 0.11202366929003E-03
 0.11206036515561E-03
 0.11209943885638E-03
 0.11214095255516E-03
 0.11218497891101E-03
 0.11223159990830E-03
 0.11228090535042E-03
 0.11233299119442E-03
 0.11238795790045E-03
 0.11244590894306E-03
 0.11250694958771E-03
 0.11257118598451E-03
 0.11263872458387E-03
 0.11270967184043E-03
 0.11278413414736E-03
 0.11286221793183E-03
 0.11294402984300E-03
 0.11302967697196E-03
 0.11311926705690E-03
 0.11321290864146E-03
 0.11331071116934E-03
 0.11341278501081E-03
 0.11351924142736E-03
 0.11363019248779E-03
 0.11374575095381E-03
 0.11386603015565E-03
 0.11399114387829E-03
 0.11412120627799E-03
 0.11425633184690E-03
 0.11439663544056E-03
 0.11454223238056E-03
 0.11469323864154E-03
 0.11484977112876E-03
 0.11501194805021E-03
 0.11517988938506E-03
 0.11535371744820E-03
 0.11553355754979E-03
 0.11571953874734E-03
 0.11591179468786E-03
 0.11611046453707E-03
 0.11631569399331E-03
 0.11652763638411E-03
 0.11674645384453E-03
 0.11697231857724E-03
 0.11720541419596E-03
 0.11744593715537E-03
 0.11769409827246E-03
 0.11795012434630E-03
 0.11821425988544E-03
 0.11848676895469E-03
 0.11876793715567E-03
 0.11905807375855E-03
 0.11935751400584E-03
 0.11966662161281E-03
 0.11998579149348E-03
 0.12031545274598E-03
 0.12065607193697E-03
 0.12100815673124E-03
 0.12137225992059E-03
 0.12174898391540E-03
 0.12213898577320E-03
 0.12254298285179E-03
 0.12296175919070E-03
 0.12339617274377E-03
 0.12384716360957E-03
 0.12431576343512E-03
 0.12480310620436E-03
 0.12531044066683E-03
 0.12583914471774E-03
 0.12639074210938E-03
 0.12696692196231E-03
 0.12756956165559E-03
 0.12820075381856E-03
 0.12886283833123E-03
 0.12955844048001E-03
 0.13029051673122E-03
 0.13106241000194E-03
 0.13187791686702E-03
 0.13274136989666E-03
 0.13365773935367E-03
 0.13463275991211E-03
 0.13567309007172E-03
 0.13678651481023E-03
 0.13798220616938E-03
 0.13927106259389E-03
 0.14066615704859E-03
 0.14218333808442E-03
 0.14384205029389E-03
 0.14566647663460E-03
 0.14768716525481E-03
 0.14994340750543E-03
 0.15248682131861E-03
 0.15538694851257E-03
 0.15874038314912E-03
 0.16268646362941E-03
 0.16743608170373E-03
 0.17332923578235E-03
 0.18096376824334E-03
 0.19153355615100E-03
 0.20797297917666E-03
 0.24129825196498E-03
 0.12828400269664E+01
 0.80542483194260E+01
 0.13657590970496E+02
 0.18854172141840E+02
 0.23815942400440E+02
