   1.38699191611153904982757238254515003E-0002
   2.44049635896935600607856880184253859E-0002
   2.62804662602433986419488912243183496E-0002
   2.82915451905391106472886609578040896E-0002
   3.04495388371416655690175423140737515E-0002
   3.27664797786107039620581276079285238E-0002
   3.52551607928282423837320534981809382E-0002
   3.79292065160590069263770936579166515E-0002
   4.08031506863553702800905239582405416E-0002
   4.38925188915166321777971080964901856E-0002
   4.72139167547210509438161703931659609E-0002
   5.07851235687107785397462020447103241E-0002
   5.46251915025352341620632501640465269E-0002
   5.87545506292768212740527351666720088E-0002
   6.31951201422716448556985099894062972E-0002
   6.79704262317844823719291166927997940E-0002
   7.31057271805332609871538218347860114E-0002
   7.86281463055495079739709096919329970E-0002
   8.45668134285493687539188862993411326E-0002
   9.09530156011001409532767691774838384E-0002
   9.78203578481962683881653420743116230E-0002
  0.105204934727695426807703154648774833      
  0.113145513535984753771339377483632054      
  0.121683730024121393585707578091348633      
  0.130864297524786693653096060631095376      
  0.140735230429499638938871502279776697      
  0.151348082998102893562731163936177340      
  0.162758204528792018236817709264047128      
  0.175025011966995921582439042118321624      
  0.188212281085260826939863775584954263      
  0.202388457423947772650261766185886019      
  0.217626988244046563206623984883641288      
  0.234006676808796890161525116830632176      
  0.251612060380202684449997942740004868      
  0.270533813390107160116119215620310735      
  0.290869177323520275475702372168303437      
  0.312722418934698450245492235861851660      
  0.336205318504509336140260213491954929      
  0.361437689941420447919731867383362349      
  0.388547934628701134447450380047903262      
  0.417673631027932341239442017415949140      
  0.448962162164637312139927203199103532      
  0.482571383246911832589930655548633104      
  0.518670331803661441043330094538695251      
  0.557439982876973325997239221845879540      
  0.599074051965000408182612608055272473      
  0.643779848589505606974565640424646995      
  0.691779183558132759571105544984825655      
  0.743309333208028422710736129644103620      
  0.798624064157390199855113972380321096      
  0.857994722357856769960195960913938425      
  0.921711390536647906457398173603438990      
  0.990084118446423564055706762358376285      
   1.06344423070665841037990166830765658      
   1.14214571742649945332778884528761895      
   1.22656671324956829760556568601979886      
   1.31711107095937850143787612397448394      
   1.41421003633362471019768036487692509      
   1.51832403153950864893272313016059325      
   1.62994455502303104647779544467571160      
   1.74959620656448326489528562269581593      
   1.87783884695091983981158291097418173      
   2.01526990255355677402551762298464830      
   2.16252682599168626132345336019569250      
   2.32028972501086786000326737074693642      
   2.48928417269597082328962904329713047      
   2.67028421317100690779564695209159552      
   2.86411557799752010776545661887438110      
   3.07165912955963328831732047525600291      
   3.29385454880319466954629586747272346      
   3.53170428576510544237722719159675395      
   3.78627779237399330221301721026280324      
   4.05871605801531518950311422297325744      
   4.35023646932944190645766801347726715      
   4.66213801665774204793417521400951914      
   4.99580687049283166760281159316162834      
   5.35272235227261406582880036083425173      
   5.73446332496394724253560453951454973      
   6.14271503023596837751012956252368817      
   6.57927640080558419835153290272639505      
   7.04606787900044594956731541448098169      
   7.54513977605816803473001577812330790      
   8.07868121157913107724309718354758190      
   8.64902967936337884206343795764357518      
   9.25868129511445257139475026139357605      
   9.91030179364579643729153223766355208      
   10.6067383585423855104148514842364627      
   11.3510323854472543897552461596981811      
   12.1464333000107744803627700884762229      
   12.9964135701810115558696739421720197      
   13.9046850645533990707266378026202947      
   14.8752169049199314255152809099508660      
   15.9122549287582483856412013761191125      
   17.0203427987833074575480515561293836      
   18.2043446526218028562724709442176203      
   19.4694689610123507837620283835735875      
   20.8212929573475923290552912696012599      
   22.2657866440406464500128559429855835      
   23.8093350445308331155910844833056663      
   25.4587571703931310755379302455904608      
