 0.11174265202507E-03
 0.11174591996998E-03
 0.11175137665312E-03
 0.11175902832125E-03
 0.11176888103209E-03
 0.11178094029949E-03
 0.11179521118798E-03
 0.11181169983093E-03
 0.11183041734215E-03
 0.11185138583497E-03
 0.11187464493669E-03
 0.11190025698122E-03
 0.11192830981746E-03
 0.11195891710788E-03
 0.11199221658304E-03
 0.11202836687099E-03
 0.11206754340114E-03
 0.11210993370580E-03
 0.11215573234467E-03
 0.11220513568014E-03
 0.11225833678934E-03
 0.11231552084633E-03
 0.11237686130362E-03
 0.11244251713670E-03
 0.11251263130384E-03
 0.11258733044477E-03
 0.11266672572166E-03
 0.11275091461368E-03
 0.11283998342077E-03
 0.11293401021301E-03
 0.11303306797345E-03
 0.11313722771540E-03
 0.11324656140100E-03
 0.11336114453803E-03
 0.11348105838082E-03
 0.11360639170382E-03
 0.11373724215192E-03
 0.11387371719790E-03
 0.11401593475638E-03
 0.11416402351448E-03
 0.11431812304500E-03
 0.11447838376871E-03
 0.11464496682936E-03
 0.11481804394055E-03
 0.11499779725697E-03
 0.11518441931588E-03
 0.11537811308784E-03
 0.11557909216904E-03
 0.11578758114186E-03
 0.11600381612510E-03
 0.11622804553143E-03
 0.11646053104642E-03
 0.11670154884144E-03
 0.11695139103193E-03
 0.11721036739239E-03
 0.11747880734051E-03
 0.11775706220502E-03
 0.11804550779487E-03
 0.11834454729135E-03
 0.11865461449024E-03
 0.11897617742718E-03
 0.11930974242744E-03
 0.11965585863039E-03
 0.12001512305012E-03
 0.12038818624668E-03
 0.12077575869824E-03
 0.12117861798345E-03
 0.12159761690589E-03
 0.12203369272040E-03
 0.12248787765496E-03
 0.12296131096332E-03
 0.12345525279567E-03
 0.12397110023878E-03
 0.12451040595863E-03
 0.12507489998102E-03
 0.12566651527705E-03
 0.12628741798911E-03
 0.12694004335165E-03
 0.12762713864741E-03
 0.12835181491737E-03
 0.12911760964602E-03
 0.12992856332169E-03
 0.13078931369439E-03
 0.13170521282613E-03
 0.13268247380443E-03
 0.13372835650559E-03
 0.13485140541216E-03
 0.13606175778348E-03
 0.13737154837395E-03
 0.13879544891989E-03
 0.14035139937545E-03
 0.14206161793238E-03
 0.14395402649544E-03
 0.14606431315225E-03
 0.14843900415615E-03
 0.15114019912280E-03
 0.15425317548649E-03
 0.15789922381979E-03
 0.16225868446834E-03
 0.16761563330172E-03
 0.17445386249551E-03
 0.18369435694480E-03
 0.19742326265914E-03
 0.22215890142052E-03
 0.31463792949873E-03
 0.70864185983582E+01
 0.13724588661007E+02
 0.19652634958238E+02
