   19265428331.1538903098641255553348512      
   630078071.609276878541079867008820309      
   373003170.520432787739852389605080934      
   163559738.836949519800312625441376269      
   64979785.3421775636479438160458712442      
   31197232.7477081633333584236415236955      
   16423667.3284132754515325736622950096      
   7530443.80050661312301562920587265511      
   3118237.74445063969347972346262979082      
   1388454.58913949682185311698645669350      
   584652.658057726026193954610730984520      
   191196.516482671288430205553634271152      
   82078.3197886846710180158941790928298      
   39101.2442453740618974571592202440154      
   16807.1858070993902486363688155388115      
   14347.6553609281351353540840285503376      
   6953.98480930698000247432660529527287      
   4675.55359470185784852179794974729421      
   3385.34891434285594229827893505976570      
   302.740083546454180963707750325390715      
  -87.5339174771262582768987863078024882      
