   647.254876254394212001522103446810789      
   573.331611034330941361736822140044703      
   422.731298584409863686563556453364062      
   290.946819948953051642352367299057944      
   191.238399340599021889732440223128429      
   113.874393314371921918615130679216850      
   62.1271673272159265620179091083327753      
   33.1382406414755925404116972362679601      
   17.6270545035460518074430582206521025      
   8.78976148897780108175691418486632351      
   4.76089177726243748460393856432462765      
   3.03780257402240419556298461593104321      
   1.73914325508028421282004777219603452      
   1.12072497862653317425011537092567748      
  0.697215077992208750194276551552700504      
  0.289845872704540645060351322504689716      
  0.192180040588659742590739804494134507      
   2.04531213925955802048248124230035578E-0002
  -6.56688098630130791992296232764733487E-0003
   0.00000000000000000000000000000000000      
   0.00000000000000000000000000000000000      
