   19286001171.0211557860153277906239825      
   624545021.344737252903444658649011601      
   368535840.785297423420126735262118412      
   166198061.030711559566118240827289177      
   65359793.1637574239302643638708674518      
   30455635.9280614770202810782114625497      
   16547274.3012073359148595969210021919      
   7670016.32929096730995014921482773370      
   3042057.70509553202344725061626674199      
   1381264.57633012698027721092482354795      
   606402.556126077265411889236159896339      
   185209.043401054562496348812694358821      
   75987.7437340371686309904573365273120      
   46812.5250286025656730544000900398012      
   14383.3299224130106304462289155017077      
   10696.7181810826539496825749232719214      
   11998.6021923159399677742504207168437      
   3216.62632066925436995296881367189480      
   825.571771553472516517649254790749175      
   2810.00062697552117018689729912790229      
   1441.88502784219180351736920909691279      
