   608481.265077116025023914294400557583      
   409394.790916669525711385277122047994      
   176009.990787059272890236031330924387      
   136430.002047106511361858960961788446      
   93197.7552262844510356935252897124918      
   48826.3851176808144644353143423099937      
   30548.2348812699818557059328732681101      
   13781.2605038081083530577292801850982      
   6835.04184086765646519946455944877333      
   2626.45523447625573079477180961844186      
   657.861618550165591219287297140280634      
   307.370780225586421786064956095777877      
  -40.4233950511069989999322216055237657      
   125.364521007880226308792740235975707      
   77.3251659662092287873616936102241185      
   104.863222341739061482696271491554531      
   82.0065874508727004643580047094611370      
   39.1739094220360303372841437187472772      
   28.8963848697002431019682170696502999      
   1.65526916409062598561860457793177737      
   0.00000000000000000000000000000000000      
