   628.591826567376949151286157720033577      
   565.947888781693845907438202062446894      
   428.278100125025789508346777269265752      
   296.609629438494863463019282074886983      
   197.297021151851982705226304418345606      
   121.383057834764595437364022023603265      
   69.1386233325740643184615541911381517      
   40.0785209419717122314811507727332511      
   23.8569034175145195000273883391856787      
   13.7303090606347953149787638348560069      
   8.86684104366477774601944749552391153      
   6.18611242383941526727712353443902909      
   3.91439595451433033352842060524279828      
   2.60617568962120123533239468057962607      
   1.93474273702899517105781711731520686      
   1.03764466294177628521315693483966411      
  0.612595806170539549181258203694426203      
  0.520198172009467747903073224668666112      
  0.276486438239500506624354958617489865      
   0.00000000000000000000000000000000000      
   0.00000000000000000000000000000000000      
