   627.588455726884298769264071101477926      
   555.092256338337617963951852936267499      
   421.588250217032756409794942637516386      
   298.286291086612047501844257592093599      
   194.227113779583744914108855740946375      
   118.144979065944713049854051606068433      
   68.8204555791088421948350912547960002      
   38.7423776932736789818036647477657545      
   21.6940687687707714929081040538075210      
   12.4836499407101823184717722046756450      
   7.49398753672989243710830980310937727      
   4.67482566983293131322045062778187148      
   2.95115100086567792422419592071541705      
   1.81183786813142996195755572505216521      
   1.04897791950715616709783662862942297      
  0.551446725846546050351161076932084502      
  0.253817578662446647343879912917339027      
   9.32126009290958727606399411683326433E-0002
   2.27259232885055076528308130305462105E-0002
   0.00000000000000000000000000000000000      
   0.00000000000000000000000000000000000      
