   3.32832202527756820295674353683623902E-0002
   3.30101595838152377018415647206152105E-0002
   3.27339687407354633172392370658441238E-0002
   3.24545513888465051791427735275767643E-0002
   3.21718063195595296103002851569190951E-0002
   3.18856271049690496333037277835940715E-0002
   3.15959017207972853758563188054665240E-0002
   3.13025121341348135212558715510599219E-0002
   3.10053338519334826169098134406201206E-0002
   3.07042354256548255882221164806677173E-0002
   3.03990779068367395629771091167079274E-0002
   3.00897142475971875024452570508776357E-0002
   2.97759886392270476791016097467138226E-0002
   2.94577357810120105134362158928259914E-0002
   2.91347800702377904313134002456323453E-0002
   2.88069347029400959813382799715230575E-0002
   2.84740006733200060492960696789258774E-0002
   2.81357656578055515286791440639175778E-0002
   2.77920027674414006861740470840120142E-0002
   2.74424691495539140467452549931192118E-0002
   2.70869044163750111123916458978548190E-0002
   2.67250288744018401141654540658855517E-0002
   2.63565415235746367530232580098691423E-0002
   2.59811177896960242463258765547414899E-0002
   2.55984069466678948668493269416280563E-0002
   2.52080291768079312414921483192913862E-0002
   2.48095722073759574147888956093759438E-0002
   2.44025874490479665866245249785215154E-0002
   2.39865855468628242339747269771318987E-0002
   2.35610312354223817027020054897057932E-0002
   2.31253373669440785174347492691609199E-0002
   2.26788579519886964055972911555997170E-0002
   2.22208800168250881802497169152142990E-0002
   2.17506140365062251754722431216286086E-0002
   2.12671826463540850037727830136894778E-0002
   2.07696072631814728030603217683914424E-0002
   2.02567921568588090016243036273679306E-0002
   1.97275053960702152124990743812129715E-0002
   1.91803559398022278646440486676975693E-0002
   1.86137659428996599068434240849148360E-0002
   1.80259370637952345599072993414207266E-0002
   1.74148091574791820513707109759106223E-0002
   1.67780091143194463494099686416759972E-0002
   1.61127865785024446520049419913418980E-0002
   1.54159314616816583023673256876387876E-0002
   1.46836647483331589788756743882892960E-0002
   1.39114873745669553738274992659048862E-0002
   1.30939584169328487375466364331925045E-0002
   1.22243460463906460667046693485303172E-0002
   1.12940365542047295111658110253449865E-0002
   1.02914590020852907858044004231417580E-0002
   9.19997070329925311902396909794638606E-0003
   7.99324013039228636377782516820712360E-0003
   6.62337178192142355347010397760485881E-0003
   4.98087520566582043864771835540272591E-0003
   2.65283206494717536943844989524430212E-0003
   2.26328838990323953103631355144378121E-0003
   3.74700169888081752453320500489750400E-0003
   4.84842858258396505150005907670096198E-0003
   5.78964509411224525089822089108968539E-0003
   6.63892419942035991092842012384239410E-0003
   7.42761119066494916712404443435408631E-0003
   8.17297899096057629332436631793211808E-0003
   8.88563175244120155325177464697463282E-0003
   9.57256786949950861280410576689451303E-0003
   1.02386540035832703847186244165530348E-0002
   1.08874122242624675810844636253687397E-0002
   1.15214736983487315454112736988223498E-0002
   1.21428559357488342996407195272538258E-0002
   1.27531402328787313206472536401278820E-0002
   1.33535895810907021368909398846487905E-0002
   1.39452294863667194242668233533337012E-0002
   1.45289048359149246108523692264429323E-0002
   1.51053208175794520243637897764597736E-0002
   1.56750729426890036306157649103898797E-0002
   1.62386694539672365513396201201656793E-0002
   1.67965483062685798286221514440647840E-0002
   1.73490902115216570218005438378281017E-0002
   1.78966287849038487251363905287947076E-0002
   1.84394585260870224307725735554496643E-0002
   1.89778411630817657297244828050910447E-0002
   1.95120107433138203961481672329744325E-0002
   2.00421777560128829014533262504094728E-0002
   2.05685324982099769166578919299035170E-0002
   2.10912478447184486285067622720770910E-0002
   2.16104815444663876074592062061845614E-0002
   2.21263781374178201502079112013698961E-0002
   2.26390705652864945114441443106782326E-0002
   2.31486815333694837401771741876790005E-0002
   2.36553246687376700913544229279781171E-0002
   2.41591055107370634003617928960313361E-0002
   2.46601223625716258156403728010743400E-0002
   2.51584670271390705911574518008924254E-0002
   2.56542254458963061764955743779058654E-0002
   2.61474782560592368636727000304299819E-0002
   2.66383012786813147428583413293769804E-0002
   2.71267659479479018065635030090124703E-0002
   2.76129396902481714688025922462124642E-0002
   2.80968862601506994716342721543905833E-0002
   2.85786660392420091411644889652314952E-0002
