   19909739341.9790127437356242197728464      
   513733111.628887260134418577204862366      
   312728175.066853827954135531608694284      
   149308724.803739344846285592000864313      
   65383069.0843710907748887107987995014      
   31496889.8890893878812995772963094517      
   15833329.5739112676906658616302735273      
   7308192.45942966962059659660361298972      
   3179071.83916648502444893693892148602      
   1396436.75216193798165406049256665567      
   584106.045772960366278156514139411593      
   242052.633804045218299899129274168108      
   116603.275965073728162926989163829303      
   62130.8341891081123572709177884566357      
   36745.3807532379951117787554075817778      
   24128.1137633047850497768758787813358      
   14030.7412208482390560584350314234964      
   7571.03876815672025509141617476748673      
   4101.17400381686673827499826253044017      
   1505.35706640338355466292602203024197      
   183.934460840806294444402733688161734      
