   627.323922788353706414669744279095674      
   563.341388883231056923183572631415992      
   426.735686606398996751453313507779650      
   297.415292397233223970748390660484968      
   195.611833942072875376778193237885666      
   119.480048532965393030329713806525364      
   68.7088800948902015280132135448042182      
   39.2254586004547259576808499548885027      
   22.4027009401020559121897496966546140      
   13.0606020794962105766261274992012585      
   8.07963854060270999216871639216126722      
   5.18008305263095594773000737187058050      
   3.26535106195945661899437964248772122      
   2.03476556692987489903936894852897000      
   1.16884422751101362571591343290669644      
  0.598869360317552287180214335118260518      
  0.274052896122997992092789925160584770      
  0.101694841194351655911122102398525912      
   1.38061418545534658949962925603180213E-0002
   0.00000000000000000000000000000000000      
   0.00000000000000000000000000000000000      
