  0.313937051382221284161488174952638418      
   4.91480003315108477649654520673551327      
   4.96783521389977776307453752407442506      
   5.02142752714450388352435404125133906      
   5.07558333449134434040220608126114170      
   5.13030905907236882228141084646364709      
   5.18561118629788426860259750744925742      
   5.24149626460526315600017972829037211      
   5.29797090623808775096245092252056724      
   5.35504178801040154930611925748685490      
   5.41271565208999558943107434218635034      
   5.47099930678708897800887199411758331      
   5.52989962735066553167242455291411951      
   5.58942355677246122628017068705578188      
   5.64957810659860476420396193981211228      
   5.71037035774892061280203872003998475      
   5.77180746134391037333009616537841655      
   5.83389663953943435050379042507831544      
   5.89664518636912074284768121019250962      
   5.96006046859453499850614319778122320      
   6.02414992656314661004774802475466355      
   6.08892107507413498487632897319556838      
   6.15438150425208006725429924497101347      
   6.22053888042858701628402220070513309      
   6.28740094703189781933515526219888973      
   6.35497552548454574752047647929778643      
   6.42327051610911143316778399801301931      
   6.49229389904214211285949654932484876      
   6.56205373515629796440177592664271001      
   6.63255816699079172534816357051364622      
   6.70381541969018983974222563766053115      
   6.77583380195164526492741123553833491      
   6.84862170698063379301550932447220529      
   6.92218761345526731307614912372000547      
   6.99654008649925887001196691413655179      
   7.07168777866361567365058391570398251      
   7.14763943091713738500319412692711291      
   7.22440387364579806345183945788971088      
   7.30199002766109110570391943670686777      
   7.38040690521741735087640481925690617      
   7.45966361103859727165525567368237059      
   7.53976934335358882417232100665188508      
   7.62073339494149309354142057405296793      
   7.70256515418593035200976794311175572      
   7.78527410613886954592864658395507142      
   7.86886983359399454943745435427873908      
   7.95336201816969076964305796141213494      
   8.03876044140173586256257607589063621      
   8.12507498584577842323250931580632981      
   8.21231563618968854889362728320435645      
   8.30049248037586414245439184645977764      
   8.38961571073357672564091716709710442      
   8.47969562512144036820967321342932324      
   8.57074262808008711192166402144418862      
   8.66276723199513197599449645000118775      
   8.75578005827051027459624802481496871      
   8.84979183851226955646202372911542651      
   8.94481341572289799163978995881248618      
   9.04085574550627048012876786677715087      
   9.13792989728329314106243891842635753      
   9.23604705551713846847539090668370944      
   9.33521852095530036881393383583573640      
   9.43545571187061238451040519446394727      
   9.53677016532530091383129542572407051      
   9.63917353844009313954212270226265945      
   9.74267760967570256304948061650719478      
   9.84729428012555450860145000577284452      
   9.95303557481982480928602781383955612      
   10.0599136440408636156120096858447964      
   10.1679407646500749138541950663896728      
   10.2771293414271402417725299691059510      
   10.3874919084167341690035684592028415      
   10.4990411302951080843396882284696693      
   10.6117898037401781933771729856600602      
   10.7257508588175125973124538276892039      
   10.8409373603773404993147011514369864      
   10.9573625094634658054556815525975245      
   11.0750396447341415609855030116752342      
   11.1939822438949594307366800069334013      
   11.3142039251438060850291551206650603      
   11.4357184486266555578974832767274225      
   11.5585397179119727820972958921114778      
   11.6826817814643346726675355490051606      
   11.8081588341433834276015748306991940      
   11.9349852187084771566137187449619115      
   12.0631754273369897050393591390688756      
   12.1927441031549600297733270569797834      
   12.3237060417801439165238067112370256      
   12.4560761928774314620868738271316350      
   12.5898696617267336830829174025179497      
   12.7251017108032743937240034296039089      
   12.8617877613704166070336701752572954      
   12.9999433950848561429241392665370723      
   13.1395843556143382037704981438954076      
   13.2807265502678427653137780753041174      
   13.4233860516382301996503869971596840      
   13.5675790992573414482992808837027844      
   13.7133221012635369697517860540448908      
   13.8606316360816531367008581593588164      
   14.0095244541153489721995288108129195      
   14.1600174794518100827082844656860733      
   14.3121278115787703605285104383487591      
   14.4658727271138054792649773515775834      
   14.6212696815458453842859632239903362      
   14.7783363109888458758153447176205600      
   14.9370904339475519852011850764058398      
   15.0975500530952781481728465879286237      
   15.2597333570636221528627014645480064      
   15.4236587222440214948389383617485429      
   15.5893447146010521756264619409870607      
   15.7568100914973608036130762760017035      
   15.9260738035301116067061743650308993      
   16.0971549963787278048734054277613545      
   16.2700730126643507615677682150680088      
   16.4448473938194441465009131278624953      
   16.6214978819693079485210463473627009      
   16.8000444218238677600726656049947395      
   16.9805071625801495967525863432707846      
   17.1629064598351900357359089449783827      
   17.3472628775088954811866534907116042      
   17.5335971897773314875631612842590476      
   17.7219303830152748933187682089483962      
   17.9122836577484588459307890169692703      
   18.1046784306150051778160128517356191      
   18.2991363363357469399246716611742186      
   18.4956792296932440574154110151369310      
   18.6943291875190871199300363110579676      
   18.8951085106892041815685161248672249      
   19.0980397261268151014855523017746093      
   19.3031455888126676425200261620555174      
   19.5104490838021702964194458628865273      
   19.7199734282490164473077140397440637      
   19.9317420734349431254859942577550748      
   20.1457787068045996289340012503650991      
   20.3621072540074318476041878705099236      
   20.5807518809403945374629867193462874      
   20.8017369957994167046485095156878881      
   21.0250872511312748538693759658947017      
   21.2508275458896392995650880671037279      
   21.4789830274938188231904338100342917      
   21.7095790938876728579472704545329038      
   21.9426413956027130211955769635814741      
   22.1781958378189019117046849696312465      
   22.4162685824265180662327824163830899      
   22.6568860500868821372692529006311958      
   22.9000749222913728997802559738045531      
   23.1458621434178444898872460459735479      
   23.3942749227837735696718028348675807      
   23.6453407366948347430961423945663984      
   23.8990873304895124387730416345896749      
   24.1555427205760144828383564723631124      
   24.4147351964621278289581360977528138      
   24.6766933227788003880314414698682518      
   24.9414459412927975457947379693591040      
   25.2090221729095143093624209104507955      
   25.4794514196641800071987530643127941      
   25.7527633667008877452366625859971586      
   26.0289879842366719416855574683619159      
   26.3081555295112943535689814848481646      
   26.5902965487196994795799898766792497      
   26.8754418789265485393241454394079879      
   27.1636226499612813195335128122772800      
   27.4548702862921349661331811874530912      
   27.7492165088771711282573073378858821      
   28.0466933369911802720377299497096990      
   28.3473330900263928353710398718249244      
   28.6511683892653132191651073165408229      
   28.9582321596238103522736802836328344      
   29.2685576313625499058939257674640428      
   29.5821783417645984041944391549778768      
   29.8991281367774463904197485032624767      
   30.2194411726169030551152429745352955      
   30.5431519173308259885591448560867198      
   30.8702951523203959395096023551228537      
   31.2009059738162186178622137075275208      
   31.5350197943071855641312242761188865      
   31.8726723439193480141184679786229877      
   32.2138996717412795612918317582942968      
   32.5587381470946207024994693926492715      
   32.9072244607460002555970404386439384      
   33.2593956260566159320060676952349110      
   33.6152889800682494776264457714426377      
   33.9749421845206812678338750598664351      
   34.3383932267977775731339435430546864      
   34.7056804207991403874840355929089592      
   35.0768424077329138377182851055045882      
   35.4519181568270222872970625899712136      
   35.8309469659537552139402436909338283      
   36.2139684621648480147231335056657418      
   36.6010226021313514471784348751377601      
   36.9921496724878779870829870878854507      
   37.3873902900687588041910522185016761      
   37.7867854020429498330409749842745661      
   38.1903762859315103646576719424013327      
   38.5982045495109167673174323757347942      
   39.0103121305931841527889532759991474      
   39.4267412966789336517776364149582340      
   39.8475346444776241252513623144542419      
   40.2727350992897244245401154684935905      
   40.7023859142450424077370141427848900      
   41.1365306693913357898154548751975204      
   41.5752132706274692553179563365104494      
   42.0184779484743177428412411148568627      
   42.4663692566786567776916131187589204      
   42.9189320706423320634349253682578513      
   43.3762115856693139600267739349498740      
   43.8382533150269649244990405312814735      
   44.3051030878117428450856237093685583      
   44.7768070466139805154142916542781461      
   45.2534116449742061849452173197071903      
   45.7349636446237357007285173779336987      
   46.2215101125031818800416581247088687      
   46.7130984175498009972536013573690214      
   47.2097762272484473738823583383434059      
   47.7115915039370009266573097405707296      
   48.2185925008594749485668769447769989      
   48.7308277579591394957830336002599688      
   49.2483460974040360975330703368056545      
   49.7711966188373726742227244795132143      
   50.2994286943450098898123986130238896      
   50.8330919631324249022289236740594576      
   51.3722363259036077417124275864911949      
   51.9169119389345320206381736118866331      
   52.4671692078321659848151109152680765      
   53.0230587809744489823933413736220735      
   53.5846315426186186980815673705026285      
   54.1519386056764291526702446302953208      
   54.7250313041421906529696769877077882      
   55.3039611851706953107786373407018707      
   55.8887800007944193816948781469322215      
   56.4795396992727268872343136935241984      
   57.0762924160646223099961223066575503      
   57.6790904644167086830214234240629356      
   58.2879863255570804011738491022358797      
   58.9030326384858800409888306181498653      
   59.5242821893529218932473194229972994      
   60.1517879004119115487858573924619063      
   60.7856028185394188068098958581067566      
   61.4257801033078252153954872235531291      
   62.0723730145973710044768674533570056      
   62.7254348997346994275216772162051250      
   63.3850191801425934957639377545047337      
   64.0511793374814568625533666942346060      
   64.7239688992670172968312785036639231      
   65.4034414239417465539869884610562295      
   66.0896504853783409911176897934172074      
   66.7826496567897822849713691588885150      
   67.4824924940206805358036551327711005      
   68.1892325181873139856799822466918173      
   68.9029231976368875742972042140533792      
   69.6236179291884688631647296222563719      
   70.3513700186189662489133825150866302      
   71.0862326603509417802902305126928159      
   71.8282589162986706041735274788642398      
   72.5775016938235113805478789778816233      
   73.3340137227477070712351022965289620      
   74.0978475313715853499186160263764523      
   74.8690554214353389014442729814369706      
   75.6476894419660041144405159948507167      
   76.4338013619436186448546972573478363      
   77.2274426417211563650417094090792598      
   78.0286644031279510560202654815297734      
   78.8375173981875608193082121092456324      
   79.6540519763752097759686051790197312      
   80.4783180503434606263606785265875607      
   81.3103650600419070546697919752951295      
   82.1502419351576937281229954130922761      
   82.9979970558062460241176059582723837      
   83.8536782114019863661986217830625818      
   84.7173325576442670180326250951953301      
   85.5890065715556800773871693354983783      
   86.4687460045185042734012119514587864      
   87.3565958332587156693403017713492906      
   88.2526002087371946722201627149605654      
   89.1568024029159976790318551332936620      
   90.0692447533791052353181462016713760      
   90.9899686057975890333328603438804924      
   91.9190142542442105092414270064303627      
   92.8564208793754108035039530223738746      
   93.8022264845153610053226559637748584      
   94.7564678296930940233274407343689749      
   95.7191803637015757984756879910288593      
   96.6903981542661646052033111507200382      
   97.6701538164290203166601582297953438      
   98.6584784392754417369793160413875537      
   99.6554015111480629070637877051941815      
   100.660950843513720690263849510743505      
   101.675152493667349653033059804089207      
   102.698030686474975796850113921919639      
   103.729607735374685304781380995753024      
   104.769903962870267396309871550943821      
   105.818937620764598032532543466697999      
   106.876724810391902126837373258057874      
   107.943279403115070569253843182560299      
   109.018612961360421668698078558847635      
   110.102734660463150937257389185576714      
   111.195651211595661754619336750016450      
   112.297366786044684377457137552474304      
   113.407882941094014993150128472739530      
   114.527198547755908745156948359539614      
