   19324834768.0967068207583196662135577      
   602999469.563270335786706354314738079      
   368042046.499938600086357541735523534      
   170819501.130357755683756792664871257      
   65808447.7077856559619907275457290835      
   28096004.1062775896804876649274469184      
   17001924.7403691640653531964250366029      
   8619561.30017248150967802018645943759      
   2540783.65336625112496236348167613709      
   1085235.46739989141699533549734903940      
   941511.010235372541831554263529616266      
   238647.532319431799778491343375357204      
  -122434.890835519931750411575417520765      
   73377.2440008766690324321673352671539      
   133697.679337005365321862771760369326      
  -45868.7160913199801427542758655844513      
  -56048.6829282788665098444906677840190      
   69295.0228398171623863549037737797962      
   37158.1558782367486173025937156768225      
  -62625.1905905206405145468353657177392      
  -43541.5293635101683042838279330518477      
