   19296207693.6177412246898110354937593      
   625639382.919241937315791891356239893      
   329809982.459720902615797743278934740      
   140359156.232071052236405382783292765      
   64230700.9285239797686564732421610061      
   32179088.2841714411952385414367452275      
   15461120.7837707016611288943215903941      
   7195557.00171892107582929031069260114      
   3259998.77988999552326193520082810007      
   1407228.52713930760936391579872676903      
   590576.435705251830846940716374112455      
   249939.828658707348137270601836839194      
   112623.317615561914362261133537776700      
   57802.8019298561936260315446300599554      
   33605.0431763166232227847564358243402      
   20591.5176118667240950171199723669133      
   12377.5243051495277930644634998757985      
   6927.80506579567424842218303188741676      
   3456.01433316510900270402316810698594      
   1370.57541788958989448214422693068620      
   302.799503494544738667907337013744785      
