   19288882859.6785285291589155292279950      
   622528834.236608724323112565244668323      
   369207146.612108714211053523640650384      
   166193246.122245692891148490407672613      
   65293552.3247128942627314012408487126      
   30454505.8873431618117736921884318466      
   16563944.6277772266803691901397233379      
   7667266.43871728029128021110565855795      
   3038930.04540899520512736305696331739      
   1382193.29387115305430351563632626587      
   606881.806236736759933105493938495561      
   185134.783799400841350856007615484031      
   75930.8438627751428395708267316382481      
   46583.2027038086497734678003169887728      
   14544.2378984472117369634161535431640      
   10864.9012711893094132636376256391970      
   11770.8992546570133415017392880260221      
   3196.64148329538423373683750641493017      
   1009.23208167549213859249713193536653      
   2739.37575965462219745611919065398570      
   1313.21689207846557165212453450836337      
