   596623.605002265605932162309494133575      
   502533.331979571189478138748079403761      
   319944.135267101567988846109087697594      
   174349.192712798198500338004090562003      
   98353.1395555160734227228098466229226      
   58271.7695848640619304991537505655250      
   30676.4595832175990876133935458362535      
   14101.2493327075972170002331880498389      
   6822.74210804956998734052143170341770      
   3296.16540611361950967532177411090091      
   1293.96816004442796849747329612564492      
   598.913207826422597312446078108022860      
   388.864946970308881467800548192697291      
   193.948469531870410932119529821648904      
   119.717579692616077727462320681582046      
   103.451131748471312337679825489050645      
   47.2848142917356303143125337731749481      
   19.7468899308349231531404020643667974      
   23.1325471771975592980609471279864946      
   11.6729719220894229980380301568087254      
   0.00000000000000000000000000000000000      
