   647.347830216816789807072811077574896      
   574.398476923382898487179955514807637      
   423.999682670340705594566700820062031      
   290.003690019292615830427858547965359      
   191.534092386609774260782695365979379      
   115.153664142819596412253974376191283      
   62.0412710869118588596734648091671263      
   33.3497719209059988452849249206279412      
   18.1707176073771119623394060019009573      
   9.09113331450752777918529316346023101      
   4.98605598292263392363811890545735449      
   3.34016371431007014141874518067958747      
   2.05803585577123455899949363470702081      
   1.26621733046842277359047559031853517      
  0.937444698475983295836136351293049288      
  0.521307945714367178841821150522024937      
  0.247770486819507880251604181366045006      
  0.185060377417580474384487577023891944      
   9.85717628976440164278766991019403508E-0002
   0.00000000000000000000000000000000000      
   0.00000000000000000000000000000000000      
