   647.183768751745336708032782775596750      
   574.941086605351976815374848744383796      
   422.995682220365393448452814273505378      
   288.774488941471012300659913241600910      
   191.915286397919183361360209690049293      
   115.047132919193166594393343586465043      
   61.2777701819674654407053942587992046      
   32.9498996888718266465077025591017738      
   18.0650800051177063614691669568305285      
   8.80079239905868632437716179976591327      
   4.57426430615619595537696975664747212      
   3.08166299462057785767492155314348999      
   1.91175869241433150121702473764363014      
   1.00916559275390190416338350339590849      
  0.697052188070236745361807674849461643      
  0.415339113913911094771642965454269122      
  0.128158121611219075862342256184050925      
   3.92841743325095000348961157394683446E-0002
   5.60333640969624013974832659617074669E-0002
   0.00000000000000000000000000000000000      
   0.00000000000000000000000000000000000      
