   594233.494130002667910151132267794441      
   504852.998463848020266096901992846527      
   319598.159448802765423783892757565607      
   173292.949912510936743297463553042512      
   98980.0254127438088801408962490178596      
   58461.9053712856646868925063420408571      
   30304.3164750140402187795039701889351      
   14240.5232604391320899120851203193004      
   6870.41841826325098678307389981587079      
   3200.17834756711032017537591794125726      
   1352.63108447507315614458108798668038      
   591.376121223858580263259798453583084      
   352.610922966047176102881559409500837      
   229.133179138605280678342467090383954      
   108.817304538909007488687839695843096      
   84.9038717051910427604731526984713135      
   63.7659803211495874078937826537893834      
   14.9341311852326788399525504032485024      
   12.8463328786089502279142390126363663      
   15.7735004505615760147806662340810370      
   0.00000000000000000000000000000000000      
