   1042239.74890576888292028170032839615      
   840339.835387035265123316732535353055      
   595166.308930128408347149131231722035      
   529850.884862591556456852696638316990      
   445461.368263198966292387170488987865      
   348428.714635416394572059123636910613      
   273284.110674952175471504376186603926      
   201685.709948721152990362353834128395      
   146136.497989502682187895147878453882      
   101603.004963305767431799798456160955      
   68159.8729445488983187186582694881162      
   44662.9070159855816762196234111840264      
   28208.7101456740607361551206970480130      
   17735.6030263945286795236337266783981      
   10961.2345798570348332413534558222062      
   6870.88855823596642715605871499838979      
   4346.67762354405697877202156736624308      
   2746.01208713641059844201795745000495      
   1709.46696337807507086052419899897311      
   968.600151084594814973865772317909727      
   466.118123530514024963564881857101797      
   122.957166717242527866647411394432379      
  -71.1147752111255643780661544037607339      
  -149.247578773723667093946849018255155      
  -143.353952562507692288351194642008669      
  -84.9240192365985416608463560277186357      
  -10.3367113930846898257291014878686596      
   58.5747608255348501179629529681235702      
   104.384110819706392728747381836670130      
   123.433121825001504598114534438606219      
   118.382649233243079390677943279481963      
   97.2976069355894128178587840585651810      
   69.8407830585543533734122713998425171      
   43.9933321385904653961983733876297337      
   25.2853871290292511075595612598784065      
   15.6213155837370201435911091428542527      
   14.2336794048015827921867426381147846      
   18.5026273982919235335937588765202452      
   25.1269432778200776912934953108234401      
   31.2071419376291127266995514538872593      
   34.7194862577857285579855319876528771      
   34.8778724229356986013493707224802736      
   31.8524203918860020786282349151006928      
   26.6068293486675936997572408976541623      
   20.2706355492935221218668280686360032      
   14.0469916651682868366863488456037127      
   8.71341806611229129293890130791556140      
   4.68050224591418784771821408894818136      
   2.13274973818766517349593320325782043      
  0.617793615918218567812585322469935910      
   0.00000000000000000000000000000000000      
