   1042246.12562493428014735390077112700      
   840336.892542975214556146608135859189      
   595165.905901482525756077317403771364      
   529852.690232734832572903507854093417      
   445459.391550737396395302462974089563      
   348429.915729850815849968389241738171      
   273283.331007192543080814546822424001      
   201685.916758521103156742021405832885      
   146136.495859799810892594375178213637      
   101602.903852692833174979805661284383      
   68160.0498953504629448631481842655187      
   44662.8425486412139186467398080941860      
   28208.8143522181908833968800799197734      
   17735.6022474611034258161090729338020      
   10961.2430303188015431344785059243375      
   6870.90076915636847086997541077140303      
   4346.64272218342999539170618737812312      
   2746.01384276841720402259661504095835      
   1709.43393748192526740245328848932402      
   968.596833418803572539987582648552929      
   466.103938167027521799663182050033457      
   122.957673397531195939825713227746360      
  -71.1141711542510889837970774167706169      
  -149.242776815724904942684123311918599      
  -143.349229331783380859394437750981653      
  -84.9194960257366269668055011492864377      
  -10.3349691585890722639462432358467178      
   58.5760007796486759764749884404293716      
   104.381962279120580408375736660627307      
   123.431759820274692433376355398374569      
   118.379188907954661121246843782810418      
   97.2959458849713314946791715234445049      
   69.8384100615338672843743814424632407      
   43.9927730050961351651835734122462090      
   25.2846298450504607515014926036303029      
   15.6216835740532522184456702089351033      
   14.2337056506696098441786969968227490      
   18.5030544288625984355528895171236823      
   25.1268366174541465597030142331931866      
   31.2070887733686889772237397117298125      
   34.7189729111367113882975629270718642      
   34.8774156319645505368860471081026161      
   31.8517581848877948922352850338200174      
   26.6063290350561226135459302778220932      
   20.2701454730866213355984164443036974      
   14.0466949149995360344279950472089889      
   8.71319161404616077900149428395670417      
   4.68042184446895535189966469800814327      
   2.13268699961255663526473696298698259      
  0.617811053753503185350571148199303483      
   0.00000000000000000000000000000000000      
