   1042249.16119303149909130036858566113      
   840335.491227227936852518624514303040      
   595165.714962513110815113807251490327      
   529853.548551268892685457314741226738      
   445458.451582818316806433732653644540      
   348430.486717775938993975037494378208      
   273282.960410797732788300070474017954      
   201686.014831486440864312769644335446      
   146136.495109161845013364898248203984      
   101602.855498700852532147036485701937      
   68160.1343271430162560637612686622891      
   44662.8116471180349751477441397062647      
   28208.8641727504252648185988333464679      
   17735.6016509327101903098441233077613      
   10961.2472771279776410195543512872123      
   6870.90636558133788403981278722749239      
   4346.62631469925297064116631241170475      
   2746.01448795524424398326449213885201      
   1709.41839283868901478508572476247342      
   968.595090953289260249267632405408282      
   466.097334286591462890879394538796831      
   122.957773585574266188101416086859607      
  -71.1137556681593396336516758313171516      
  -149.240614683945603776667411636251011      
  -143.346868290867842980673970790143468      
  -84.9174519728608144773517347284682040      
  -10.3340399085976523251804393005890107      
   58.5764951655226480712187914460917716      
   104.381027381813646459559050528664566      
   123.431027784225272413682153717364851      
   118.377617886829679043851051424267405      
   97.2950826101936744793833292335141386      
   69.8373456276718993536476514463080719      
   43.9924444233342978784255918916661125      
   25.2843244967487208805197774153379788      
   15.6218056747701158506469029162402331      
   14.2337642520723358741255145633575192      
   18.5032132790823392659502152414736632      
   25.1268237602261691221249393426895601      
   31.2070270140181259702907244492761612      
   34.7187589147397019115233196601913406      
   34.8771690668654589598805974498822760      
   31.8514663101281942155051576254649385      
   26.6060684926224331469371601951609065      
   20.2699290109535658921511005829995842      
   14.0465374971846333579332509062132984      
   8.71309459868889544026772853745348675      
   4.68037318613984582652832790118590280      
   2.13266232488509051843677638242266508      
  0.617814341319429859775103194095790261      
   0.00000000000000000000000000000000000      
