   1042253.16421756485331511225600789247      
   840333.642931569841880817349167382997      
   595165.464018989497217953019297880935      
   529854.679398483409340027274647908088      
   445457.212981825152378432503963967415      
   348431.238977851750650621793351064410      
   273282.472193020627993970798801208723      
   201686.143843636082427309396072461023      
   146136.494328563606946905984914129351      
   101602.791565819272463551638393165199      
   68160.2458140271404405828398919261185      
   44662.7707365850788945959677145456381      
   28208.9300359690632311162265546073645      
   17735.6006897900961534227851672821961      
   10961.2530526034360294089808186092386      
   6870.91357862387625683542317512815430      
   4346.60483782149884674818689647537767      
   2746.01519526676741517433841526298652      
   1709.39802629142373366272014109307250      
   968.592674581848622939809923487510759      
   466.088732605450067018187517682104877      
   122.957806777518291661364910718840080      
  -71.1131191769205186655681973433947489      
  -149.237847670061191631203178594404747      
  -143.343678925085834693302659599879777      
  -84.9148286503665385002181291431554288      
  -10.3327487905467589919162566241544218      
   58.5770855369907720304539413859824843      
   104.379850896547175569179228113522955      
   123.430010337747980899966385839818380      
   118.375593609929866121350428721085004      
   97.2939004491721489549506863992098217      
   69.8359811684821881916335190684071315      
   43.9919747072098336136434251232718417      
   25.2839538323116830489331983762873773      
   15.6219367816504058775944629608965278      
   14.2338673489029540423142926420902645      
   18.5033986276504254577222469256722863      
   25.1268273064961556059445222459620197      
   31.2069265368446979697989736372386149      
   34.7184925635397082421491352562131663      
   34.8768293205190792650033920353423725      
   31.8510931458297296687339374575288266      
   26.6057141497178568865325414196993228      
   20.2696516751620236985702919873308323      
   14.0463224590320448555317104238719628      
   8.71297164119043485396997711444162226      
   4.68030443305184734749194406879790852      
   2.13263207758863923607759496627626906      
  0.617816558073406765493828245982037904      
   0.00000000000000000000000000000000000      
