   1042388.64163213400929116618789978061      
   840270.880793196693389539507454895596      
   595157.462655070392163366394397798373      
   529892.359230127714125000414723896832      
   445415.831673618119054594677685234660      
   348456.308107837502945620604293874896      
   273266.202845031969969963268947901683      
   201690.364124752543231542140194184893      
   146136.546486176419686807201062567183      
   101600.574591603970582357948601375431      
   68164.0605821462159871872731426719783      
   44661.3352468583024079855290610503541      
   28211.2154813834839480543618532288207      
   17735.5051879233584557116631342450015      
   10961.5145165207788284865859028972108      
   6871.09614197750828118852388606267616      
   4345.93707415333703929680945336132307      
   2745.98924220311046488607780081807499      
   1708.75343572712883147673693822435354      
   968.473680371726384029664667026834900      
   465.829442687036434094229688215599927      
   122.931063129661180981781709326066317      
  -71.0680772510045237067552844424160743      
  -149.165868416178927564337406976438082      
  -143.217092384029999345399015425262162      
  -84.8432339633394098259026847615926247      
  -10.2737311164437642746444477220569198      
   58.5835160265238873201627895743707573      
   104.352410253058929695635722217796553      
   123.385066513330465946272476791041490      
   118.316659409864736691643531342499266      
   97.2458632933443519219395614542035002      
   69.7969049642331580839765409390406883      
   43.9700475103559090626892626734146993      
   25.2765366997232729185482998595226689      
   15.6219621218894761749711201862242241      
   14.2410088422786895734240099789188954      
   18.5065668184931374282732298148822400      
   25.1295091228388611171052495754773717      
   31.2014457900127851704348951969230956      
   34.7112093986259663513000650657323323      
   34.8640157811965665809579673211483272      
   31.8395501804774215549936822225344536      
   26.5929504075422852824044168786630422      
   20.2608683867054410963577732275954550      
   14.0386421196356003921922329668920522      
   8.70908414881880272251765699234470854      
   4.67780810107549087157851251042255331      
   2.13169158259715056194814554370449919      
  0.617848759400886903132744630180239328      
   0.00000000000000000000000000000000000      
