   1043690.11251027660615434345417434914      
   839654.280830134800662873734916202943      
   595115.049583820662689530316258087550      
   530212.538035853397526148941156656779      
   445055.326331790710610505764656575690      
   348671.756255789209327041238050886423      
   273124.095866454645685787496091441474      
   201725.091490267842263944666147506576      
   146137.503567588378877476818745897021      
   101580.549269096460358351529077707873      
   68198.8505451972738377965495904199022      
   44648.3887292402474560478773264819981      
   28233.2293495610584902891286083166060      
   17733.7462132067364914346329871276014      
   10965.5250254891761397652755065107523      
   6871.42982697092240297227384837933190      
   4341.05326950728119585715403525936302      
   2744.65245097410541985631246252576376      
   1703.45787879514383350099373747394990      
   966.758565693021613901779311409292637      
   463.668058179661822457521067125446819      
   122.435036343944722275633405694232105      
  -70.5670007882059878578108500690764835      
  -148.572376539420293370691577702567048      
  -141.975684118919745161358913500198501      
  -84.2050232788556619584464917806474877      
  -9.65752553527899445545471488554186396      
   58.6173840699389732309642393765854332      
   104.145196987413278778598036478849848      
   122.939894688975551542582913424156553      
   117.786605576592418456688248171287348      
   96.7803947042340849823918967139588642      
   69.4301702908982528483479020503875543      
   43.7615580159341194271068548590259799      
   25.1963392772787998063633466906906358      
   15.6295971424205043718397341564987773      
   14.2959658815374444910407004813781051      
   18.5488905525413680280895310723075543      
   25.1440469802168402157217186519264795      
   31.1629994475697657747454375363270994      
   34.6333139192789695866265763336631417      
   34.7545088306892714212708563679309311      
   31.7223760603084526320902509629479035      
   26.4811792852346177935292412021509915      
   20.1709089605651709201471475253206977      
   13.9722503117198538018238235043184647      
   8.66740171467455310432520513097042220      
   4.65799541257395324451617719295875747      
   2.12048179052230153293987620195019301      
  0.619767786010164796782462338021840092      
   0.00000000000000000000000000000000000      
