   1051302.35209079764731384187292734437      
   835846.709241113258066840019570180004      
   595485.284138680672821950775297668570      
   531309.332960013597905876290686035177      
   443628.654227531890345503955450781335      
   349474.659851633632169925209368223072      
   272516.372888790918624596539551585948      
   201862.744440802647594684708809516302      
   146097.215001217910534494278663062921      
   101536.661648529928270280812814345881      
   68319.9625463802101788936588148825614      
   44632.5168267028088984488275854245114      
   28327.2865620928121006221479515145328      
   17741.8048470020351703977104915810094      
   10991.8815877331442513856624471040300      
   6869.72717394799116566598116183064972      
   4324.46410671840962354409653814721561      
   2729.75386653240365118801112203520410      
   1678.88648950643354656015393200569382      
   952.871439508668640309195786630445854      
   451.063434327281211555645478369728610      
   118.662637314800301081539401835619392      
  -69.8980129502502019441867477687877692      
  -144.622133604189965975055545575252341      
  -136.309996442680226453287903319750881      
  -79.6809421542382468965890514070068645      
  -6.36376182900689382896730515608942271      
   59.4735100453434979455598422339521108      
   103.271941264468695730114545651384983      
   120.704290280019060466743262661638089      
   114.999907610582246618575041701195493      
   94.1511387645379340053967416754731212      
   67.3437521956989951510033528768728712      
   42.4878549276709659717542312881558920      
   24.6344480165860700610148017346677025      
   15.6137821447097488537403834014551547      
   14.5356471226808117610554738125195154      
   18.7991456634378649547025616317455900      
   25.2237281871733826932426695352637531      
   30.9911158705271954908067543750587580      
   34.2199157754807883930449401294182194      
   34.1716106913420786911520967229631931      
   31.0753947497150893116059802653845417      
   25.8601802759110349290524098646267305      
   19.6571873807763856662170062814134016      
   13.5901002229510500182760035917439688      
   8.42085964397518458254684321289430669      
   4.53312069104226637558366557655106086      
   2.05384009335857852532253931487638128      
  0.619697534068420430404289039747756578      
   0.00000000000000000000000000000000000      
