   1054847.76845389973225630487124305546      
   834037.401877679695222977451963022887      
   595836.708089703381150687065860101739      
   531581.219620761925232143836485085921      
   443177.403410275112548877880121129157      
   349700.685677692976346294444808955110      
   272304.151619341256593301206322185837      
   201900.985152974893997201576488667623      
   146065.916763539969084692928443666345      
   101535.466952037583105740007574193436      
   68352.2668055304298685379421116576478      
   44643.6968327041940158832090344062873      
   28360.4626565419275833750466167779134      
   17753.5395562286151627219377772028198      
   11004.1530949792446145035730571656652      
   6870.06085443420263625183045125707988      
   4319.45091584642624955521986243483094      
   2721.58917140782604024084526365661359      
   1668.88730746141942513699809044440263      
   945.051804001305968060923811723028806      
   445.130156539543847686636018447447683      
   116.088656288163126201343063651330635      
  -70.1279301491772486575138882975154594      
  -143.041967523527808447709984561669131      
  -133.974624379621318676107002593677390      
  -77.4758897644735570191236835908917756      
  -4.79789559772139014232900275721647678      
   60.0805397472818425657752987869525636      
   103.023554242308518440643974534981358      
   119.807179808877266690183550150669807      
   113.804922441037757325266786835824565      
   92.9591216445103788211407011975414231      
   66.3806086294118465488462251458113959      
   41.8613221857031974976838339500109120      
   24.3387181516344888573189991342656767      
   15.5707533867172485956182000517999852      
   14.6246082126262341474779344120829726      
   18.9077644397286932746731843338319782      
   25.2644679498076938438621197320840537      
   30.9243566989935447335070662405025031      
   34.0430305304558371346174813448897811      
   33.9158466419570390371683441113718976      
   30.7847689020127266261277371088008803      
   25.5783586983088663569690731024992945      
   19.4189559014065923503312611150319243      
   13.4116165817297589314758960826722845      
   8.30295701427772375447993940937547430      
   4.47108542556561341702630316798617965      
   2.02152605046784255209272071267013115      
  0.616209610713336090929937955647141435      
   0.00000000000000000000000000000000000      
