   1059919.26618048055953809145876532766      
   831455.910652057797203348950898558255      
   596431.083743016485431864565480678357      
   531832.675298705807969194189180540776      
   442658.141543383972721610694797122864      
   349930.758327630759474195858988059827      
   272044.653584926689616539986532763188      
   201933.014602905138505271134323603377      
   146017.407416384093907064419289255885      
   101539.162929128764033274195227921653      
   68387.9191099843213360131652363246797      
   44668.2806380986761789446106613377122      
   28403.8467686757689927077068404496414      
   17775.4685790450156502271139493554588      
   11022.3353964595845931843853994015099      
   6872.40805287105076835256842413875460      
   4313.63586841803760247586611322163956      
   2709.88631644877767666381005284616645      
   1654.97842684352397041454036665348102      
   933.118257964689246409749667455909020      
   436.272126740796210829701470858290885      
   111.699534354389797011050719016197793      
  -70.9140974667392740613280290967991102      
  -141.115878855897102261317231588258841      
  -130.814504641050899896519634012054516      
  -74.3142902148424481536052103906441490      
  -2.49278237204069569615981784025489268      
   61.0962032814267206334059113198282731      
   102.796330354825704650763902069206668      
   118.638758977106546156183896542043295      
   112.162804949467401735348576584796363      
   91.2816939244680817767245789642642007      
   64.9979450103441599003916947483017879      
   40.9395094813788686903831487980715567      
   23.8849250799769057492139607965645716      
   15.4810159915833066185247731523135440      
   14.7337942253126658509358754970534597      
   19.0551987363808611633793892419667193      
   25.3241738808572743532624283126264174      
   30.8354882377163967974678341030547600      
   33.7985215973366781583214753446090492      
   33.5574534830358560087879013061043092      
   30.3731804131087278309735185134496216      
   25.1768794737247765699456139465944215      
   19.0761566072282402943119950946338191      
   13.1535837996605780956929042502266691      
   8.13071835509228175570309669425287794      
   4.37879267231519049884411273672912544      
   1.97391651842340677237745085676724895      
  0.608933463138675098749940433233164308      
   0.00000000000000000000000000000000000      
