   1042237.05012378294650966215038251528      
   840341.080208391490191549389556770117      
   595166.480866144697996800413882270652      
   529850.119120184945640830955929822869      
   445462.206442484215712092954053465528      
   348428.204974280665789843358066108166      
   273284.441726893311559418402671642304      
   201685.621529694569159663954284185536      
   146136.499644250962038532192709012873      
   101603.047030741404653164942043977451      
   68159.7987268676507460707716153754060      
   44662.9335890295974718629184487223363      
   28208.6667262697683542256576774638248      
   17735.6026395053754716865677715577494      
   10961.2316912260289851476696480112780      
   6870.88269366806672565428885616722106      
   4346.69305746542618746803353762912907      
   2746.01068547076148860933975147364020      
   1709.48156195557597829843756385799121      
   968.600937139539731712816310488002952      
   466.124705188652598486431192003556452      
   122.956371176565567886341893256035704      
  -71.1144912053898361461765348498921597      
  -149.250157777395699089395442385954510      
  -143.355446218829537792444348659405609      
  -84.9264460580016774215964812191394624      
  -10.3369765429268527084743841306071765      
   58.5737585164022605347672385561600205      
   104.385458309119800484758673433524740      
   123.433256302550628250998974980187805      
   118.384516342635249026997328150633994      
   97.2979039874526963426247028255502609      
   69.8421532140722320248492070909386338      
   43.9931994219544818700699915458776815      
   25.2860359649952039955346217073640939      
   15.6208279112582771504469784364152940      
   14.2339585703643552491319555185612970      
   18.5021531225117058206633144595290151      
   25.1272399775659924956364241384397680      
   31.2069101992619563859295617035113468      
   34.7199155135074573106452535210219757      
   34.8778516686041887809859835855500966      
   31.8528721185544817001260770629889767      
   26.6068680111254450744904197782170845      
   20.2709729240873705777799811730095432      
   14.0469860483153660476647715177275928      
   8.71360144358419546824346933304133876      
   4.68044785974770389078448955459398365      
   2.13282051038889371123155459655397480      
  0.617741558426168112108015782045206147      
   0.00000000000000000000000000000000000      
