   19303706652.9204387026091388971444290      
   614842491.994680640580810950931012264      
   368915221.713179385736142311236735809      
   167740881.176303377174274406917172675      
   65213482.3835313455447757989748782136      
   30000680.1623967783855631189188318467      
   16682935.7413395764521971529680652192      
   7791720.31658055926752961148001547956      
   2958621.46436643195992753934175142348      
   1365043.65779877300769551738997700583      
   644143.087639614347737218353898255309      
   175438.330791556722979228870434947576      
   64634.7995336882950028992999620717012      
   57758.3809935676737309332450024486772      
   13371.5720971035594907488691684348149      
   5142.13199605921497298800218295767935      
   16413.6353851647209394988522174651363      
   4265.43358309497366800194127116297962      
  -3579.91131182403474933326902793229321      
   4807.08380667505976669151496581632170      
   5339.63283097229564357558105134863359      
