   25.0615347915346254604178300866609768      
   17.7611431065524415361415327487241649      
   14.5104027964291891878481082749338568      
   12.5686054618139065729849329385828110      
   11.2417046544196829202286821511052701      
   10.2611532989553716456242721713574064      
   9.49827605089615806569863634613488437      
   8.88268694229340623444849402583752836      
   8.37221703325334536407154801930592302      
   7.93986078269424594475992446799904497      
   7.56741727397718412914453236248731108      
   7.24211351258646435333458945765923324      
   6.95468652793509645525053036499587200      
   6.69823356612202744408628912719238724      
   6.46749145022234842818857017424861874      
   6.25836779731441704904491270325418548      
   6.06762626509534174221711787159612735      
   5.89266937606910763633111793469558719      
   5.73138506632299726161084164468964259      
   5.58203597030291773814731993725103094      
   5.44317804411035026227899403317901535      
   5.31359975317936072046436959388087806      
   5.19227594606976945285012047341394485      
   5.07833239577991923937314811605980486      
   4.97101821096826487263297480284419799      
   4.86968413698860584875988885298134304      
   4.77376532357037685286561757281095580      
   4.68276752126996142722532693698596025      
   4.59625593914508510435325383390021499      
   4.51384618830570699075738169080150229      
   4.43519687445520902542483351864373646      
   4.36000350362603564808814587529224832      
   4.28799344014807879579029028246768233      
   4.21892171207442943904438283395361879      
   4.15256750207120344398418949344259859      
   4.08873119479246477335042425222902753      
   4.02723187754792335248836696138031373      
   3.96790521142099143237710396358734237      
   3.91060160618633631661257266568734847      
   3.85518464533627998465777786835232718      
   3.80152971793916912656068268157665536      
   3.74952282243672131769421830367057344      
   3.69905951423912798882693656727120285      
   3.65004397440868804694360383853028395      
   3.60238818108427333497676228400456593      
   3.55601116879159001282223830433285311      
   3.51083836357247824457770146618079238      
   3.46680098408530269181074770240079352      
   3.42383550058871473657868709104263178      
   3.38188314511383274743952338302476371      
   3.34088946722983559124290095659803504      
   3.30080393067603610915151716206925270      
   3.26157954681914158841952036203787345      
   3.22317254143751063247810744173606741      
   3.18554205176670446016280996166147404      
   3.14864985108787685547594225499736141      
   3.11246009842252099503108131059065747      
   3.07693911112935921687999910485996801      
   3.04205515839375881203738369766909030      
   3.00777827376614282992202423079489817      
   2.97408008505035764684309818985878686      
   2.94093365997099381756866288130181734      
   2.90831336616398012197559451400418364      
   2.87619474414008799155899734241946987      
   2.84455439196816892369972856549844158      
   2.81336986051530935135239118011153609      
   2.78261955816546294054643921226070726      
   2.75228266401706920091019572016348426      
   2.72233904863398618985704863109002597      
   2.69276920149295389599894399812878515      
   2.66355416433481933024495937810001304      
   2.63467546968592285825100330522949373      
   2.60611508387035213487651073657235475      
   2.57785535388317045185813496837645873      
   2.54987895753918767017057798125272354      
   2.52216885635129525807573572552561298      
   2.49470825062677768828512193468768731      
   2.46748053629926334213841505595090110      
   2.44046926303797482035804712014273222      
   2.41365809319456606566211046539397989      
   2.38703076116089635181633682593552086      
   2.36057103271835737862099692639916671      
   2.33426266396052350070010597417145632      
   2.30808935936551131850104063591989701      
   2.28203472858198663184375904586276317      
   2.25608224147253435523102295650718376      
   2.23021518092923726688018415810371479      
   2.20441659293766503674630414316317609      
   2.17866923331563418452673320938422010      
   2.15295551049029031976705438111951609      
   2.12725742359903023271724317207125997      
   2.10155649510371651717276414491665588      
   2.07583369698998814320956239384745742      
   2.05006936947976046485714309897675368      
   2.02424313100958855223246577603994144      
   1.99833377801324188166582114714837154      
   1.97231917278444612602657071213417882      
   1.94617611737355179864990244948187670      
   1.91988021107472440619635131761008464      
   1.89340568856850702714579436952120062      
   1.86672523517260274406656892835573360      
   1.83980977488774471580092869773167339      
   1.81262822596084055647376027710834655      
   1.78514721746440678625595966503368014      
   1.75733075882897259350694853014769995      
   1.72913985225386695565521163729135966      
   1.70053203531041102599783362603523094      
   1.67146083762975786323387116496420626      
   1.64187513103929421575695756377823948      
   1.61171834645417948439299767953973441      
   1.58092752263295269939082675155737454      
   1.54943214067016828052071756982107943      
   1.51715268248308930944960201164670709      
   1.48399882951218531834954820263480453      
   1.44986718622703649736900535399211557      
   1.41463836677812694394837222762998405      
   1.37817321407131900758308514095169889      
   1.34030781496433302160972741961934323      
   1.30084680955248616081591166263709574      
   1.25955422439303504923395537003256531      
   1.21614061055785574024425332505059191      
   1.17024448520663288192445536688689974      
   1.12140464837167427382314726067022668      
   1.06901719875317152046863523350736047      
   1.01226542884346548007139064618244756      
  0.949998241944912802651201043326812066      
  0.880501975405715430517540214655622714      
  0.801024473762393133338090286979249173      
  0.706620489558847014265581791200595433      
  0.586581934700609988198252899990910007      
  0.406283912483579475011577977376023678      
   2.59127376258356997590502534128302680      
   8.00616374566523017357881371530392647      
   12.8024381778730442842080367997065921      
   17.3588803332302204316370812384689009      
   21.7861930516105849386588303176450123      
   26.1359716834768063067309249621040170      
