   19914442747.0801724699564342832407793      
   511059570.657716133987036025616504347      
   313398627.321999463974933887307925899      
   149299536.294567672239731430452323820      
   65360675.4432867700848485470713580476      
   31482418.3922251430983372852831648635      
   15843937.5733292364373711324360456505      
   7307428.86525822301208903417758862373      
   3178438.74466069962017813095475350714      
   1395593.87755791145068651720520166675      
   585006.379184984701247889933594844154      
   241957.521535430524618510267871526029      
   116401.139565077794905445826650340215      
   62146.0392416109123383634008559319101      
   36882.1829168187742195819345820890411      
   24040.8058419568753112950627982671699      
   14009.8479936212205849894837975190386      
   7615.55866315234923838309752397899557      
   4099.26588017844080635329013670820974      
   1478.27999121926952888973220590285972      
   184.524356364991590297559523847744558      
