   526253.216582869175083376358747833426      
   451909.496534423552417010792203043816      
   299115.720545645981352129653569057364      
   173332.814114723120404837753919789901      
   100049.776564125620923170028372752294      
   57135.9938997290030077084557951162336      
   30088.8755251631976647953300419452485      
   14885.4862151016156530048632311237761      
   7354.65048533001549065652277168713915      
   3584.37538765070110967457881908930684      
   1772.26998178314458941974804065213310      
   984.351397851821746761244686579339041      
   589.363312709625176434309189635318287      
   363.547311044351470083646825069506182      
   230.296253969963405427572347826911365      
   134.058778427810308740272952247171463      
   70.0237249544381131401942628085562272      
   34.4336486774795899927855481700684211      
   12.4835627767421672003069073368102443      
   1.63983439274784046898897158460964044      
   0.00000000000000000000000000000000000      
