   591453.038812909936727876298250764042      
   502516.700566441508069483651894140802      
   323001.787073727060822136539862535446      
   174734.285531623018492848695914140377      
   96010.3670714702528499876066477251042      
   58687.2570709350104724294895418366211      
   31951.0920097411803129508219962498714      
   13426.5090424792523380933155827485097      
   6368.58727452118242216710133618622858      
   3823.31066487660555531367318573795160      
   1366.42580563851825170675026972908798      
   261.298865640113192961939670310906941      
   486.620320896908633846668617879771405      
   359.123339505850635367863109034184428      
  -11.5419570417572450774163963833038330      
   41.2650318203612067143496763850255168      
   174.526983073642213666919259402668375      
  -1.17260264530739659185802534817770738      
  -75.6522847455629185321603911533377292      
   90.6012760986831544519810992703908585      
   0.00000000000000000000000000000000000      
