   602420.064516761519683776648654078746      
   505302.552603705549709536050495785907      
   315776.327889979584723133566131174440      
   174048.953722302021739136508573720654      
   99963.0365101313631945997182246644107      
   58008.6151810579679687302599389370657      
   30144.5993088140317510770003767002196      
   14364.4943252518368377506021347402401      
   6909.64172729059493958973669338602328      
   3141.58647307906240495954836580100133      
   1324.61340472536327461830234385496751      
   628.232551506239933256413171264007271      
   342.890704690885810418901321093483574      
   195.655340937064692247672274478149766      
   128.025791851818547091962073952286004      
   78.5501979727603570624013128707887260      
   42.8904518775726942163265843625873021      
   22.4508596066450102100906622203685680      
   7.91016235227715603929826347221150270      
  0.322204293741123490515411308946763422      
   0.00000000000000000000000000000000000      
