  0.873329071158126352473248414353341866      
  0.866989495898923891741220159008328185      
  0.860578842680751043051308010685450036      
  0.854094930400278643590239470450570417      
  0.847535466711011954178038812320908444      
  0.840898040006399217395145804302348233      
  0.834180110650123441237365398212446732      
  0.827379001365845841526094083813890478      
  0.820491886686386861811804545639747127      
  0.813515781348030632051669239763801748      
  0.806447527498937940712679423730201238      
  0.799283780571086553059029138385945921      
  0.792020993642158537835082818789549803      
  0.784655400086666763769697934796228498      
  0.777182994283501033889931959804005283      
  0.769599510108919414434783316663557849      
  0.761900396898505070226167363664946838      
  0.754080792507092194484750331769060134      
  0.746135493030113199695779013260381772      
  0.738058918670613099042308673508798898      
  0.729845075140020106504288996763387471      
  0.721487509863501574815290498851001318      
  0.712979262116932781534512399389446088      
  0.704312806045254675143204243499691764      
  0.695479985292241601559229293214079704      
  0.686471937697614211465735675292672356      
  0.677279008173416644331040481311382784      
  0.667890647436889557697311659962570159      
  0.658295293723913571377889669430730770      
  0.648480233897883286885852068753345320      
  0.638431439452290067527986895080299468      
  0.628133371710647400816856563454185077      
  0.617568748956156856946136801856358850      
  0.606718266136546833939726833858594864      
  0.595560254990212661848002035755550939      
  0.584070268638552302988708825401546926      
  0.572220569471594295166973387319471624      
  0.559979491889480690572949481447200017      
  0.547310641207081789564505072427635781      
  0.534171875318071577775516560644012910      
  0.520513994238882979550929880012112368      
  0.506279030678178187048747175503300322      
  0.491397986100921309759964056118447410      
  0.475787780749770438046046014995487558      
  0.459347063888755335115116051470654137      
  0.441950327308440504149136978487290205      
  0.423439413555903260144428276738280658      
  0.403610873443160304606205480612202244      
  0.382196409262513612957386664141402141      
  0.358831154139051015269983124591448509      
  0.332999039291904695942502718533712752      
  0.303930994500564288279380688727659673      
  0.270393432383576055576675067350625202      
  0.230171072373229823829386636276130082      
  0.178404975440618284736064680725728026      
   9.77597231901053079250282693564729817E-0002
   1.95338002908319407054030550538645589E-0003
   7.12618474270659792188426847718924817E-0004
   4.25986422354069019619955525308330987E-0004
   2.99161089295838894141748592668726972E-0004
   2.27976104374740498511733449310009158E-0004
   1.82624346563828591304169312693576576E-0004
   1.51355134053816603272535844291355011E-0004
   1.28600327033222136352524288041477540E-0004
   1.11381206573770023020416647485542738E-0004
   9.79602137023782883284109037414737221E-0005
   8.72556229491397933045027795001571204E-0005
   7.85588823084892632128888358698836380E-0005
   7.13865203545606657505266321115017127E-0005
   6.53973764258596959805410695157300511E-0005
   6.03438429203761826904680956807639692E-0005
   5.60418615296869595702105838826223815E-0005
   5.23520779754701910004190182497936332E-0005
   4.91660000639310751100674657549214923E-0005
   4.63992547344450850040856135778617234E-0005
   4.39844799245686544009321106186042393E-0005
   4.18674184845245050416480019990457147E-0005
   4.00038903649468909178049556796182216E-0005
   3.83575697531172425293273474220446077E-0005
   3.68983290682917251229116435215544407E-0005
   3.56009870316801729899093200728276441E-0005
   3.44443503981613347051573255695287509E-0005
   3.34104715001414349058189566002726071E-0005
   3.24840664378657794257831280141932268E-0005
   3.16520547029620823986926967310074509E-0005
   3.09031910832303249303151228761192197E-0005
   3.02277687880524324566043661511628816E-0005
   2.96173781776714487972266848026465029E-0005
   2.90647089257690505336739808350108774E-0005
   2.85633868604303299756318442700507244E-0005
   2.81078382349221431091126115262832088E-0005
   2.76931766980134373531260359349448441E-0005
   2.73151075732949139005047737553718613E-0005
   2.69698481674504472532490817895995720E-0005
   2.66540592262758105460489338366911316E-0005
   2.63647870886864975368596627351085229E-0005
   2.60994138442639052651842327121944008E-0005
   2.58556150861079474742738918758349411E-0005
   2.56313231953698165895998109598056508E-0005
   2.54246958243125831856504281010129346E-0005
