   57.3280000000000000000000000000000001      
   57.3280200000000000000000000000000016      
   57.3280400000000000000000000000000030      
   57.3280599999999999999999999999999983      
   57.3280799999999999999999999999999998      
   57.3281000000000000000000000000000013      
   57.3281200000000000000000000000000027      
   57.3281399999999999999999999999999980      
   57.3281599999999999999999999999999995      
   57.3281800000000000000000000000000009      
   57.3282000000000000000000000000000024      
   57.3282199999999999999999999999999977      
   57.3282399999999999999999999999999992      
   57.3282600000000000000000000000000006      
   57.3282800000000000000000000000000021      
   57.3282999999999999999999999999999974      
   57.3283199999999999999999999999999989      
   57.3283400000000000000000000000000003      
   57.3283600000000000000000000000000018      
   57.3283799999999999999999999999999971      
   57.3283999999999999999999999999999986      
   57.3284200000000000000000000000000000      
   57.3284400000000000000000000000000015      
   57.3284600000000000000000000000000029      
   57.3284799999999999999999999999999982      
   57.3284999999999999999999999999999997      
   57.3285200000000000000000000000000012      
   57.3285400000000000000000000000000026      
   57.3285599999999999999999999999999979      
   57.3285799999999999999999999999999994      
   57.3286000000000000000000000000000009      
   57.3286200000000000000000000000000023      
   57.3286399999999999999999999999999976      
   57.3286599999999999999999999999999991      
   57.3286800000000000000000000000000005      
   57.3287000000000000000000000000000020      
   57.3287199999999999999999999999999973      
   57.3287399999999999999999999999999988      
   57.3287600000000000000000000000000002      
   57.3287800000000000000000000000000017      
   57.3288000000000000000000000000000032      
   57.3288199999999999999999999999999985      
   57.3288399999999999999999999999999999      
   57.3288600000000000000000000000000014      
   57.3288800000000000000000000000000029      
   57.3288999999999999999999999999999982      
   57.3289199999999999999999999999999996      
   57.3289400000000000000000000000000011      
   57.3289600000000000000000000000000025      
   57.3289799999999999999999999999999978      
   57.3289999999999999999999999999999993      
   57.3290200000000000000000000000000008      
   57.3290400000000000000000000000000022      
   57.3290599999999999999999999999999975      
   57.3290799999999999999999999999999990      
   57.3291000000000000000000000000000005      
   57.3291200000000000000000000000000019      
   57.3291399999999999999999999999999972      
   57.3291599999999999999999999999999987      
   57.3291800000000000000000000000000002      
   57.3292000000000000000000000000000016      
   57.3292200000000000000000000000000031      
   57.3292399999999999999999999999999984      
   57.3292599999999999999999999999999998      
   57.3292800000000000000000000000000013      
   57.3293000000000000000000000000000028      
   57.3293199999999999999999999999999981      
   57.3293399999999999999999999999999995      
   57.3293600000000000000000000000000010      
   57.3293800000000000000000000000000025      
   57.3293999999999999999999999999999978      
   57.3294199999999999999999999999999992      
   57.3294400000000000000000000000000007      
   57.3294600000000000000000000000000022      
   57.3294799999999999999999999999999975      
   57.3294999999999999999999999999999989      
   57.3295200000000000000000000000000004      
   57.3295400000000000000000000000000018      
   57.3295599999999999999999999999999971      
   57.3295799999999999999999999999999986      
   57.3296000000000000000000000000000001      
   57.3296200000000000000000000000000015      
   57.3296400000000000000000000000000030      
   57.3296599999999999999999999999999983      
   57.3296799999999999999999999999999998      
   57.3297000000000000000000000000000012      
   57.3297200000000000000000000000000027      
   57.3297399999999999999999999999999980      
   57.3297599999999999999999999999999994      
   57.3297800000000000000000000000000009      
   57.3298000000000000000000000000000024      
   57.3298199999999999999999999999999977      
   57.3298399999999999999999999999999991      
   57.3298600000000000000000000000000006      
   57.3298800000000000000000000000000021      
   57.3298999999999999999999999999999974      
   57.3299199999999999999999999999999988      
   57.3299400000000000000000000000000003      
   57.3299600000000000000000000000000018      
   57.3299799999999999999999999999999971      
