   24346029167.7037345110559811599414406      
   3151237025.04273805988584198560091578      
   1052781262.85751377399187605539961155      
   206526974.936193570612422220532234597      
   156822686.033678956489001090748551327      
   100265462.235003969040106063159121979      
   40817509.6210228463985924214552007787      
   26238779.7401346261628480481439577317      
   10799972.1124833341642722510140390681      
   4553156.82824503071358320452241604575      
   2225411.18580738099078137657331620529      
   191056.208479879239744788264217305111      
   202517.723139228143700945979602291294      
  -60059.6485610167864775751718814641186      
  -43380.0407447650537335991272545667498      
   53306.8649975162637421416841143068843      
  -7893.61787994618910521916544022769146      
   45177.1786465949090904852782932592572      
   10316.7385512253078146735813940400287      
   8045.57180810352612111206724119168645      
   9321.53595361798865275279698415823123      
