   606031.086825595150447910714015313491      
   503817.178611790710462000199853404862      
   315497.899767439426400898982325457907      
   174346.795873253876465205377201947087      
   100006.078637568747785372701376361363      
   57939.7394015384480220233834281932082      
   30127.4629340068112791995477468793300      
   14398.6903670715765409312717424103359      
   6902.59906535276325434694449367583307      
   3136.26050896390669487273672955705767      
   1325.00368488048919054485441456560870      
   632.240408827345901740780188444299822      
   341.277436600883590966125061291922200      
   195.072124127549366446171836655920397      
   128.775519465686234051076479304296878      
   79.3123128156879433964293644407813258      
   42.3518714515150985074135793455095946      
   22.5893436400812706497316129913650394      
   8.48223234088657905877230425448861879      
  0.345846808174712911287300340458970748      
   0.00000000000000000000000000000000000      
