   6.59294551393766859418976879394528454E-0004
   5.58165936854619455853646731711184973E-0003
   5.66853426045693324390104077687430889E-0003
   5.75650696464602985241537617325079286E-0003
   5.84559163838558351873777247641354836E-0003
   5.93580271122446640860231475504344966E-0003
   6.02715488264740186250953134631189484E-0003
   6.11966312010070356920882268208015092E-0003
   6.21334265737189157140992073486869740E-0003
   6.30820899330944958899970890432448378E-0003
   6.40427789086838827108912417669494110E-0003
   6.50156537646697102351188776507942887E-0003
   6.60008773963989049272370289523965405E-0003
   6.69986153297330884115815927088185557E-0003
   6.80090357230745397279626241485387282E-0003
   6.90323093719286285706040805345508697E-0003
   7.00686097158685312615296207189124996E-0003
   7.11181128477736078843710789327686483E-0003
   7.21809975252188482156740303694891110E-0003
   7.32574451838991171136614055116010756E-0003
   7.43476399529784087053999698488359329E-0003
   7.54517686722608412719647114856078025E-0003
   7.65700209110866019861744026936804123E-0003
   7.77025889888624126955599456238188133E-0003
   7.88496679971422808800582691049545690E-0003
   8.00114558231802837971721270999675108E-0003
   8.11881531748828795157634883513718233E-0003
   8.23799636070937266790642247448737097E-0003
   8.35870935491492131778872688075250921E-0003
   8.48097523336478367958111652976410933E-0003
   8.60481522263812470270556208886147690E-0003
   8.73025084573791497071452810737491334E-0003
   8.85730392530244004262771477086607631E-0003
   8.98599658692004504002683746518560964E-0003
   9.11635126254230609776583371272571185E-0003
   9.24839069399533044296185591480045616E-0003
   9.38213793658222285572991351690939519E-0003
   9.51761636277705201765087979517926069E-0003
   9.65484966600670648629701262870988676E-0003
   9.79386186451869365713706175627120257E-0003
   9.93467730533296813397462648603236052E-0003
   1.00773206682760942624443811612497143E-0002
   1.02218169700962501205040545918941906E-0002
   1.03681915686577680635299129271137246E-0002
   1.05164701672140810005405789077262842E-0002
   1.06666788187581048974756705103636598E-0002
   1.08188439304492374571349466338683280E-0002
   1.09729922681162913776469704009469068E-0002
   1.11291509608358088368771394859141013E-0002
   1.12873475055853226280067940550123660E-0002
   1.14476097719712394003024459778978978E-0002
   1.16099660070311223607770539168307113E-0002
   1.17744448401102452017443576638617418E-0002
   1.19410752878123764703873074476962794E-0002
   1.21098867590248346291704648017768529E-0002
   1.22809090600179291450412732343025127E-0002
   1.24541723996189725322554797504563298E-0002
   1.26297073944611127820787463861568144E-0002
   1.28075450743072954124570866946446656E-0002
   1.29877168874497198206100578523319280E-0002
   1.31702547061852060402061633734365788E-0002
   1.33551908323669356953463355667123520E-0002
   1.35425580030330751778294076265145288E-0002
   1.37323893961128301055690830172752673E-0002
   1.39247186362103071064948182140413785E-0002
   1.41195798004680779131098571759872320E-0002
   1.43170074245079041465889528519175374E-0002
   1.45170365084535913483864135204809063E-0002
   1.47197025230334580656636254128605495E-0002
   1.49250414157644571601727360370065130E-0002
   1.51330896172184959391849065834753370E-0002
   1.53438840473717413349773910076965736E-0002
   1.55574621220377170065969836764948172E-0002
   1.57738617593850182899165486619992096E-0002
   1.59931213865404884811571687486368221E-0002
   1.62152799462787160806311437419666695E-0002
   1.64403769037987274303574524651247988E-0002
   1.66684522535887627101669935185523224E-0002
   1.68995465263800355757318931224711939E-0002
   1.71337007961903878838336382874690864E-0002
   1.73709566874587609915562324745432434E-0002
   1.76113563822714140830225245878840940E-0002
   1.78549426276808279052465867565873392E-0002
   1.81017587431182391966331293633709174E-0002
   1.83518486279007570130272309291842422E-0002
   1.86052567688340170850054378431574150E-0002
   1.88620282479113343186687367976338303E-0002
   1.91222087501103165570185269109834614E-0002
   1.93858445712879047807152869837255073E-0002
   1.96529826261748060202307786425042750E-0002
   1.99236704564702853846725771831184861E-0002
   2.01979562390382827717462783289762099E-0002
   2.04758887942058179863161941516146526E-0002
   2.07575175941646451560327302791742894E-0002
   2.10428927714771134593485136448207008E-0002
   2.13320651276871862483724548931629843E-0002
   2.16250861420375646315565446135438720E-0002
   2.19220079802938544387386551782920727E-0002
   2.22228835036767071896295132231244863E-0002
   2.25277662779028561812141434610628059E-0002
   2.28367105823359580569494445482964410E-0002
   2.31497714192481381698540143441760931E-0002
   2.34670045231931246483894913130879716E-0002
   2.37884663704918412618742373354623285E-0002
   2.41142141888313128984299564474102973E-0002
   2.44443059669777196478644319743871103E-0002
   2.47788004646044160533386967616044745E-0002
   2.51177572222357109850059351310922848E-0002
   2.54612365713071807174151344690636908E-0002
   2.58092996443432630755980756864911765E-0002
   2.61620083852528538647463486678880062E-0002
   2.65194255597436037093049999141299289E-0002
   2.68816147658555397256573401350654712E-0002
   2.72486404446147432562833080787433937E-0002
   2.76205678908067456293745894697371470E-0002
   2.79974632638750384805165179779554963E-0002
   2.83793935989332982548065679597412903E-0002
   2.87664268179077079201757072826356097E-0002
   2.91586317407978129712108679574275932E-0002
   2.95560780970611095744674071499860939E-0002
   2.99588365371208824697228514031009071E-0002
   3.03669786439975625079203101376910780E-0002
   3.07805769450638149651341239745320046E-0002
   3.11997049239235074408702818692919338E-0002
   3.16244370324146401328995454937922710E-0002
   3.20548487027362511283635014081282439E-0002
   3.24910163596992351332069411486299920E-0002
   3.29330174331009347380911980173550952E-0002
   3.33809303702232854564990760750982646E-0002
   3.38348346484541930952915729088004844E-0002
   3.42948107880317503771953534876171702E-0002
   3.47609403649107844841980059344897529E-0002
   3.52333060237511303851017336347954117E-0002
   3.57119914910269142111376714765184280E-0002
   3.61970815882560152496430923441358420E-0002
   3.66886622453487531322949101010640139E-0002
   3.71868205140747181373972181827436005E-0002
   3.76916445816465268794217017248833302E-0002
   3.82032237844191426975191244266196804E-0002
   3.87216486217032494276328766567919911E-0002
   3.92470107696910085777761727221136607E-0002
   3.97794030954923628546773569035424969E-0002
   4.03189196712801584606705077687369004E-0002
   4.08656557885401749516979389696149999E-0002
   4.14197079724279556865649750053428086E-0002
   4.19811739962241222452166279101934136E-0002
   4.25501528958896524472821793917481528E-0002
   4.31267449847163634612658789123311445E-0002
   4.37110518680696087723950748282970470E-0002
   4.43031764582196607059958749348524160E-0002
   4.49032229892579871374494014111606123E-0002
   4.55112970320943546643429918159016924E-0002
   4.61275055095303821190303636608612518E-0002
   4.67519567114049935193430302881894655E-0002
   4.73847603098064990467584841164860194E-0002
   4.80260273743463806200506984601969291E-0002
   4.86758703874888073284715387335142876E-0002
   4.93344032599299919260074961691013531E-0002
   5.00017413460207116096802123134127231E-0002
   5.06780014592257737201166910626307297E-0002
   5.13633018876123334161523630886598446E-0002
   5.20577624093598664934862113123067524E-0002
   5.27615043082835698225387087914778771E-0002
   5.34746503893623905683516695953432579E-0002
   5.41973249942625702700672728080228663E-0002
   5.49296540168469066042587048697283810E-0002
   5.56717649186594690780914920558682374E-0002
   5.64237867443748812478046611833817273E-0002
   5.71858501372006017222691508764075107E-0002
   5.79580873542200746540532979586401305E-0002
   5.87406322816638667709091741043547675E-0002
   5.95336204500951885817610804067553855E-0002
   6.03371890494954800190970251557860500E-0002
   6.11514769442354667693243620970252552E-0002
   6.19766246879142063242927375684129465E-0002
   6.28127745380508511840334316562777448E-0002
   6.36600704706119354615245533424614364E-0002
   6.45186581943530863527463543752492515E-0002
   6.53886851649577850457994804639823696E-0002
   6.62703005989516024510877436065433697E-0002
   6.71636554873703046951066941945209620E-0002
   6.80689026091589574827945033654320840E-0002
   6.89861965442779890197623745124282817E-0002
   6.99156936864908847040632910374440002E-0002
   7.08575522558070058904774466289295525E-0002
   7.18119323105514894023829853644422271E-0002
   7.27789957590330408920393706230623210E-0002
   7.37589063707785424047167153064479212E-0002
   7.47518297873025153381444078567556031E-0002
   7.57579335323768803198711072982140390E-0002
   7.67773870217668095988881515932013545E-0002
   7.78103615723915452092945167663920706E-0002
   7.88570304108770455987377935042792409E-0002
   7.99175686814531841591324636338782405E-0002
   8.09921534531559773279982976187982045E-0002
   8.20809637262884399412009790017913159E-0002
   8.31841804380926686566969652350823443E-0002
   8.43019864675837956056263800652542753E-0002
   8.54345666394930248180353524611920139E-0002
   8.65821077272661020062998804099705364E-0002
   8.77447984550594532179927864227711734E-0002
   8.89228294986740978529984476564191025E-0002
   9.01163934853659853736186192923637764E-0002
   9.13256849924644578008710760195436606E-0002
   9.25509005447335575406814565514429246E-0002
   9.37922386104021465883152445269168619E-0002
   9.50498995957881243227064521864531922E-0002
   9.63240858384394312547914084970188151E-0002
   9.76150015987078969521779513590142259E-0002
   9.89228530496714063282704153739292586E-0002
  0.100247848265314616696810775890403414      
  0.101590197206873171447779206777040629      
  0.102950111707245015396591171089095423      
  0.104327805453365914313022885537363131      
  0.105723493966441612306096146809150705      
  0.107137394579925709710208960956115060      
  0.108569726415126502364848609211335392      
  0.110020710354320922607588133926639811      
  0.111490569011249250320277904360009319      
  0.112979526698856289083682713151800599      
  0.114487809394143616771995106813026077      
  0.116015644699985964104468898048017975      
  0.117563261803762952396993888487591827      
  0.119130891432649312969072195835628717      
  0.120718765805398769100592074011441066      
  0.122327118580453855748668112706736044      
  0.123956184800201732023195156909521893      
  0.125606200831192836487673902944831668      
  0.127277404300129352990537419822130884      
  0.128970034025423081355769999184877967      
  0.130684329944114733315719620344741080      
  0.132420533033937264207739346838609152      
  0.134178885230298330487885700108033829      
  0.135959629337946119519750290810255839      
  0.137763008937076393103379329890587993      
  0.139589268283625919456908338679501030      
  0.141438652203490845940305421486227172      
  0.143311405980395180419987574342001407      
  0.145207775237127548630501201497133005      
  0.147128005809851547566426630408299003      
  0.149072343615185444292643559752245557      
  0.151041034509735194160370437889743416      
  0.153034324141754695779305533993733010      
  0.155052457794594239058054626393645511      
  0.157095680221588110160614986759436031      
  0.159164235472019817027829910029393626      
  0.161258366707791169342510022373234860      
  0.163378316010411133803939889416391134      
  0.165524324177905840859303157906538710      
  0.167696630511242323438154860153165770      
  0.169895472589843271299996046914657281      
  0.172121086035760720625304576354959377      
  0.174373704266062727110141947926755388      
  0.176653558232976882595993698354833958      
  0.178960876151321133425712690610681058      
  0.181295883212742260934599872755646167      
  0.183658801286269881201630255146210110      
  0.186049848604683016205380679574779910      
  0.188469239436175539524764940991706414      
  0.190917183740794546705651073644308897      
  0.193393886811117234993492653352634359      
  0.195899548896618673837331633601700933      
  0.198434364811174537008533832515018136      
  0.200998523523130682758338006196865332      
  0.203592207727362175048082629717956658      
  0.206215593398732706033420485060590886      
  0.208868849326354937249336285423224595      
  0.211552136628040344988662899987559222      
  0.214265608244315492175593358586884188      
  0.217009408411368714511466617106445886      
  0.219783672112276663090944951612705815      
  0.222588524505846143817589883132180551      
  0.225424080332388529510541696485779797      
  0.228290443295726903638136884575585900      
  0.231187705420714130036749758905979469      
  0.234115946385518042626144275686667074      
  0.237075232827903577506878630604900933      
  0.240065617624713249679815143440570332      
  0.243087139143715315975722052804707484      
  0.246139820466953640067783312691832292      
  0.249223668584693892080370555846314115      
  0.252338673559018043578401394319454911      
  0.255484807656072077780237825463476733      
  0.258662024445920222551045417573930941      
  0.261870257868904686831896847270389616      
  0.265109421267350044047986211117795312      
  0.268379406381388625289858696642852077      
  0.271680082307616201578585191788204424      
  0.275011294419216981320407681711828392      
  0.278372863246122675856128041097042677      
  0.281764583313694042153572784988056928      
  0.285186221938332657702666952998461508      
  0.288637517978348309481589876138144167      
  0.292118180538321773690101108657747690      
  0.295627887625113613702339035088734116      
  0.299166284753578307801917612404240254      
  0.302732983499946126452155078473612965      
  0.306327560000734235100716410974485693      
  0.309949553394940247202009198771090919      
  0.313598464207154300497025104404083664      
