   593845.116713847516912629561891539795      
   501692.718511477400924292309307044307      
   322501.275454252267870409616487328593      
   174592.740860819893500518877409053079      
   96894.1037934099438748633000039832191      
   58552.2828525738328554783688203941975      
   31465.7418739438285850818431043510387      
   13755.2243653563997683192905020270226      
   6633.26981037610641169554564123851120      
   3620.80390856408207223233469224490466      
   1338.66282975276149844977470999886800      
   481.816458306022922656458561328180998      
   509.636569912002390642777704278137463      
   285.712575036775852847300713704345603      
   76.7652918781520726403715060598361156      
   164.694841608939272684336798446972486      
   130.631629505609135448790973001091338      
   22.2530088653739521867214119091285422      
   40.8614668757363626463770258714636365      
   118.180680760222489433519892395037448      
   0.00000000000000000000000000000000000      
