   649.428694363338575353101768341333232      
   576.818742003304403301475368629543180      
   426.454152802681952720082964204869100      
   290.150941599524609638889042863028916      
   193.663831654922094719391127659464995      
   117.894757077906931639132065078169867      
   63.5476475380913550405503080585890023      
   33.9861120807233887455804834665670793      
   20.7536161792047779835569598300604914      
   10.4011527549416770595518767421634856      
   6.27040054494844969462762106108087377      
   4.45154017826273706644176691994629433      
   3.91485341545233762830715698347643378      
   1.73347847206539098301361916379622764      
   2.26406964857318825630053063762910414      
   1.25582776704577808658464090386835867      
   1.16610403784692643840495198131595408      
  0.326891735005890901171016206971709080      
  0.997970193086323244105279091335871804      
   0.00000000000000000000000000000000000      
   0.00000000000000000000000000000000000      
