   636.812139084703155275614446187811107      
   564.463869052262255366121790867986098      
   413.221361361576124427885525382971183      
   277.378517577098801195270743042587370      
   180.387045254016672038201456818895248      
   108.071857076580047871889370453605100      
   50.7582565358355575223409181501243441      
   21.5757575580401948785253353910136871      
   10.8090967470976395341246887960983808      
   1.07864855959814900348429405145668508      
  -4.98831018845005336665776611786410422      
  -4.35691330786705660499479403836075233      
  -3.86362522994902384850766981299380035      
  -5.33181361054097013666209473200008412      
  -5.97547403071086733753346943846659641      
  -3.50331665299193700410060353532648162      
  -3.12700999562891840623067078109718862      
  -3.94087765896846302263553147265159111      
  -2.43488548110310001257594757256829513      
   0.00000000000000000000000000000000000      
   0.00000000000000000000000000000000000      
