   787572.699460229237845096945969628345      
   688377.797425637779594258468902703266      
   510712.104274141182374219944567226323      
   385392.463643960429655353980350600232      
   293962.237764162189856278897676193030      
   213965.530734088505240032806630078651      
   152285.128225607192745000093952831409      
   105910.114395002888964059487096064953      
   71543.3020404362029285911958037950350      
   47414.5056648623597725289209479445582      
   30854.0640056509488535003939222178634      
   19784.5785434256590880642334676177550      
   12577.2561720147067370357749226300860      
   7925.36265978600533754924703715554011      
   4942.35691650744804647085716839494893      
   3023.47156174741360774983157510977783      
   1776.29383840559884502516724273230512      
   963.181722089139435252347210138764839      
   436.152086897372213233152510473346804      
   104.229622894733832637603724038167379      
  -92.0303383089843110093499255162218207      
  -194.656436361163472932518017489084562      
  -234.863669963910234157299794721156265      
  -236.302626000501181435399331806532738      
  -216.568048005589539171242703834800825      
  -187.808590719814893344901231172591341      
  -157.713802764126986947257807365045524      
  -130.370025716270598673132431971227641      
  -107.367485669614461785341536586194746      
  -88.7301018566509968683541820459452255      
  -73.7397323730794236973502114115946326      
  -61.4649706329188043879970098754502370      
  -51.1033891038386201726442924612655495      
  -42.0950094682189539736342386742001147      
  -34.1378075878447304852381834023073054      
  -27.1126909339894366674374805158644847      
  -21.0064161187084678051810539142197467      
  -15.8325078475792403267897328552662642      
  -11.5870876637616449537565825621883399      
  -8.22393525629048643579300835417914285      
  -5.65626688721723072861123430165612657      
  -3.76708960197851570466247370161333321      
  -2.42716541942553717902003684308405045      
  -1.50977111015658240528408578635907003      
 -0.903034307805335299390467366786628618      
 -0.514689019246350303571798749169373237      
 -0.274455809429773435672396509624076962      
 -0.132534614835947852275028718298649952      
  -5.29277573319990542726656226082453659E-0002
  -1.25021543867631663911941555316850581E-0002
   0.00000000000000000000000000000000000      
