   788937.911128482055542800282251135585      
   688436.058314981887239185078569675112      
   510345.317140830446494521913014459508      
   385562.609096377750564074537976929444      
   293909.355020568405634357699728529397      
   213948.310814528719026106301168935077      
   152319.585145344914742700024090849124      
   105917.573121332597344737089204039855      
   71567.4335031604823329888159298162505      
   47438.3924801343705109501708461664234      
   30871.4936963816105252966387525013030      
   19801.5964021051113184626205326875135      
   12589.8926168457163048131901476246470      
   7935.21375962376846218050571106312123      
   4950.72356654768831430021824768701472      
   3030.28281309275172228115851204581235      
   1782.57086557491299987166689553509996      
   969.005364198120104186362296658599016      
   441.678119068262699947826413617791144      
   109.436877591315196285041931267225727      
  -87.2035773144289140220561096788364343      
  -190.313154064209618842372431421072050      
  -231.026207853399284099284142986744174      
  -233.009183685908585917680491881096986      
  -213.778137411471735856686264841876551      
  -185.485543575317127371936069686788787      
  -155.789044003530485155596347651357105      
  -128.785216816396136869212910432174527      
  -106.061113806756661188727855612032761      
  -87.6559469220587557973329073032411295      
  -72.8565657011843912145772735823999069      
  -60.7433938188616272215354046525005391      
  -50.5178724363594074141446721046933596      
  -41.6259900608730319452006565644388237      
  -33.7672491949357083607581057209918353      
  -26.8251083461526312546754007718993805      
  -20.7871288820140616270600705202676623      
  -15.6685652876679345920094658777415251      
  -11.4667427625199143926324725397743683      
  -8.13728188867917390386303922731338237      
  -5.59496055570113298384659913163116483      
  -3.72454061582530856251489513923129950      
  -2.39820189282645115998934824544863955      
  -1.49056192861894567450785752813497881      
 -0.890664488974916275877332156034694227      
 -0.507129706456773226501491864631007458      
 -0.270148236868856875897776138941668576      
 -0.130340898465884886737951541850543553      
  -5.20519236397210993832579416602234547E-0002
  -1.24125573429621861807763917041019472E-0002
   0.00000000000000000000000000000000000      
