   790566.578388599329818923206346295850      
   688470.726084636181758545426213759808      
   509949.329757543574021050428610812495      
   385746.351279101642519284996488345750      
   293849.939266646351924475109423019446      
   213930.024346888082693328106271994750      
   152357.550078507033985636305863891349      
   105926.539357834834485546439614182654      
   71596.5229114949876336994282709129564      
   47465.8638302245804454205151020971369      
   30892.9287304954224449123832628174424      
   19821.8611642337428674493226793959341      
   12605.1487917214506870205433148588223      
   7947.26381117738240548929831207037213      
   4960.78007730667301430440330905367065      
   3038.56860105938182480317748409824775      
   1790.09888285077708593938057212186836      
   975.999562198845149038433749570133202      
   448.268386992442890807204698003625837      
   115.665795874469582963424178891526751      
  -81.4545332642420716106639982239988859      
  -185.114108195617044425667163842853069      
  -226.443487804434846613261787508546859      
  -229.058868788141225490463471864243137      
  -210.435765238916942824671406101675252      
  -182.694496363522846598705743755044723      
  -153.479108923882427234593178667582255      
  -126.880639867563793272720849552628150      
  -104.493368493294464653480692419493412      
  -86.3663914164468932989463258123086130      
  -71.7975723233440668575049293060714052      
  -59.8780614349707606122464227306623190      
  -49.8160253058167426504822299732032285      
  -41.0635943050350568333388758925950734      
  -33.3227629660709908795581432362221246      
  -26.4799485325723507558338654863960020      
  -20.5237212459349296606499074373383152      
  -15.4715324074835190887519466746190346      
  -11.3219866714506703566747691363968400      
  -8.03304620268012868532567674380481547      
  -5.52118395849959337705785508718785905      
  -3.67337538088651749327846262699361023      
  -2.36337968515298268721677529541045217      
  -1.46749651079077427503066608549491422      
 -0.875823313349943512936058652849470900      
 -0.498063192559378429781605519514692398      
 -0.264984063147728862256113892122894892      
 -0.127702565207738043685715110324336522      
  -5.09953732854704348734083154651117529E-0002
  -1.22749681924477295325591011761320700E-0002
   0.00000000000000000000000000000000000      
