   819976.906127527307067153033183115076      
   686470.362823108083083487024342039299      
   506294.986451941832099924982309209112      
   387516.749999479536659451402330973318      
   293007.197037922684236601025508519136      
   213845.352713303736118282241232599060      
   152668.683438241845131093242258261933      
   106170.498635916033027600894676383980      
   72069.9361759909621220744433826391546      
   47936.2094836334105271615098963043835      
   31329.0222173136010297367797815870549      
   20212.8316209294030359791687663234464      
   12922.6201677456372234448961212877171      
   8206.03302786269989074354770244116077      
   5171.22474045804858398364529974711331      
   3213.69067373091986787995423241758258      
   1942.78251357827818080874130267459406      
   1113.74423170251868454093335088757490      
   575.632874135237160858175665027153626      
   234.155814775828150681024099451217743      
   27.8034257204050232410599014984101529      
  -86.0419321630358414188643448953132933      
  -138.463622699883825898519588173454152      
  -152.558326049550947642712212428169549      
  -145.149208027388923349489788964965113      
  -127.826394604880060962276499936936446      
  -107.873142320090275636073212743388595      
  -89.2447031710950623700055035771681501      
  -73.5601448286284094964491431598492059      
  -61.0051316399573275267138940872482580      
  -51.0556245724963781854486398062384688      
  -42.9826976701189291109075263964819282      
  -36.1443967351502842555857911779503285      
  -30.1076572526281625850584287592928708      
  -24.6540577655632013003031396371281659      
  -19.7258477709885569010520444721307185      
  -15.3522692762145136535576918731962336      
  -11.5860812220796455181657366996600309      
  -8.45985246389825821720036142308363741      
  -5.96720625091880352347449699035738455      
  -4.06064835111218165398992803128637260      
  -2.66288118915217997250378461346071289      
  -1.68027688976932746490702424682543197      
  -1.01819019228932984517675956912934816      
 -0.590027103932660979426857609626456998      
 -0.324712527936020986351613770948384019      
 -0.166890266864386161459371327297783897      
  -7.77953886446699464156675781522751605E-0002
  -3.03331677326020780279282233134715289E-0002
  -7.82699040644930376066558116607209547E-0003
   0.00000000000000000000000000000000000      
