   589940.103684214700159328377901451062      
   502820.409693186445877121788804407794      
   322785.117728303473532028388370568871      
   174914.269426487717722691199828438796      
   95066.1497981458163060075597678758891      
   58283.6082289136787776756313813030277      
   32458.0342556994930596808923454756225      
   12836.2375885845563796661928384090051      
   5731.27144700612574582687913149782184      
   3885.45481752195101026654626323636857      
   1268.19840259323496239067630276654443      
  -281.393626476042945939183862006076719      
   151.931073295499395290598809142418285      
   361.729303360500570389363500419232819      
  -318.975416307022013496971553859115862      
  -439.651184869060555423379117609414143      
   13.6244398707480828126048826941136132      
  -80.4367356590181523104250344733879177      
  -518.483627922275710567358684756331162      
  -333.489048414005940101029356148087467      
   0.00000000000000000000000000000000000      
