   636.050081088156511960364019706937859      
   563.270221587532096589339098541473799      
   412.574343446740313792754335793867777      
   276.350116940151231227536086656523801      
   179.355317544756690162499402689282764      
   107.343628410114224461300424846966669      
   49.8361881471707373232202218419426954      
   20.7888703949155763021513785923650096      
   9.90122676046322858648095523355912720      
  0.411016361116018094766919458150533051      
  -5.64059250962457545458522981938634864      
  -5.22542098374280396030275299858966423      
  -4.26489033574169882999366427180108493      
  -6.03572004131880073518594664734922867      
  -6.35488186626903545890998671866776382      
  -4.05098411763066376231590142333695165      
  -3.42387396714196508942079260127166934      
  -4.14786902337820568453886947805064914      
  -2.81612974216271682751980345191718307      
   0.00000000000000000000000000000000000      
   0.00000000000000000000000000000000000      
