   625.623745078134072593210739586690468      
   554.384800551320546004712647520345805      
   402.818107908283004313992987888612331      
   268.315224327522900516454273432471697      
   167.544320579502337962685431424991041      
   100.994955466029965439215736205783984      
   40.3431679830447855128566943912673969      
   12.3112429215987817113286985081756062      
  0.732987099842576880163864740564964329      
  -4.77662272010932837982426129126196708      
  -14.6572120792476939027199232898916968      
  -11.5868666829999405504357817362381090      
  -10.9199019038635212624207663837130385      
  -10.4190924695251499209864321215526869      
  -12.2994474932133842909939841451811317      
  -8.93810652305100672367595343165804330      
  -7.05778015798878169633405073359639282      
  -5.11523506290432057157530436007748747      
  -8.29606704260374469457849142638116255      
   0.00000000000000000000000000000000000      
   0.00000000000000000000000000000000000      
