   19317242910.0064450364528094017587911      
   608184890.285788179082174657241356580      
   366938645.450828634143331016495693499      
   170372576.862734958683906893374236074      
   65561141.1584724007371725791301162697      
   28759147.1808641512966926641245394443      
   16883883.8219989305307275305778776038      
   8273034.19744137938979499871251666530      
   2720954.07663642369121361174989698601      
   1224423.05750265022236876709108290447      
   800229.147178295695145743245708638915      
   193960.286049736189996775922385675606      
  -24079.2429833318125828649808841883673      
   81048.4619045670974723294129837998427      
   56927.0552060168870795554758125016077      
  -26522.2389969070746423124501466921605      
   66.0711520883498292687862501014224012      
   35253.9434917945432565614779250322802      
  -7161.77315044534629745752712811193271      
  -12997.8870071034776658797833283428638      
   6783.75485262284430505553647893637126      
