   19291678444.5926730530183782157734399      
   620571945.023321589798588588696097364      
   369858783.365215792124952475972278827      
   166189553.520511117309795237626357069      
   65228458.9912251301670256959753663668      
   30453401.3463303219877797214156007248      
   16580251.0297030656005644490207952933      
   7664751.85176177140636716663731370586      
   3035764.40937200312469943983605989099      
   1382996.53435301484440869388400908568      
   607480.777015683278429577512422775544      
   185076.362885731774666193698500319914      
   75787.4381071508644631314581546745485      
   46381.2942614014460957638749154876663      
   14752.3172138010959253638765973449686      
   10993.2742845148190325572274274123791      
   11529.1881783384874236106878437017790      
   3210.75207530421591233106462123354569      
   1185.65767077281686570340911416317517      
   2651.99894434199278849895233522224687      
   1190.00520183232632339954752176724755      
