  0.131393736557154048530052899761309735      
  0.130021863610368655135375830977806595      
  0.128625351717170357827907067659877881      
  0.127203362971537267909864281923617124      
  0.125755006330141023549584138209395673      
  0.124279332735741320249987849362370726      
  0.122775329646193679283129730841545185      
  0.121241914878062663778281773404086350      
  0.119677929656659444953818919675914480      
  0.118082130743438705106476259589197480      
  0.116453181486471662063890644097997827      
  0.114789641607794792249458622916632223      
  0.113089955502589621414535951680551429      
  0.111352438775827438191111972512988750      
  0.109575262680281061709547003254446598      
  0.107756436041276692062387165134698772      
  0.105893784153304263054751476845936054      
  0.103984923999084839041007182449783666      
  0.102027235004940829386619864374432082      
  0.100017824231258880239730237576735742      
   9.79534847559053982601969191226369082E-0002
   9.58306454610778904611920045487335928E-0002
   9.36453099868980634641838808207060222E-0002
   9.13929818448058200236023949194748809E-0002
   8.90685716536199775792970563465357804E-0002
   8.66662809930926251311480042356601181E-0002
   8.41794552503060424617995886345526654E-0002
   8.16003947157911891109741668248315225E-0002
   7.89201085006185920930265645582846776E-0002
   7.61279886387365879290819483055432203E-0002
   7.32113703590883559422814330674336011E-0002
   7.01549260032022221854184292396617933E-0002
   6.69398089275957477272050835921893849E-0002
   6.35424092851081068973384967218342386E-0002
   5.99324840118155243151998157094344140E-0002
   5.60702314554162529999528233001978684E-0002
   5.19014876015039752382848334593046185E-0002
   4.73493521050086605809579214839995870E-0002
   4.22984577845986243490665255642712795E-0002
   3.65625139426633027428276691836143141E-0002
   2.98095977183585347597232629935441543E-0002
   2.13864141943863413038089284554234574E-0002
   1.07793371636543422448967612661098087E-0002
   4.42263543462274726322532080916695372E-0003
   2.56402473046606606661448443275862380E-0003
   1.79100719517192082173502364167185255E-0003
   1.37281574004632124774435110819633734E-0003
   1.11138544927729555262329575857932835E-0003
   9.32621456293155452972275519431057367E-0004
   8.02710251656788383928999281460418018E-0004
   7.04052062667480031590036890206695944E-0004
   6.26590108199512271553985754909428844E-0004
   5.64162768107879797259823807312166741E-0004
   5.12784957339002053773772421673872004E-0004
   4.69765335336848756804745045813258976E-0004
   4.33220823028607639343228118632196969E-0004
   4.01794425560496479878070522816226456E-0004
   3.74483534155703847856733338150226716E-0004
   3.50531342562125103353519601519035309E-0004
   3.29355877455943882927628796270209199E-0004
   3.10502272954357527144123454382950703E-0004
   2.93609868140361885998378168017939114E-0004
   2.78389021041518459336044241993470807E-0004
   2.64604449081513740824552456777595397E-0004
   2.52063048509847486371771307264954233E-0004
   2.40604848507362638379875858149103585E-0004
   2.30096197484128997412814991984515878E-0004
   2.20424564324856917902760219022237861E-0004
   2.11494525083016341040391744019882776E-0004
   2.03224631203229950761153910148997538E-0004
   1.95544941494901434248046474126910888E-0004
   1.88395059197032546080012541871745224E-0004
   1.81722557645138278643522056337900006E-0004
   1.75481707555952994262670176224767631E-0004
   1.69632440648063745026440724323679771E-0004
   1.64139499953672808353559602846157737E-0004
   1.58971738668242573444212244081313583E-0004
   1.54101538197322432386199420713301397E-0004
   1.49504322267362265961778885688522712E-0004
   1.45158149281134141648880569835350723E-0004
   1.41043368415861634969242605953359951E-0004
   1.37142328286425059242946551673556678E-0004
   1.33439128917586614407912669811663399E-0004
   1.29919409757178359904825407162307247E-0004
   1.26570167790196588918400578791493112E-0004
   1.23379600747161710022619424266611438E-0004
   1.20336971673287903613624632227269889E-0004
   1.17432491319515580272140376318833765E-0004
   1.14657215842967196613051567802693261E-0004
   1.12002957454097095753973636929044445E-0004
   1.09462206136218952819244102565000341E-0004
   1.07028060966269419252136423409886241E-0004
   1.04694169511148809110664536981118206E-0004
   1.02454674434598448746981491845132551E-0004
   1.00304166136197050968655109199627110E-0004
   9.82376407501065366049126110898972227E-0005
   9.62504628302110726479059042778206575E-0005
   9.43383319722934448628785685801670679E-0005
   9.24972531197468320555040900054828903E-0005
   9.07235098996071661792080132346352089E-0005
