   648.653930020746091597157388721871356      
   575.528934764038444294346462644493085      
   424.875797252365143674873931758422933      
   288.444948713074290045118888511655057      
   192.302940856013123795843158351117849      
   117.576811920517578302754810051073707      
   61.6021934578810898355840960440736829      
   32.5336768151420310813607746657875128      
   19.9409955981042359199477592855500359      
   9.67245390420061925078930429627536305      
   4.55863656131049967835190553581129668      
   3.74040814287869448702591206337284171      
   3.14235297502638643934045848403240905      
   1.02838218751236543657981868920390141      
   1.08969370921104218907322622444405630      
   1.05895674299933681740597491306612915      
  0.675014777117413456486217469601825490      
 -0.301716062338848518511654877906084321      
  0.827117413710542254956785436277220272      
   0.00000000000000000000000000000000000      
   0.00000000000000000000000000000000000      
