   20423233412.7030662549920994664282739      
   692151487.965220138678180166292890115      
   378731667.227096687422660254127933725      
   180624888.758315827099227568657302325      
   107141833.068669952758666952868497043      
   70838554.7692774985565081228727607812      
   45023090.1412856734474973865543733493      
   28836366.4947039249352102828962134689      
   18279877.7281689153716223052333663341      
   11302566.1207736816882083803198474341      
   6907481.78035917517048040075488796409      
   4153819.96219005502705865458152440102      
   2470669.97575826119747939050814463843      
   1468249.85682831897945632325500820920      
   875337.696078319951289335913531068058      
   527677.179683641533996089063541779832      
   321920.287446605339067366397723094845      
   197079.669339445093261862140331614365      
   119298.902665889666710304635718083528      
   69497.6875271521745325083000326721350      
   37360.7574069871629333995141061088221      
   17003.9680541578482316156533694230393      
   4732.52154992473938778555538433957221      
  -1988.65456068703186993674208768276239      
  -5051.46200840482185064338650612398934      
  -5885.42452414625506534649966443442864      
  -5522.93894264849001343983732429038550      
  -4661.69602726967812899180548873458133      
  -3717.85034460889313198325738952167522      
  -2898.94424970129628497548305270929467      
  -2272.09426864434946466261949796078932      
  -1825.51155397103246057675867290804509      
  -1513.27821599217588676540281079041785      
  -1285.27132696923400180027587638024755      
  -1101.64106869334691925909302238228832      
  -937.956533509732996262060070178094111      
  -783.346047667374792648409698654567397      
  -636.441111820731231929792658380450142      
  -500.563986268997003902587726928989445      
  -380.180819009257288684759969950820900      
  -278.552853394498200612647105163580976      
  -196.896430962908116491501780816806581      
  -134.364195941781767987994097088496337      
  -88.6122739314070645411153141554454272      
  -56.5387551653541159509827877635986634      
  -34.9210276875311973664876292207319385      
  -20.7692611092610183103003725531813494      
  -11.7834070264773467600894657841301452      
  -6.25169064839504827695625275877593232      
  -2.70039578224483840091504405982114004      
 -0.625107719338168514291700419257953539      
