   20416591162.7615508895094376444583521      
   693997107.417039952842449602586717641      
   378674449.708225263041736628548896415      
   180510775.168818220812533771954569475      
   107192860.806974018374255821946275108      
   70819679.3539306091704708951788572943      
   45018656.4302707757763874921874443269      
   28838038.4352785717452099057985561858      
   18277680.4016214057900703204778249253      
   11303352.9845224582691561519351830467      
   6908242.71882697303566484488522545354      
   4154265.44760724796979712489374921154      
   2471313.27941953355491309764275364864      
   1468593.79668182110016297615498694259      
   875566.655488183892877400022278594787      
   527823.407258730999391559664477199806      
   321984.533335167113635802281867706868      
   197125.537588171489753343707068063740      
   119335.002978765494224543242830556861      
   69536.5135992498598999858439375836866      
   37406.5737567740240193842533139150958      
   17054.0747450829949654670217353058203      
   4783.09482026340510345203432629782707      
  -1940.24428435464960451274524526341848      
  -5008.67648558208622458389417268665158      
  -5848.71360835173832869913528809190934      
  -5492.94145590810127511118008482365179      
  -4637.43335028923514996145525210081010      
  -3698.60123102539961074060708262653533      
  -2883.48973204598507018152606137322517      
  -2259.68656419059716754310189007503544      
  -1815.33853156302642673545175113585856      
  -1504.93753304562540166795782614390316      
  -1278.36694415635459875580425861895906      
  -1095.99768440355798082373472309524497      
  -933.376196728207208906166127132939850      
  -779.713977448476552951874461994680398      
  -633.609135818631877653478216678489498      
  -498.413956248405382459538912607455891      
  -378.579063486191798652417158049390291      
  -277.387792624484702901418707517708713      
  -196.062354323379862414628108228983328      
  -133.776934407183829362361880091215676      
  -88.2043668057224536614291889656865473      
  -56.2586761649666175487207338089315233      
  -34.7315934052463827494124541673550728      
  -20.6456808285499064827991867350707760      
  -11.7062251152578599754837629318641633      
  -6.20508492742776134987044396207888374      
  -2.68159583342131919120655949512376734      
 -0.623319824994658166847069473814480484      
