   20389267325.5255997826563575187432286      
   701543121.577639389494681944338708561      
   378405468.506918174049075537156767552      
   180082825.409081018413812765989827524      
   107385204.332633474891223056385219347      
   70746194.5940696589694194017795640394      
   45001452.0787721867532423611074217071      
   28843223.9882185879828345991403494299      
   18268961.1023782043875393514100267260      
   11306553.9391665458857741791689154197      
   6911000.66649770939449279810567530034      
   4156313.62244862994497541816999059545      
   2473874.44855340842957500507652615845      
   1470070.90661822647552233461650099053      
   876552.716092500103693950147852165279      
   528446.865742649321394170456155300462      
   322276.412321958855588241208520017926      
   197328.014096813852225319981487976865      
   119490.800878385495288195773705362001      
   69700.3842443006529497195652931085259      
   37597.4880087608284236364178417974756      
   17260.5898262134255955473558672080930      
   4993.72279460502057554503500243068809      
  -1739.96984407803302049895450074691635      
  -4829.62212756441446789143001137483212      
  -5695.66563150345155900782274340929971      
  -5366.71697076529358903700905792467029      
  -4535.71670653592246121411909704526409      
  -3617.34361170686606908701104824281609      
  -2818.60311809917222379101406150189712      
  -2207.36083178967772389165859013719150      
  -1772.70540463930033927602413974743329      
  -1469.88024452622685772715209672400289      
  -1249.48957119285998264576414674099318      
  -1072.32689503402250569889782398522609      
  -914.217265724004372779159699920272287      
  -764.473342020057754658466584151178072      
  -621.738822600287790809130966279829341      
  -489.374092421275684435938811237777615      
  -371.846327753274165360058592898011630      
  -272.479426362100699502950882300700337      
  -192.549041057720164014699987303500448      
  -131.302313696175191562368841755874797      
  -86.4858355699441380395765489861035403      
  -55.0814385358747639346057139761489657      
  -33.9355139001230361488858200403653376      
  -20.1282949647630644617331744125193426      
  -11.3823771203328950735481689711586786      
  -6.01185401121303719547687547646898202      
  -2.60180475946277728945960793189345691      
 -0.613748409622386476627955058806603481      
