   20425439415.1645521830305104984798589      
   691537578.935514456402034584390926442      
   378749857.752316166587253959880698864      
   180663757.132089025175918846184174046      
   107124463.912092401333238203658266935      
   70844934.8375856478472364966803636931      
   45024571.9517453950258373660962898152      
   28835785.5629835196828280054466324976      
   18280603.7326392542716168098921214741      
   11302313.6098102852341363692204429825      
   6907213.30303957262341106305573199126      
   4153682.50892455123899144525827094858      
   2470450.33366956556211226364512246499      
   1468140.04660732912585413659568848967      
   875260.330294776419612455873459784917      
   527630.868627461851622597882995480619      
   321898.157004077529403391113941500594      
   197065.809284847883887189344605379547      
   119286.239934086541802825901649110649      
   69485.5067496389399178555895696476087      
   37345.1207562557481821321305897775725      
   16987.6905334839699320263549604537425      
   4715.51537797621376178812501624284560      
  -2004.50535437156337065879113438089985      
  -5065.75470444510295115518892503286538      
  -5897.45913784699260557274185690471823      
  -5532.92211220910715372969901054542948      
  -4669.65134350096485724088899123942380      
  -3724.24148953082852126536600313897377      
  -2904.01713102173954993879336053249153      
  -2276.20852192954545808519464797041314      
  -1828.85847679907905289782715756660400      
  -1516.04122919035154202391829480814164      
  -1287.54848250212354116149095283863642      
  -1103.50795513995106508080273429851863      
  -939.470087333475933439315136953722073      
  -784.544927741005145745846152224956172      
  -637.378539328612485890754009896665481      
  -501.271313864033589786402547990894047      
  -380.712455039295895680636469597148986      
  -278.934153792434655044063931681013607      
  -197.174836401666564913802718667384915      
  -134.554700569309861625451445640972569      
  -88.7500649645486088007547219106964252      
  -56.6280756563942636179370556002315165      
  -34.9866226343888433039928940789462018      
  -20.8071556093545789054967685944456963      
  -11.8117344093706690251487438868795037      
  -6.26440965127121743060661586172204534      
  -2.70920297712588421867834712333954443      
 -0.623130189499167687556418085454515153      
