   20425371942.2662972555746813259773071      
   691556362.889799807783434594839818646      
   378749307.662269040604504352004940172      
   180662560.873141616978270847596468703      
   107124998.457662253158555230850734382      
   70844738.7628966947888103746740132576      
   45024526.6449405091421472547149854232      
   28835803.4459310325754551791741950998      
   18280581.6261106854683515541809434689      
   11302321.2033320292735300755656969465      
   6907221.68781109279379242037668716159      
   4153686.58712455736010742354185977159      
   2470457.13676007344347786820891395011      
   1468143.33761527554183930025212702963      
   875262.736417554950212291104820900879      
   527632.242321208358287746630254535108      
   321898.862374837745688742891778895924      
   197066.203403909112891428498490842228      
   119286.649225295093144436617895832820      
   69485.8593116444553066199729575596764      
   37345.6148686864939782713568003725524      
   16988.1746747415804449038926655198758      
   4716.04663729419022070946759321696063      
  -2004.03050963637905130191877388569254      
  -5065.30975902210143966532629129630832      
  -5897.09844100853849821272686761597262      
  -5532.61122748246460222108026898624551      
  -4669.41345570362521026080586605339799      
  -3724.04198205645111455630874273317248      
  -2903.86591575359487129221564992989384      
  -2276.07970696292411599209100767144263      
  -1828.75895809090081318120854027575452      
  -1515.95451636795264386274076889281038      
  -1287.48089614130205043093238734867130      
  -1103.44923722185220336009127809792243      
  -939.425286303894088053835144575263972      
  -784.507085289985314865589212789186511      
  -637.350938742160740922830218895218375      
  -501.248839101130996891275084768779072      
  -380.696949997143723683501172265443200      
  -278.921900625082671964521577453091803      
  -197.166838298582672395911600316454752      
  -134.548472003050869973418896001749748      
  -88.7461883654176653576594105263711790      
  -56.6250865243419830233967421408642768      
  -34.9848195201429116082589413296432394      
  -20.8058508031353295572632363323177803      
  -11.8109699826968889593724454788690678      
  -6.26396039425979912562077409634619212      
  -2.70895921306204245607873383721935745      
 -0.623196669437708091666033724786902368      
