   20425164173.3165407744324089889172618      
   691614201.504536764891492712326332576      
   378747611.246782111627072232207699001      
   180658880.216539122298135243268352305      
   107126643.151766539743035388439081143      
   70844135.3801522383086989765393946865      
   45024387.1092952957685295926125293119      
   28835858.4825556795437739521370010762      
   18280513.4998601719028563298607256131      
   11302344.6509735519606525853761331781      
   6907247.42595550577246981302642327777      
   4153699.20634023262786425390046699034      
   2470478.04147160318419039557192700422      
   1468153.50780703669248485671062744828      
   875270.121204115617066737671280299528      
   527636.497187471934636543295387201745      
   321901.015870595959796333060561503868      
   197067.435496117713080487508771932236      
   119287.894712804648930727549447597463      
   69486.9585066567172041819941396015709      
   37347.1249373588116421770778203950412      
   16989.6756747742430090950392829566660      
   4717.67377801135682161128568020487634      
  -2002.56036476549530676816515782224268      
  -5063.94640784650812991248503796643631      
  -5895.98143759650632325770224680066419      
  -5531.65922053927695865270765194708243      
  -4668.67592603757899215572659501011496      
  -3723.43184990709078133259073080412104      
  -2903.39631845728686549287707296121505      
  -2275.68642481916890688526042371090496      
  -1828.44936758868683436656055849592059      
  -1515.69021807369135655528225133194061      
  -1287.27027449483445590100139090501861      
  -1103.27060875558970681676198241644608      
  -939.285332928344730306236090429335510      
  -784.392304396692252279407135365155044      
  -637.264356160484203869401128218690980      
  -501.181027237929199950106072132339356      
  -380.647942378125988947641744495164107      
  -278.885276558853686481935179912306643      
  -197.141215563122889153823653857636621      
  -134.530163445737637004334048340540854      
  -88.7334770076906704137666325202051713      
  -56.6165581361672854940649837668716636      
  -34.9786736778171157286684569203200914      
  -20.8023472226174143313714431056011027      
  -11.8081712730784384340578785777643692      
  -6.26295712005691931869996175975989769      
  -2.70788661452717857060850931940427069      
 -0.623669857457384630143057785422083535      
