   527849.785745913984982124275702533696      
   451149.662999801198087973370187552956      
   299188.286289020734246108715616916850      
   173342.483559080280884382261241032501      
   100100.159938177423024462048070637684      
   57097.9449560741420017028409001233540      
   30097.4990914030698714529176520788088      
   14883.6287622373443256392851126609309      
   7359.95536598114739420623333663079905      
   3579.96523254479692808358164925812382      
   1773.20408832563849706150078245312762      
   984.915030011701480177475064337464522      
   589.830396625625055231294808875116625      
   362.707766634912429928433041217156173      
   230.854678520846293162994704354889974      
   134.304179920619009182429463392360310      
   69.8727782301660410001413543321503786      
   34.4550807227530772531768026024731114      
   12.7749283745383429495491811536802269      
   1.64394322288351842321903132500680833      
   0.00000000000000000000000000000000000      
