   627.223434299862571357317801545357644      
   563.391881827332817572977606419549170      
   426.712472966617594429329637017556250      
   297.446738459314387131992081426734098      
   195.589161554510553250153288696179590      
   119.490898569221190644059551523378230      
   68.7048394299013488019247533625721574      
   39.2309009921463376535184377845014103      
   22.4002166140518331221580885676270372      
   13.0621708019911469185629414764807941      
   8.08035568387264540982376197059454119      
   5.18126374276608693162293799891133748      
   3.26521553714877150673388387827804771      
   2.03550162742941997038936568491071559      
   1.16957066325816635603627075124558962      
  0.599072516633043035152954191146955635      
  0.274209463787372961486740995296520999      
  0.102199426996306743596393449229441810      
   1.38821872154608222405162645222797149E-0002
   0.00000000000000000000000000000000000      
   0.00000000000000000000000000000000000      
