   19941319711.5035297174133559017319449      
   500633152.673363336856575270127225271      
   313233567.514713562349717104103907140      
   150437589.410711477135752527290923345      
   65242999.0424895408979089279842182087      
   31316293.4550314015662652533983312394      
   15882165.6558503801282466480764359802      
   7336512.27268470487039843763974741729      
   3164561.02577827971754726569193991104      
   1388453.90908318349449432461225728901      
   594218.459120044586284018140185485450      
   239590.784449832157101389017516566170      
   114534.986074361614448026353554526099      
   64584.4217338868735409656465306864240      
   35437.0954096951633726372570269712296      
   24273.8755984854588364471075544025348      
   14526.6080651381439850173337337363177      
   6907.27036558694055548344661977525666      
   4492.29613784448697130112260433634061      
   1535.10186849230630512547590158554182      
  -138.671182528615505446512903519468486      
