   627.466109579693500938942202198639307      
   563.772972612523645445809494374382255      
   426.740798403292355414953351875314986      
   296.817249382737957318700252920993006      
   195.804662146159758775554261537018564      
   119.498588162579259784257987133146396      
   68.6612402237186402111809798266961807      
   39.0986199779964205588388026481013804      
   22.4236024550724281093756990974617666      
   13.0531771970148823109909759963448425      
   7.98228853534597696807149252252848880      
   5.18000866824456014564916026159477107      
   3.24320457499133000129825667319206200      
   1.97930928622455890213718981497823055      
   1.17185235861795221929588468991901541      
  0.567002147823915937154996576118725253      
  0.251816227643797630161464756694169178      
  0.103701749410709480316052624791563873      
  -1.04064537066916841364219659986888746E-0002
   0.00000000000000000000000000000000000      
   0.00000000000000000000000000000000000      
