   4483571814.19414773516527412108398633      
   327236945.414115588719670740596207957      
   120058745.804800162832450868413189671      
   11650755.5258190682947541108580320515      
  -1878782.66813932455471238167023367463      
   1570925.62619927658404614920458053868      
   482508.543075370930693521873904425840      
   29413.8072082021374856562556152860443      
   118861.092093367987140248350444549404      
   24378.2463063010164871940510729017525      
   11929.6169744672782982960940056905956      
   16429.9085578205626797553870481070370      
   4507.57076812779383995925188272375718      
   4410.73466884846267138244886289373156      
   3194.39895218370391052704217984769311      
   1240.65359163944497321127316674307775      
   1299.15583432166178520125153475477327      
   647.052146021521851499957132149600764      
   297.820160536750893918476663447491680      
   325.027931195481530960056037621460604      
   126.934401679042573431882275438443976      
