   164774.661602808405024556497654244079      
   105197.821013836696910209405880927892      
   19336.0204601861761381540550935866480      
  -1521.06394763545599468331634796363392      
   3801.68009122381735997499897016369372      
   1818.99381955711815756718189480051878      
   310.734773866118283380098353473410570      
   532.304043838128009153396169418058589      
   219.225467917266320337766551244600304      
   109.686629472139021131742130290714650      
   121.712654098342930393586152469616075      
   56.6660089891338261213565371284732999      
   41.3887379072551463067575084431595009      
   32.6255904341015791535670878605064465      
   15.9045247273776761549638077611765812      
   12.7493172291709721939111679338327154      
   7.63351154591014624823191509476512615      
   3.51087160738686237144332542781566684      
   2.74467755585343180537736528478418664      
   1.12830778879412199562477521554700157      
   0.00000000000000000000000000000000000      
