   1032016.19694863263576952668025798091      
   844347.546854126321912534904367932791      
   597659.261759234031629716883369618563      
   525325.844865673609191062206908141660      
   449094.993908673129113120141829231707      
   347260.333604860425783024023093631183      
   273131.135625884098520612573551809095      
   202708.201863445007716052706381036637      
   145140.490207147775990473327272746427      
   102230.195453412939041353235304015829      
   67789.3001110714205637685349222744134      
   44614.2040523823707562590094570804898      
   28280.4370921567335159013107459756510      
   17547.0812674206945221459718645309173      
   11089.0860906157948417351307053101077      
   6810.67526595501685980402142523416709      
   4403.56008266418569448732400080176547      
   2781.79315917569741017449564889435327      
   1716.33333069086152788199733004955177      
   1008.67598933118281216952368529289744      
   456.613143516120830706270476047737596      
   132.597839941334201129411954827887837      
  -81.9380596561349454936384919051157453      
  -158.073357136995777502519242420907128      
  -149.470853070550294698120314278581229      
  -93.2456519902244337779376539243635004      
  -9.68257359216400642203477041504333120      
   57.8967816778355833454754937998261326      
   109.469040336101608232663404187739119      
   127.617318403500178225031354900345271      
   123.300852351685077926679813619212583      
   101.464291345127308515633706742824293      
   71.7951848949564778161669170513780752      
   45.8115117693514950974389249873696319      
   24.8287171335242225557691124368342261      
   15.5837581578229631876109536088469207      
   13.5039846447664652853568288569918527      
   18.1336276225622266105912099778691679      
   25.4571065506115241401684740830903690      
   31.4795048395333388330264465586131936      
   35.9069341431854368185188417910286681      
   35.7802137333829743953077199402107404      
   33.0147798654169279359377216371208222      
   27.5978239255699658844566224639136963      
   20.8863308773804734831354729580308070      
   14.6695820176959556528360246427344874      
   8.88535805892363686234305646771009828      
   4.84863732399794953197049474134737861      
   2.17394947109561245223552759317118842      
  0.550120552381584423203548651970433975      
   0.00000000000000000000000000000000000      
