   1032016.31905866886477835668636677983      
   844347.450479406087782076994202360465      
   597659.302324551331244886229974824932      
   525325.852713536689405020687711012455      
   449094.965178105432350537720892125848      
   347260.358469296280650118053563629226      
   273131.125721881561838779335019612275      
   202708.197929033954589869931350734215      
   145140.501156182103947718067703464962      
   102230.184278272835397685848489815641      
   67789.3076034329877697658402523916059      
   44614.2010272784407044431455835537279      
   28280.4368573733532294597590381270982      
   17547.0828937502685131170619942449791      
   11089.0846082421993957768451412371304      
   6810.67577614103814485657840420009710      
   4403.56066762037365549269615864477756      
   2781.79177962937695649531157440929269      
   1716.33504873082943164590403440514227      
   1008.67431626471065948499497287382998      
   456.614542640355311079925631268165945      
   132.596771873369434829172780890738609      
  -81.9372742869690422941016312145217500      
  -158.073966080570203025044978190331707      
  -149.470326698903544437888577736707431      
  -93.2461694100470905625256211043674934      
  -9.68203913929275941712647203268061831      
   57.8962225435740732677378537456470543      
   109.469605135083105636549391578595403      
   127.616761291154972219413385148151605      
   123.301381379199914516675748706343978      
   101.463795705913155481855897807828702      
   71.7956375855848973475964007415044815      
   45.8110985921406570703452283447790392      
   24.8290866692169012278838064376270326      
   15.5834256384419344675067533141767155      
   13.5042776909210939657722641852486856      
   18.1333658053107873296549117474628880      
   25.4573359682420984761032623460729436      
   31.4792987046197871080739408877003285      
   35.9071157214938847866270743082486219      
   35.7800490015804319602496956737600023      
   33.0149241394132835415433843375715904      
   27.5976952932456320028604021817917795      
   20.8864378027809183678698662355805288      
   14.6694933855751107752859487854328001      
   8.88542252934036995528300877758941789      
   4.84859168790958298137175645014024509      
   2.17397351493880455374996227642569311      
  0.550108877201377802343038642850347082      
   0.00000000000000000000000000000000000      
