   1032017.19606512466486669510862428657      
   844346.757760160996160199744542366232      
   597659.595493915009173859813473747147      
   525325.906219826127332880993381757881      
   449094.762134688272901657763013591792      
   347260.533952883233080202500996701571      
   273131.057265884203416572537624504927      
   202708.167465776337376064862824130115      
   145140.581740469580890492514251830886      
   102230.102238684889948899366232834214      
   67789.3631733067596185861560433873866      
   44614.1776078367384980572083159890681      
   28280.4368292994477545845192801265036      
   17547.0930575265058023478795749392232      
   11089.0753628282011151163285284275025      
   6810.67823451239740530020996869738273      
   4403.56594130487498409632863983892668      
   2781.78098305250285234620021125751826      
   1716.34817027454089855108543321995974      
   1008.66167076412012216449644259011718      
   456.625141309857110001762842947054884      
   132.588683960486663231640314349208488      
  -81.9312820195018868857234948589892984      
  -158.078568918479196270518978837272206      
  -149.466372048266893716665560977376307      
  -93.2499487100383361886536936588714368      
  -9.67817952960618060507831889149196941      
   57.8922819258338290479031919075274770      
   109.473560242157808828531599668804125      
   127.612941516764023168219421668211284      
   123.304989076994711705047184616903912      
   101.460492753060688832569567807900868      
   71.7986360827479116680025020586442761      
   45.8084352855828950490061045936714868      
   24.8314532846481274592257844441069035      
   15.5813643307047590913607949615824346      
   13.5060834017923334638232073810196617      
   18.1318134957431170935650212123288975      
   25.4586929945544796165398690687535268      
   31.4781293339880973397038090036429452      
   35.9081539939085183328467309911665112      
   35.7791450930160170962051467557234098      
   33.0157326934225438704967458400200495      
   27.5970068791488449471415157990308415      
   20.8870267349264691306500864084990830      
   14.6690395222722370867213107799118520      
   8.88576265625932671914131257558098406      
   4.84838788811354219107998237854567417      
   2.17408391814877400388672862421465346      
  0.550087200216496918437567985245472830      
   0.00000000000000000000000000000000000      
