   1032019.47331632745818256890930193464      
   844344.957250259608993556501432523552      
   597660.362647126371137530144042948268      
   525326.035915606676703472005249085622      
   449094.245480694968152529248866142475      
   347260.979871849222480708244959422037      
   273130.887649500704903867198153953596      
   202708.081979780181747428137215332861      
   145140.796285580972977949722694280803      
   102229.884645741546181901036398069867      
   67789.5117823316340516329133157639555      
   44614.1128310981165397940417441018595      
   28280.4404540477090394197760337187812      
   17547.1163220365176400539095034447508      
   11089.0539760282053417918000598220883      
   6810.68271344498654649967575311945598      
   4403.58101387209281330875613485116430      
   2781.75220160996025196835082131483981      
   1716.38260183448933084196154086392276      
   1008.62895705673701774235258917221403      
   456.652286580580555584473208504196898      
   132.568433876854845340205682345713930      
  -81.9166456826498818015036512344833794      
  -158.089287383877471668683654173157562      
  -149.457449476745034206144763224179823      
  -93.2581653375879110840522215550117370      
  -9.66980501169306632036660889260570304      
   57.8838833387702514537424507493192132      
   109.482010110654902932872849003799205      
   127.604967587256568480526971772545362      
   123.312483142510730487909421932806590      
   101.453863018790199987612865323298656      
   71.8045916089790055652998714809534030      
   45.8033833877024148569666906984130701      
   24.8358855391622056019513165479015442      
   15.5777286730889226826815856164177762      
   13.5092309384833184817215393746468990      
   18.1293073348255211495070878653925218      
   25.4608839678343030896533630112539228      
   31.4763965406853035710779468214037069      
   35.9097472270183095270238144775793335      
   35.7778658522727205114872746511161682      
   33.0169681845509942881366970651989309      
   27.5960479468828010414496298778417018      
   20.8879294367069988053632093356400214      
   14.6684559925051747210986306838853301      
   8.88624713750690135400005625920261988      
   4.84823349526183032785173156633548077      
   2.17418273103327649724446785570420524      
  0.550205739067574558762501277889159560      
   0.00000000000000000000000000000000000      
