   1032025.05008777963008831097530921573      
   844340.543412082423493070307783821012      
   597662.256132996178788156687525290998      
   525326.330262060438972900211979325539      
   449093.006473874007904736589881645188      
   347262.048246591288902993966726478377      
   273130.490880772510264645325909233199      
   202707.859247762659527190768164414439      
   145141.331425467769211528315376461118      
   102229.344373118693253293031315364194      
   67789.8819446244813934255357082285644      
   44613.9490375093074328207349161663102      
   28280.4534717633980058353445345926500      
   17547.1706625882112526041430600942677      
   11089.0027052163747174859135065790330      
   6810.69434118697257898493640805696768      
   4403.61583396374604890650954786427786      
   2781.68519167483201217763514653425882      
   1716.46254423425907331697660594461926      
   1008.55405968237044059256503129974077      
   456.713116731768392410056868026568180      
   132.524957216058918054740956883974602      
  -81.8870724366366475935061645262975436      
  -158.109005018024570798143792354251678      
  -149.442116591284241574597963715976560      
  -93.2716617097862355605077921601176298      
  -9.65576059208081528925056508080098473      
   57.8697440927197192657454902212844002      
   109.496570489301262365062533550797086      
   127.591418173792886527775509196739435      
   123.325251558302968671182723493286949      
   101.442979968804707614764316641950764      
   71.8142732514782748739549001384799646      
   45.7956467921962443938785954402388079      
   24.8425748077348559860565021907485080      
   15.5727152935848682860363460846046899      
   13.5135150383858772971543216653635558      
   18.1263323037816514669049280578069477      
   25.4635322361085690095504156557528304      
   31.4746359279876246239398293290161855      
   35.9115791183168376207071766453451655      
   35.7766040582916431804494460444170414      
   33.0184980333637049047921567348325770      
   27.5950357290744230158924054221101504      
   20.8891392403388337064137334964912622      
   14.6679084007058887247071035683066887      
   8.88684707178772777846511101173516275      
   4.84836300512730584468291316484056311      
   2.17417150364925645180035616850359793      
  0.550710675723060044772672786894421749      
   0.00000000000000000000000000000000000      
