   1032036.72850416674137878342874332789      
   844331.290622960146728977680169730642      
   597666.252695131958009066238340023613      
   525326.896908669388327925536698966056      
   449090.467352256723384403644054594146      
   347264.236970234955216848820004205916      
   273129.695336422663803669819325686564      
   202707.370948537521427145328378813863      
   145142.464098405827655522623021740985      
   102228.206930893342834851175857048802      
   67790.6600569747016303313698092434327      
   44613.6052440025288366448219188681635      
   28280.4794005656900695146303731260319      
   17547.2886011536702079438846152299431      
   11088.8881147791504109515431743468631      
   6810.72912157990133949600950872694203      
   4403.67568815254122840706728559502676      
   2781.55999868983387234926989928741549      
   1716.61365720321924552941210152440036      
   1008.41412981055064870823960151269761      
   456.823626807960220268635958094312245      
   132.450544821811789147435662888699661      
  -81.8411891684730972623298825491799468      
  -158.134812823546467676634908912233088      
  -149.424714594463886018807282099921158      
  -93.2859143798666002887557167025091726      
  -9.63946782881543505038973226190918570      
   57.8524469108619989454140800775503181      
   109.515736716953767211116083904565835      
   127.573496191867106614343172719173674      
   123.342554331053915533481804848140001      
   101.428764412009787822852595155353075      
   71.8269399666955121689996180310694897      
   45.7862711645591448137126382164502112      
   24.8506249030416079363300291022567736      
   15.5675042596811096182999844680860204      
   13.5179490385265404364832761145631564      
   18.1240882273222630524137442337575030      
   25.4657246398878042777234155212560840      
   31.4738648639953987028491733915865903      
   35.9130235079879838929805611801414872      
   35.7760177877086546808123659521195913      
   33.0200756353960735373565828852997987      
   27.5942923860310904611795316557620665      
   20.8906480195465661881165706091178585      
   14.6676083325974384393986735212628229      
   8.88754189237352963531746333651959178      
   4.84908068756250698354461504108198224      
   2.17392588670083128189315026733298803      
  0.551934527149403864228434109737748717      
   0.00000000000000000000000000000000000      
