   1032043.35021695033816369244597071774      
   844326.040931149405100929719718476391      
   597668.529667225459226215890280696977      
   525327.200695331830467173918883689258      
   449089.047123875119358864654594587236      
   347265.461419390095720624746818535994      
   273129.255342708508029287709744143377      
   202707.088565464316377766100158635704      
   145143.107755008740844830314999807690      
   102227.562936257516205418050252848817      
   67791.0992180297450928867654896080723      
   44613.4129072083361430502672975866092      
   28280.4909867984485179017855279515973      
   17547.3593278835596578382305178466358      
   11088.8184046052113511356107628956180      
   6810.75448027746318176842428614039505      
   4403.70328208312794452896220321802756      
   2781.49580085156087560322008404213166      
   1716.69243574678737577778229719828664      
   1008.34156777891338518476954739803141      
   456.879835538478555238374463316127728      
   132.414397183873552631482416447722721      
  -81.8207545056549380969148101017486830      
  -158.144302630482967115174037483581677      
  -149.419552252300180588708479010609630      
  -93.2896860127695650982319869793094552      
  -9.63414152121300911921886263282289271      
   57.8461880576412390727525030512829301      
   109.523427134752763082603622290554450      
   127.566174855867269277449407044132541      
   123.349863974491714855851043791484412      
   101.422909445710527374207808347120176      
   71.8322080752251910366781027559513516      
   45.7826262096059508908320854637433849      
   24.8537552506138134401334566195750012      
   15.5657937402494740112096543567932295      
   13.5194063057154301038046770480893163      
   18.1237280002280982550003430682831667      
   25.4662022873054524803594000566140401      
   31.4740844310250382412495285457291630      
   35.9133009290013269404439873323878081      
   35.7761455186027767308952540355471009      
   33.0206018436857819664961716430566450      
   27.5941777010100951265294179593528326      
   20.8912714759565018771814683376586683      
   14.6676238346579808451810120964603301      
   8.88781088503935297637871476714576756      
   4.84958019631505553357388690859647729      
   2.17374013199673470766690789617454448      
  0.552658105741580878709425553778831710      
   0.00000000000000000000000000000000000      
