   1032183.34766304163300892928970958649      
   844214.908061068865920718688205959445      
   597717.199029318953171287583107329885      
   525332.692461335473852712811895685906      
   449060.085953154821792315773776868787      
   347290.496093297332207283049308887089      
   273120.371479434348943264236355703807      
   202701.147067703836492787772433487640      
   145156.368967141222524629167639086081      
   102214.441280209382255979984041173862      
   67799.8712831214310128305184129712830      
   44609.8160713070123200053130750830289      
   28280.3100736678237128641469197690160      
   17549.2606443252434887803573912026400      
   11086.9293392643640119665866065871130      
   6811.72548108996122429181725845811889      
   4403.83506905072011390531528125472283      
   2780.58795891430239316580883074164803      
   1717.92902039274552631056962811585076      
   1007.19737645511753881875005939865225      
   457.724457635999310565987277863342204      
   131.944489880384134536170917568311921      
  -81.6400929690931107019486201337464833      
  -158.131130678263320608279796069706886      
  -149.496313310083839865003379210829741      
  -93.2071302192978515643902457006921009      
  -9.66657205983123272082815127404223360      
   57.8421832692008272081715207765435696      
   109.571046656576541061110991146541235      
   127.511804360042105364696208878968700      
   123.415819651335073610049339847251870      
   101.374762401182573884799697192155159      
   71.8778222640560051848661768624707075      
   45.7606631580019462479548609132523300      
   24.8723050518651545307812126609786280      
   15.5689252917311140272526873257660111      
   13.5162655101168912865753186759836355      
   18.1435756538529858068381813258089762      
   25.4525902699575132720781708481532618      
   31.4973098364876347021928026976173204      
   35.9031759348404726182810708687823107      
   35.7906922879468297101965809042386126      
   33.0216546625188460323278872194802798      
   27.5983632262932373474322270588389956      
   20.8990355765187851138521243565588549      
   14.6704479830367270655533100592319118      
   8.89162071100673927528964449693751027      
   4.85977637387745238370847834981050372      
   2.16996033535920892898580898720669767      
  0.566579571214805787338794282658647978      
   0.00000000000000000000000000000000000      
