   1032309.47544098893928093188751608222      
   844114.778074164176885153928285295246      
   597761.211309733733138197470631292191      
   525337.183951897817622821553639516706      
   449034.604671773779806429651127026185      
   347312.586576756871631533431389637926      
   273112.447819345612810945685426307111      
   202696.126988418411111912360499758387      
   145167.705644148657762966850471590868      
   102203.313268136181425434666487092971      
   67807.1447603133552778902588284430922      
   44607.0724130902202779413125684436651      
   28279.7720162357076066740601793874884      
   17551.2700375283052630360393231075726      
   11084.9572161296377789018235054788107      
   6812.87166982375899915534974116381548      
   4403.67138053906357938313253417707432      
   2780.04950393215881029340238479963023      
   1718.78158754434185691402148931549522      
   1006.39168529743791730481114545379084      
   458.301495278751542001733819427342511      
   131.661681431004902553582456161401600      
  -81.5844447654519867040199552846294141      
  -158.038780747411880696609090845876241      
  -149.631589904260604401013518934422403      
  -93.0771077276466877701372271514246497      
  -9.74785627082294778874611047040856786      
   57.8853728077681379735047963127604443      
   109.569702913633753859668194603904123      
   127.500607090621102378381612850270406      
   123.441743455068506907583910588751230      
   101.357281509776019340389144459612058      
   71.8974681604189569254648446634587732      
   45.7555098328926147232664312961116196      
   24.8774190341829474728539757787104325      
   15.5782057580573070691571158582961281      
   13.5083239507565186014581694371156920      
   18.1629574410517262689260575409782430      
   25.4388529511738639142252287267512270      
   31.5171876828509076228334459340273398      
   35.8942623869648238872546748329507863      
   35.8017098947178192226485341304053459      
   33.0234408232020541922336489497562180      
   27.5996269155869941625094886612267204      
   20.9072376206469123434639104138243435      
   14.6700899462617788418775602191116894      
   8.89665504684507355471379666493994962      
   4.86579816072811716296020785270818538      
   2.16807056751882368772167701522231079      
  0.576644859797624744189809439826073615      
   0.00000000000000000000000000000000000      
