   1032702.93395754165702689218031088719      
   843802.986757185411180625393233975913      
   597897.670925381258055810902949358391      
   525351.148765293909730332411829818157      
   448956.083779267812899514489542803877      
   347380.677182606869542236109952033435      
   273087.326289712236222900070040725021      
   202682.332475236554687206176780052320      
   145200.285146940430054613902866096406      
   102171.461781677540276611870494643733      
   67827.5363575984827212376931216615471      
   44599.9917746520564737832555051133587      
   28277.3158364109659675363701905518441      
   17557.8977937279766620636831326832218      
   11078.5564656727604402086265339760365      
   6816.76534558733143703482682946007074      
   4402.70454637020730546957279284212809      
   2778.91182147202615619830582932284430      
   1720.89090373432923083097397135252218      
   1004.34638341885009955468562006653138      
   459.753749828631433556073303626621461      
   130.992178234434884333631128558000210      
  -81.5220416240712222025463897135026223      
  -157.711463464870185869897159077289507      
  -150.067586594597345470131715889387408      
  -92.6656004834396340656456674450295300      
  -10.0217936838118535233487371974615394      
   58.0468829263981560569514554508305238      
   109.528085497921454544828787030124766      
   127.496841634748434788799239998583295      
   123.494529908215504083733137885048442      
   101.315066563294669473827697001134503      
   71.9534026971060412871489323104313416      
   45.7302167570826781538562232892297773      
   24.9051461450360629028004415434869308      
   15.5864777275728212967579289101857241      
   13.5011582428170569872872406802731002      
   18.2016070338717169343909462130577483      
   25.4111203097497652914082338890024901      
   31.5623353827905787522376805777939714      
   35.8752366426996110058896488503823509      
   35.8259422735729863658601574332443267      
   33.0316821953254308025956888039489942      
   27.5981151789530345054695342753955603      
   20.9328317348274073539748833203113656      
   14.6640146584178147754367621219382941      
   8.91367716968722036809567337796685949      
   4.87739912786116230173504198841143819      
   2.16534149658640555080809655010368382      
  0.600849725615377638212936309386783407      
   0.00000000000000000000000000000000000      
