   1033073.25429067414532697625869532988      
   843510.540175335054667295490507213314      
   598024.302192930850645737962523864432      
   525365.142389843833050694411319283903      
   448882.678137662239741208109261759155      
   347444.076848595710133603282255131592      
   273063.236360041516083257783464466185      
   202671.293334942391983957038799999978      
   145228.086504577732157889522843917418      
   102144.320204127130589357586031487273      
   67844.6316652960985112050778109311954      
   44594.4342060107109184384335303395138      
   28274.7042983089883915236998299004640      
   17563.9978324680473737503279345080325      
   11072.7274648575370004940871002379321      
   6820.39630139749815351895874485297659      
   4401.59296412213406744946191268768835      
   2778.20740884134414338959775015348120      
   1722.45057362341157499868039422344469      
   1002.79102646136501662525133897800702      
   460.862512008051130121254549467236855      
   130.486904779226430127772264642042474      
  -81.4873919439755919646059622230744579      
  -157.446673246190506037365441980756926      
  -150.417490328433719924012169939478437      
  -92.3356073269836291414282936316341714      
  -10.2487349897468447442679046459019325      
   58.1862320156406297903718562473125833      
   109.480802932606325522936574697223075      
   127.503984055927639208689213565365045      
   123.529768736296884776661111853044219      
   101.279949730194628007008468851870282      
   72.0040706656875131189081797521497682      
   45.6976572346951025400949522355445955      
   24.9400889572060888327716912639936154      
   15.5786394852363667556667016523180771      
   13.5060030031720392574170520845819230      
   18.2230162851675763628543127698937300      
   25.3933205209485459141292982482036701      
   31.5949001212145915548224571825873917      
   35.8596577027817954674869248857084785      
   35.8449028433122077897096280455910590      
   33.0365044285833490913383259996487019      
   27.5965049865863659520042600449159454      
   20.9525524818525189606254162349282823      
   14.6571742020449784637853874307546740      
   8.92824423833198776427915109014467351      
   4.88327704102808354198105881303468290      
   2.16481848874558812102860052402012113      
  0.617118490531394408710516171174419645      
   0.00000000000000000000000000000000000      
