   1036077.24295653513318849851818089465      
   841176.902722816393669354447159695782      
   598983.451928079103455515015435918844      
   525513.320097617137334731096888520177      
   448301.636852673543742950280669811251      
   347929.596621148493028213507820674062      
   272871.256929318905330287114358128602      
   202615.533251101862030161668269470942      
   145397.396779561151164954926742601989      
   101979.205862907502326045520014737957      
   67946.7741090342895501780974044062325      
   44562.4760385340211203848322977889476      
   28258.3693201522842480180995342373460      
   17600.2395414217946932314563010945352      
   11037.9824157687604753618051696806065      
   6842.86828963679545758204523676855739      
   4392.78648906623891272171490386564459      
   2777.03071025240008825464426102223821      
   1728.56896833855940972218090650014969      
   996.035476413698072545034623515731878      
   466.041319003088997642418002933785367      
   127.754259083565525458111502683118406      
  -80.7202989111508873130529226333026944      
  -156.887799832213967205529259428902736      
  -151.497375512587568006529745832698661      
  -91.1719213052721240421719063435063862      
  -11.2018002849008953458495662252372070      
   58.8940239257719761404668522152132716      
   109.056876342537762680723742695270605      
   127.740517818673264776462216640940850      
   123.514218592399357024529733355240820      
   101.195735282388893395971207303790095      
   72.2307372690891736753488297432340798      
   45.4727704025108332971968738985434659      
   25.1942060734092296035866068983591951      
   15.4269095022866555699139747944902929      
   13.6056243300701182887064764899477060      
   18.2526645979989276486031133364452509      
   25.3266833779810560817411837957865146      
   31.7334083059809857331069206976194470      
   35.7597767648837905652828758253247164      
   35.9476860718804876245019334998193652      
   33.0221171903917796216890411200246925      
   27.6004259062973430696101900327356825      
   21.0220066115092501102658414866032206      
   14.6164213030232869122555204160396235      
   8.99652204569343682539677384401410361      
   4.88068853768287509862231699219900664      
   2.17657850752206018547525693273119868      
  0.660058688503108871729605896786093597      
   0.00000000000000000000000000000000000      
