   1041170.86102012359447279376655439247      
   837365.380250614604193904840450238463      
   600388.369173128688259559093899683690      
   525841.316538717132416594827170363845      
   447407.619045584729359965072404990404      
   348620.402470532849776395613684345599      
   272598.692527687979961127887357106385      
   202574.784420263636576674186726591654      
   145570.106857964227896212704005678616      
   101813.252986960439479447157764128083      
   68048.6845632047572329854204624542967      
   44528.6122877090887716640668532640457      
   28248.0021555272436498210366625290785      
   17628.3431403284421410378998401698415      
   11009.5921388586289681197622586157352      
   6862.10320903037917331547985913527179      
   4382.94728261507001440154774934145982      
   2779.25733109604127133461278273281434      
   1730.36101321612619678903627724054278      
   992.890502187031297891640493004082942      
   469.239460666842153851197435250879723      
   125.548442285756048508840516001802240      
  -79.2320530243403350196897524252814258      
  -157.511018325983452539505902842841340      
  -151.384848444930255593490024332273382      
  -90.9460164802958292067393373347637208      
  -11.6960061638335209844758098867141464      
   59.3778006868332544652174023987640083      
   108.543444192231656283835127697986439      
   128.085008611400860943365799783651560      
   123.315270656621454422362589069997886      
   101.241083397737518418408351706172415      
   72.3425388598604359684371104178146240      
   45.3255088248802011687912140284071026      
   25.3916973503740782064617642200025063      
   15.2917504112581233946641390057438228      
   13.6978039458589569922205546989793300      
   18.2332309239849876385603928917395887      
   25.2932534640183010531126899859982104      
   31.7923606345635352364469255994626928      
   35.6919961033274327826801510720722975      
   36.0009013816947659780226977577322180      
   32.9975114741515743967627969445603893      
   27.6087259948572019028551923174442879      
   21.0455124526866176935415785039294024      
   14.5998835951151500032218381257096750      
   9.02722189110506474913431074803392905      
   4.87537647860974424151593822660289591      
   2.18520877549526199667213506557531321      
  0.671796042405098006370532611999325561      
   0.00000000000000000000000000000000000      
