   1047448.18774020382529296388495920581      
   832891.304015224347652316775040830779      
   601846.316032809842681754755921509761      
   526281.484743397191193334259498815409      
   446472.171108380789694361990090635714      
   349279.252229778167354112368520034641      
   272347.938171483968374107713206950752      
   202556.097165587869273367948859474910      
   145692.569043109895852000233434899534      
   101700.626679662895056730400582805016      
   68118.9914302665956658074596758521460      
   44504.3895898207833591842888693440834      
   28245.8796582201979327330042619852099      
   17641.2860326364264504977242756951774      
   10994.6087971055223411163781967466388      
   6871.78694695085060983252892895573500      
   4376.18141157686883098685814065897343      
   2781.28328935745939315178302662922265      
   1729.89876269851089255235785180547484      
   992.105570137381656542535828456137668      
   470.673906091138303924905766761812562      
   124.678000790833110071241540176338433      
  -78.0771296333233397785894620096462684      
  -157.895970173246659576976764601342085      
  -151.069735866623563333376573765021803      
  -90.9806206166500338076733205801648177      
  -11.9626661448798968627924369650658924      
   59.4605024928930766140768465135557625      
   108.185734005159195995987877627078150      
   128.137336044932785261288430994954035      
   123.160929315371699210830704791431392      
   101.236133150134636998203547606663846      
   72.3844042479813347395454141503136797      
   45.2995489708451641673199640462155339      
   25.4818147791120860623588837002772820      
   15.2737551895617368935778485705185083      
   13.7316404993351283569811367877502550      
   18.2243665583024098026229037033181536      
   25.2659112968453185859270404108321254      
   31.7839952790322738752540311026478133      
   35.6495791451872132892032365980334991      
   35.9907515205269762609415003166818593      
   32.9755442127450705609817747935998677      
   27.6006303120241883585834894683163668      
   21.0467954192468829916849890663485178      
   14.5984720472714973231585767025585192      
   9.03453864172799189421587246236769429      
   4.88267060852312062448655170608435250      
   2.18572740765485646649915669360943323      
  0.681304738777325357554608662059046946      
   0.00000000000000000000000000000000000      
