   627.257188954299881188439039213835983      
   563.374872688212397665809952353374724      
   426.720250013005063346177069295778432      
   297.436285629301381674838636534097631      
   195.596650535719802420531415274861888      
   119.487338038468467874080647165293553      
   68.7061162767505564123018429356602222      
   39.2291563283757151079924406506962517      
   22.4009662862202796798876395955843243      
   13.0616981844182734571331188263156228      
   8.08007860701441002824197303568934760      
   5.18088712929519492145453419127859414      
   3.26523924961746986152205955771692781      
   2.03526734122421725758648352534459080      
   1.16931653742985941075085055666149770      
  0.599004913184711788358526569902977191      
  0.274154967770097282768120855361631475      
  0.102029742262176884016338649571463679      
   1.38543767139950246746634945734003514E-0002
   0.00000000000000000000000000000000000      
   0.00000000000000000000000000000000000      
