  0.351882304788864470691746896821811036      
   4.98472745912943309914445659247009892      
   5.03844714722443217426708180298037192      
   5.09273149246834305589573966518659962      
   5.14758693527534161771293870021581065      
   5.20301997844797643569291361913079623      
   5.25903718792304449715823357727640655      
   5.31564519352592515727043256466450853      
   5.37285068973327677640483026417352157      
   5.43066043644401394492603220479436958      
   5.48908125975849545034829605198181120      
   5.54812005276586942296482725680292174      
   5.60778377633951932995923443173877145      
   5.66807945994058424397448532114308334      
   5.72901420242952058018248935796737274      
   5.79059517288568757186022910656740299      
   5.85282961143494563852716244261204389      
   5.91572483008526419407441719386768602      
   5.97928821357034228295156700620563567      
   6.04352722020125175756787834820139818      
   6.10844938272611855667609231043050482      
   6.17406230919786304571344487539025971      
   6.24037368385002536666497432102321666      
   6.30739126798070634686948639513351026      
   6.37512290084465875887977883397251368      
   6.44357650055356763291349653796280852      
   6.51276006498456192211589523354562541      
   6.58268167269700312996828667823477668      
   6.65334948385759954888397633826419482      
   6.72477174117389754709570607806458647      
   6.79695677083620389430701734196471087      
   6.86991298346799545067488426172343149      
   6.94364887508487467285862560483966427      
   7.01817302806213132801733724068468797      
   7.09349411211097256399297172300962567      
   7.16962088526348507229208611478301520      
   7.24656219486639451025217749801121982      
   7.32432697858368862891644246314096615      
   7.40292426540817169223445265915406697      
   7.48236317668201877888666972734519148      
   7.56265292712639943724589255498273657      
   7.64380282588024092305092226761488842      
   7.72582227754820189401569540734476076      
   7.80872078325792797087912391262925619      
   7.89250794172666100494855584586184510      
   7.97719345033727422205985488379953687      
   8.06278710622380564567729376054381739      
   8.14929880736656234074838982683202806      
   8.23673855369686806765827588215287472      
   8.32511644821152689455002222703756416      
   8.41444269809707518837823034465139032      
   8.50472761586389419198283912518301606      
   8.59598162049025509752024427416028885      
   8.68821523857636814677120159005468683      
   8.78143910550850682686723082827447038      
   8.87566396663327768626775307002109836      
   8.97090067844210567054151766920121746      
   9.06716020976600417056686471320400831      
   9.16445364298069818683290448455445308      
   9.26279217522216814202813691912136969      
   9.36218711961268091925762993611395383      
   9.46264990649737366403768480700477445      
   9.56419208469143950364630124321929769      
   9.66682532273806877212534523159834514      
   9.77056141017698454874260016870056580      
   9.87541225882476721178225840501160758      
   9.98138990406175765066702899149107080      
   10.0885065061383347736160329227101340      
   10.1967743514837087863826171747898621      
   10.3062058540299824753723693504145238      
   10.4168135565464439738143611797554164      
   10.5286101319849908381063515741333640      
   10.6416083848367334875825115664296720      
   10.7558212524998238599044540624928292      
   10.8712618066585528183705065395298359      
   10.9879432546737574130609468051120137      
   11.1058789409845765409945234597581387      
   11.2250823485215908672481649231184653      
   11.3455671001313800545993948142815367      
   11.4673469600125273978116940114530852      
   11.5904358351630988601923257316809911      
   11.7148477768396202377075587448817029      
   11.8405969820269168227772305467824180      
   11.9676977949234262400222722412396981      
   12.0961647084275829406294797135507010      
   12.2260123656520826342252574364704211      
   12.3572555614340023773778229410876876      
   12.4899092438633786644782379863351605      
   12.6239885158289345838744796926019632      
   12.7595086365610773309748405430756686      
   12.8964850232014433974431282172245030      
   13.0349332523743846221665361856397605      
   13.1748690617728270917978187148335245      
   13.3163083517573615680279391953973979      
   13.4592671869633407640042363757677768      
   13.6037617979219484269536549848512514      
   13.7498085826917258751864437522010062      
   13.8974241085014350087324804479922846      
   14.0466251134042131860051418149139356      
   14.1974285079428975541086030386661999      
   14.3498513768264561097251753519527109      
   14.5039109806174413563245147553353972      
   14.6596247574303804402085618054432345      
   14.8170103246410053002768574175132789      
   14.9760854806062235770382664182300622      
   15.1368682063946948472997198419111885      
   15.2993766675279411436107486337049526      
   15.4636292157317985708933868216706089      
   15.6296443906981121325393324859982901      
   15.7974409218565072578253661621813836      
   15.9670377301560790623349961726672046      
   16.1384539298568419350669414311528030      
   16.3117088303306878151069423489051727      
   16.4868219378717364029170431964297492      
   16.6638129575160104957834002890657191      
   16.8427017948696977190886363515061883      
   17.0235085579464356669920133979437548      
   17.2062535590129303191228285679809509      
   17.3909573164427769824895155982500533      
   17.5776405565781562865088318433988683      
   17.7663242155994328754421166618690939      
   17.9570294414016481209533351835838322      
   18.1497775954783853855652289660499260      
   18.3445902548121353631189412890609381      
   18.5414892137710362488380508961020990      
   18.7404964860115901529138286066384109      
   18.9416343063866427257573920377117125      
   19.1449251328590465978082447406735957      
   19.3503916484195308130609060734464302      
   19.5580567630090582324279004973254722      
   19.7679436154449074690613295139960615      
   19.9800755753500392621693089405030041      
   20.1944762450852406853998321313709752      
   20.4111694616834875284852422492388155      
   20.6301792987859635083868545943452428      
   20.8515300685791442109666849664059681      
   21.0752463237323292867563170837832261      
   21.3013528593349638255552435312536703      
   21.5298747148327193936475218994810290      
   21.7608371759639830680636384238096081      
   21.9942657766901780070899188683301652      
   22.2301863011260585924739811493602387      
   22.4686247854662955300112238420001011      
   22.7096075199054921002840131944677812      
   22.9531610505538025234786218735881961      
   23.1993121813458700577019509050190813      
   23.4480879759423392143727031829577411      
   23.6995157596231692316311849933298549      
   23.9536231211712526576116306400314593      
   24.2104379147459775574627398567171940      
   24.4699882617448668897097224833698509      
   24.7323025526530985264091092446854028      
   24.9974094488786870171087374124289463      
   25.2653378845728618458824809266198567      
   25.5361170684340595655086364827784702      
   25.8097764854942868840682188268713626      
   26.0863458988860998080571963710061504      
   26.3658553515906516415726937334962295      
   26.6483351681608836014673783104125728      
   26.9338159564243372495162220301666278      
   27.2223286091585229513398722646092626      
   27.5139043057417121474255569494272376      
   27.8085745137735569032324208499314349      
   28.1063709906662164970776507218049554      
   28.4073257852035411596066446868285690      
   28.7114712390660526598976616183960036      
   29.0188399883201392967886773579438320      
   29.3294649648692918142780138518713034      
   29.6433793978651949496256411561795709      
   29.9606168150762333810151781942735845      
   30.2812110442117683287575299781014271      
   30.6051962142001035515225151001677569      
   30.9326067564148005651160501685229823      
   31.2634774058518465350945596041475470      
   31.5978432022495433930084885129473212      
   31.9357394911541485486771624224046649      
   32.2772019249223144092820863350533800      
   32.6222664636623793609654964792588593      
   32.9709693761089399488404850182520890      
   33.3233472404282712415479890707302568      
   33.6794369449513622696788254399121837      
   34.0392756888310820590726983015463314      
   34.4029009826201294231904466218043192      
   34.7703506487658531739293345036370819      
   35.1416628220188280397078698701603155      
   35.5168759497514924777161590176997300      
   35.8960287921803079762300265615957332      
   36.2791604224922309826124789463269011      
   36.6663102268665630962814858747750875      
   37.0575179043902581392354031328098743      
   37.4528234668616800175992112078327415      
   37.8522672384778833722429084505169737      
   38.2558898554016555296148181483090834      
   38.6637322652004412114937848947802682      
   39.0758357261573850016347897740996780      
   39.4922418064426824161056581797171424      
   39.9129923831460348676218498622809122      
   40.3381296411600710370608499496170540      
   40.7676960719117840756311207592010516      
   41.2017344719350391403833442619734305      
   41.6402879412783154749719595276519821      
   42.0833998817419650809183670516601767      
   42.5311139949390810380427095953627489      
   42.9834742801714576074286859242197855      
   43.4405250321181167803588315379688623      
   43.9023108383261753459229188642019494      
   44.3688765764990713482964716560914189      
   44.8402674115762356608687495376253115      
   45.3165287925943784334863018287736511      
   45.7977064493276402827786682474568649      
   46.2838463886965235070475494711891790      
   46.7749948909394344604210655523153470      
   47.2711985055408405340129948755219975      
   47.7725040469076904928842707748101139      
   48.2789585897878846769389178476823254      
   48.7906094644237642426023837908349125      
   49.3075042514330546564745370736427766      
   49.8296907764110415203342709296089895      
   50.3572171042473591038656327903533149      
   50.8901315331488537526698504758632477      
   51.4284825883639138631270846331695950      
   51.9723190156006170753905163599270742      
   52.5216897741317778668958016211949971      
   53.0766440295809762971744299945050253      
   53.6372311463825214511502239029238429      
   54.2035006799094034846498799711329521      
   54.7755023682628703209539109359153820      
   55.3532861237157841468421609282750018      
   55.9369020238054235942385074455292326      
   56.5264003020678373413140438279585728      
   57.1218313384063012329472293546231188      
   57.7232456490882202386812014329724444      
   58.3306938763629374334551115803795401      
   58.9442267776916527571069783828051923      
   59.5638952145820657919934394705029454      
   60.1897501410189326224412483395570794      
   60.8218425914804237284680877080377704      
   61.4602236685300629487722039852811128      
   62.1049445299726881151177403675960279      
   62.7560563755617825289603407104063286      
   63.4136104332437248742384980471355277      
   64.0776579449237402629413200798212514      
   64.7482501517362938221729147935173183      
   65.4254382788003861937227421776496055      
   66.1092735194385229987353956496932842      
   66.7998070188364424769165656550191637      
   67.4970898571171011461666265690379804      
   68.2011730318009260989470848763106650      
   68.9121074396210431124180531461149141      
   69.6299438576599230760555898691797759      
   70.3547329237704135808734808135126756      
   71.0865251162419013310454324719235523      
   71.8253707326687331794275426370789551      
   72.5713198679755826808450807021368954      
   73.3244223915516392083350681462495472      
   74.0847279234422949949664803406451909      
   74.8522858095452384451364344557976292      
   75.6271450957548971706116165740293733      
   76.4093545009975468413656056200057724      
   77.1989623890983945978894267395957817      
   77.9960167394194473760968361668839481      
   78.8005651162079723802094849357086282      
   79.6126546365944634720923974998365596      
   80.4323319371800077418814992556217167      
   81.2596431391544767579057041219482004      
   82.0946338118893226120009093565643412      
   82.9373489349518368114616142539287906      
   83.7878328584917906472713275784699544      
   84.6461292619568935566376459735195515      
   85.5122811110989859001928578231461952      
   86.3863306132409607729690000590919451      
   87.2683191707813980682832552778702401      
   88.1582873329245694191977376452045787      
   89.0562747456326151925915165379242535      
   89.9623200998084806246409926914281325      
   90.8764610777302282948594587933841235      
   91.7987342977702478336318863271009803      
   92.7291752574463204663086948068375291      
   93.6678182748660713882916423341601872      
   94.6146964286402050813616607676226220      
   95.5698414963552712564030234750283550      
   96.5332838917106081427831836424430037      
   97.5050526004393030268528070514843747      
   98.4851751151458209251883888037979213      
   99.4736773692067796848893328185993648      
   100.470583669892479275524926005110514      
   101.475916630878011418642028439847048      
   102.489697104320698682761397527196968      
   103.511944112687805644079824611039898      
   104.542674780523075168633697499073947      
   105.581904266342060118119407869265346      
   106.629645694846058940979389868349579      
   107.685910089640169143817547615612951      
   108.750706306634629501859269099412493      
   109.824040968298505030378398142121800      
   110.905918398921671791903796781428580      
   111.996340561025182825011229490907340      
   113.095306993040684579334903810433595      
   114.202814748358027716698389941569645      
   115.318858335815963699987235132444723      
