   173847.251427382426494488721182944110      
   134685.689168100719928867309775798572      
   51235.0673362361213391409168774526224      
  -1138.15085226480754907738981107548332      
  -6024.98481794569332629185559496208542      
   2699.32092580145348786746847468852308      
   2153.60619933109360382993204006609694      
  -1457.87470725734551950713904854483812      
  -636.767072432219630970145094253655882      
   839.672860362039658023594274718874965      
   35.0427385059450844093406764094568474      
  -553.444620321149852427779034006890804      
   61.2609548797050369388905601089525323      
   235.792455527391546570390361564101328      
  -176.200362639931055757924102490624189      
  -176.268487671653475427102402743812829      
   81.0595624319465375737079716804480578      
   25.0948269055548179270723751900973057      
  -117.184705876328199116093626979150547      
  -78.0241943354695087154488037944371923      
   0.00000000000000000000000000000000000      
