   60.1765823026842905969353467732926291      
   37.3351458120055055431873960769866414      
  0.316276005750637295216542428493265101      
  -8.20713626464882453604897448074901782      
   1.83381047543704736065306217659390953      
   2.50394785614351915513654657696135695      
  -4.16468047078840483460797887826947516      
  -3.23900200873939712174327219654823461      
  0.370929729567781226080898161647799251      
 -0.974941306758171767182756305868569236      
  -2.98776171188037740601347893722770036      
  -1.13068681122903880900204820102171088      
 -0.282032456976978127477670326527345609      
  -1.45741190392079900600946452160279088      
  -1.64438886669079595210659241556437537      
 -0.361054091939005770182381217216684910      
 -0.469265615546439449259243063938956653      
 -0.937477647010625592928749015833204468      
 -0.658870974388409184708234343153025226      
   0.00000000000000000000000000000000000      
   0.00000000000000000000000000000000000      
