   40925.6343894173081609747029588421118      
   40777.9153771704751584094574509370756      
   40384.9557811497683886788486017474999      
   39828.0128531931251258968176691061331      
   39133.8035188366339692962820857775234      
   38303.0483069515453869758857121701657      
   37365.2570263235833406154968160551782      
   36358.0645521914147982045627619826528      
   35295.1802920437497776136127934477021      
   34185.0964604961179241560118256712568      
   33047.6714370047553758606490014071166      
   31897.6572533810166727068571124933020      
   30738.8720889645631411957068629967200      
   29578.1577042412119886241604025887146      
   28425.5286006895991483070962432863451      
   27284.7861076082452221636564845959028      
   26157.4125829974496372107308111424952      
   25048.5229056921071209918319417363181      
   23962.1112301340597777336330334988315      
   22898.7326906966116846056651420170289      
   21860.2243198873215673627926318765963      
   20849.7231635136590574226929781178921      
   19868.1518601993026834364505087306136      
   18915.7071096442160558750395851638194      
   17994.0075265779467827227157179849793      
   17104.0718150769096354920654941024271      
   16245.5340824398110076389303768057676      
   15418.5912325583734480488956228629286      
   14623.8274180295189381818169178093411      
   13860.7937622952099427026377077076754      
   13128.8130924420512738824187642026192      
   12427.7989547410153274739542119195162      
   11757.3069479711179473370701384507079      
   11116.3420596797040983698309036835399      
   10504.2491000805983220758607422548316      
   9920.50586075387874281141107482155501      
   9364.13813404324413761979615997441680      
   8834.17503326032027007041457280811650      
   8329.94494083021887980395282372429475      
   7850.59100821993657220758386432983728      
   7395.07220926270261450213139025426282      
   6962.56692131449176065757919708413841      
   6552.30334389750981855449133828247419      
   6163.31425735619028364831957727527856      
   5794.69952992884360780045359607730197      
   5445.70897928935390116180828537662350      
   5115.49859617610444419909307499579598      
   4803.17637835872278088877020399529584      
   4507.98917161699579456678480278164179      
   4229.19839423414253879511554327791097      
   3965.99067759463665405516735126560877      
   3717.62092486933291160875885359022288      
   3483.42533609570462537422619910548644      
   3262.69524986069381167982586182568620      
   3054.73033367559957664296383122814751      
   2858.91557904509552631524990344154788      
   2674.64541235761495513436542310855119      
   2501.29198070737645710067074329896336      
   2338.28672252664890042781821285057483      
   2185.10447164563044156776689541656077      
   2041.20609848258084588855792533648552      
   1906.07433093736239831259579024373916      
   1779.24742898296807273438656357167039      
   1660.26865536963566916642572782412104      
   1548.68440220199632411747381453497330      
   1444.08236500038254061003889551823317      
   1346.07733836565516964001175081116438      
   1254.28086432131672930733768447443771      
   1168.32965499315807577442224897041478      
   1087.89244148903250697652955605971717      
   1012.64500102264680970461521506693472      
   942.271056645660536228204104385244935      
   876.484955663022278097977888379234825      
   815.015000570872313002131851436120736      
   757.594417854440421242158049789296976      
   703.974550047860544744300048179836214      
   653.928388018821671426290373068323723      
   607.232709282544037048474989617603717      
   563.675825632760567245961128544546214      
   523.063970092296971739590163347545396      
   485.214034950796080054392407459473556      
   449.946709381996559293477754782993824      
   417.098260609879076699009817666565747      
   386.515894264367281178589688613737900      
   358.052463799278757866829481922174874      
   331.568162175882447805207088605174935      
   306.936734109244752597370681649798795      
   284.036428539188524510855137425189053      
   262.751663520478262277688639548290822      
   242.975326100041025629148869647463523      
   224.608960166692029404616007004377743      
   207.556244312046230015717247692699645      
   191.728703194918053389338486103465323      
   177.044119828841891322597296793769874      
   163.425277837716108103569192221816217      
   150.797590830493596135818861854049804      
   139.094192147282867918016227611553351      
   128.251283398886437858710215549313150      
   118.208977143953408355846283577456731      
   108.910682504805618932255608647578686      
   100.305681084399398266492591231506386      
   92.3443281330533314114995210387749787      
   84.9811943077981446338580342774427591      
   78.1736230603176653809870317396774783      
   71.8828293052627172505191721441744790      
   66.0706418816765323653645477725959206      
   60.7032386256235997752830692131725459      
   55.7482380300988306189964783965136572      
   51.1760513096535407822407923840163645      
   46.9578728853009045239653902574460224      
   43.0686545937258560033546639076457753      
   39.4836138160943595716375621998287953      
   36.1805499958303645879784983379273001      
   33.1379840406583415453785959456451587      
   30.3372686679555093796825509032562947      
   27.7594888203229182090940409035909928      
   25.3883458249744268345525522238967398      
   23.2077960429898805872988700975532585      
   21.2039251710091637188328755190184275      
   19.3624893624071851697519709927718372      
   17.6716950305406462198825621755975574      
   16.1194402126694483106689218253102468      
   14.6954582071833915164284257721834201      
   13.3891670346275287564644843967353949      
   12.1920547256137337162393207857775701      
   11.0949429021802209774924001807456326      
   10.0904303546691905353730496383386593      
   9.17067753741363639275418053973042570      
   8.32953253498904954144198006362884086      
   7.56007135283155600303287239040966143      
   6.85708860376522963907738920637738162      
   6.21472189291921277682791500739005781      
   5.62856379809751281309103718731207127      
   5.09344588610436030158406138006788007      
   4.60576715140460939555837302954133641      
   4.16109012641928060055118333672171437      
   3.75633942439897418849427517505450375      
   3.38767383694162527331138350885738259      
   3.05262556659330549947698746747412824      
   2.74781987764299965659339626254348585      
   2.47119557734258193855927718078247954      
   2.21987323682379051438406906765284928      
   1.99218909340176097446806238305286617      
   1.78558476043342228600913397911820034      
   1.59874039697009646489455051526447797      
   1.42946030623319462482774329341804634      
   1.27666934695478670045792651821109188      
   1.13843189656672245275924764250805077      
   1.01394351913094196710795063222654976      
  0.901505440703915996564750645258601547      
  0.800479783494593163084983293341780144      
  0.709389873042086687295061866964719759      
  0.627780316473187250634764251595423522      
  0.554329048172265652966637881915615466      
  0.488713055223037543451666937471374505      
  0.429784693531862304114270627508785749      
  0.377327292179684885999753440006374100      
  0.330310398862947998444519547822100031      
  0.288622699696765828070549849656502945      
  0.251355220875758355513022165805602593      
  0.218457031596423032009143531379002458      
  0.189120640546333460913863427791301890      
  0.163366179812833678171779918514046786      
  0.140466965987942578255354182573089132      
  0.120483064549537026765106444930795083      
  0.102774314550554909861416343671971684      
   8.74368169731283538740719708197602466E-0002
   7.38907411201435146511461515262954279E-0002
   6.22611334858847315491005415248175508E-0002
   5.20352006954392819530465087776172495E-0002
   4.33489841822737929862150848677247285E-0002
   3.57438468334084261361046631998646738E-0002
   2.93717648669165567453292736779488517E-0002
   2.38231325421166593677480921582356137E-0002
   1.92487065390161297034653861637956843E-0002
   1.52905673957840760852885986020977578E-0002
   1.20991753148199336827338281546008253E-0002
   9.35554872036716686704655900868965186E-0003
   7.20440852356431170939564891504096293E-0003
   5.37350594277571387479115121508003846E-0003
   3.99248930311863359423957699847812674E-0003
   2.82681163398237477849830778415064930E-0003
   1.99682670569859275673896169807885072E-0003
   1.30736107533602713407353380290459220E-0003
   8.54420093022785064035966990481973587E-0004
   4.84796888893029249736873865327020304E-0004
   2.78662036897766352951285191224863923E-0004
   1.15001910077960652426378232194497591E-0004
   4.67242399092690952040901143991749916E-0005
   0.00000000000000000000000000000000000      
   0.00000000000000000000000000000000000      
