   19240388169.9833796242881713262846840      
   640130357.963223558079256602320969831      
   373603903.928852234988327854181995095      
   162165593.908294967676906120316873929      
   65049293.2228717382300190150488077588      
   31460088.7993559103518707062097112596      
   16356516.6862316799967462480461806825      
   7488519.95250076322318866112678112687      
   3142900.70112877844449965146754816760      
   1396003.98580073316115184093076057923      
   572132.138165014943906447021551581525      
   194917.161030850200833374178119543460      
   84634.5983278346444364631855118015414      
   35328.8089991953929391030345219199696      
   19431.0129048971954337222023014972647      
   13323.7601428864628967813534667504792      
   6572.55065716611151296229258830043497      
   5969.07178568557125789067733165261219      
   2045.23946254639276664815513659696764      
   773.265072561021987939897078724646085      
   1004.54532020881774778169076735081737      
