   600813.619509582113088128589523388741      
   505714.810859162613641933841545130603      
   316311.238312224469776591263819003481      
   173622.451596328912609615678771519262      
   100090.446702439951427704747505164995      
   57979.2633738848452555190711136583783      
   30179.1384861756937127292597759925232      
   14361.8853939629701376373685408842673      
   6881.52091677354571063243249355531037      
   3187.12736539243542785870227875737290      
   1297.50489942613104252123895113592465      
   644.317955468728342119297208435276374      
   344.576479140175590003265312685001582      
   192.933468676357741881694813334329820      
   140.454481902482885837414650005571031      
   72.0293394443468485197024532652032711      
   51.6294790945574875677672270938898486      
   25.2911486851457935534941150931919722      
   6.52984368908634361692108564687568485      
   8.92925665360196156980619078372823029      
   0.00000000000000000000000000000000000      
