   647.542890961122697092609639986477413      
   572.947200012420411163822564356385571      
   422.780752801494868807305710410863749      
   291.781654845998660251296996517271456      
   191.284150673056318661151472048838038      
   113.843082930549857713155223174755943      
   62.4413431755344403155535362407083146      
   33.3653803007480078125438637721092163      
   17.7599219498718665540150563357350364      
   8.89775037444206750807299268391255895      
   5.01141248830212484258024722070554473      
   3.13106193254815176353415290108622787      
   1.86141359489945294777479420168863857      
   1.29332071046721528351673790009955307      
  0.746686886991608216902779724645844008      
  0.419381711962877327195046744509333284      
  0.266491290695962560104763369544488844      
   5.22387495126907489353686851750054785E-0002
   7.54026117415276754783633888403717212E-0002
   0.00000000000000000000000000000000000      
   0.00000000000000000000000000000000000      
