   787429.383225787632969197055970089427      
   688369.708773766952800617435399173361      
   510752.939964182495978548508051680667      
   385373.429176427256132950580076336157      
   293968.148767374591364253470431049145      
   213967.305725323908958627031699955509      
   152281.480963447977859535964154668264      
   105909.222078688329057791905337346976      
   71540.8725283728484642458687751684479      
   47411.8691343690574538649867745337869      
   30852.3190374721982126134813810866138      
   19782.7432328742782404539657601248977      
   12575.9681157002723647034246072163968      
   7924.31564071465192160160351096955051      
   4941.49916252067428743882684616984620      
   3022.74823421402403130102155185369444      
   1775.64593639071191060751714834203522      
   962.563628453649609506378746944458429      
   435.575993842350742681000051198274901      
   103.679057907906370701744163900083829      
  -92.5361874909819174585292448711190047      
  -195.113844332843264817811433606143132      
  -235.266378166636288571614262261282701      
  -236.648284898507143089687824124761192      
  -216.860930172253260526284527835390475      
  -188.051700508556305317884995715386085      
  -157.916069742074932977980362557053082      
  -130.535527984063746343723048954317278      
  -107.505043348849557321546079008119492      
  -88.8421116754924396858678533950184300      
  -73.8329550208930044350678810665456466      
  -61.5400964739610007057871887483101383      
  -51.1653394573334660189405920751978611      
  -42.1437171569818850659992123880595587      
  -34.1771095281572148881307771025806817      
  -27.1424332483529247348201701101381870      
  -21.0297519848291405421453865632240147      
  -15.8493555365031173088515180773512457      
  -11.5999676828680430204731476162838576      
  -8.23275456315540084492353731622801555      
  -5.66289435544064685353746496841629186      
  -3.77135471961431929187470533295000925      
  -2.43034993863838711422962099656067639      
  -1.51164683617631656790471070043257162      
 -0.904433269509403814895704336351811663      
 -0.515388635199275498825681727478970934      
 -0.274969058878597318113753612737663534      
 -0.132707975103724344742663220838745234      
  -5.30472440492229265738792371072410873E-0002
  -1.24842806369341389718628960932589307E-0002
   0.00000000000000000000000000000000000      
