   788937.911128481770784867532571016892      
   688436.058314982163321140386790815214      
   510345.317140830177326843918526522168      
   385562.609096377997639063773551552933      
   293909.355020568175636950290090489804      
   213948.310814528920597413806589802695      
   152319.585145344733373799634152339899      
   105917.573121332750348364730997680536      
   71567.4335031603475928915035303757037      
   47438.3924801344808027929255271562814      
   30871.4936963815141813063843633900934      
   19801.5964021051883986227183356609808      
   12589.8926168456486684233113594928127      
   7935.21375962382158785003738225731833      
   4950.72356654764106746622087324653549      
   3030.28281309278818152434848947209664      
   1782.57086557487997532210928627885004      
   969.005364198145110710534007037961261      
   441.678119068239559409103581912842160      
   109.436877591332385426539853017942356      
  -87.2035773144452085931731088760447827      
  -190.313154064197718281415639394832416      
  -231.026207853410854627067324387112757      
  -233.009183685900240886604870149435071      
  -213.778137411480035130298592581514997      
  -185.485543575311186661773665556686183      
  -155.789044003536483580487734268983290      
  -128.785216816391857009899644662228997      
  -106.061113806761003235733677190954772      
  -87.6559469220556574056935061482489809      
  -72.8565657011875166861044303891840176      
  -60.7433938188593900052130384865450703      
  -50.5178724363616317731245694654889054      
  -41.6259900608714295203697174215991578      
  -33.7672491949372678971115721675261872      
  -26.8251083461514964352773310229270717      
  -20.7871288820151361953133597829857838      
  -15.6685652876671421886447600396934959      
  -11.4667427625206396494658471749247630      
  -8.13728188867863090844973018070569687      
  -5.59496055570160926869040530087464727      
  -3.72454061582494660324562645531163629      
  -2.39820189282675152866517463918015623      
  -1.49056192861871444942842262457416355      
 -0.890664488975093654728579406158934999      
 -0.507129706456635256579760157146252993      
 -0.270148236868949751915754558663253184      
 -0.130340898465811948707474118944164497      
  -5.20519236397575211340452340661807484E-0002
  -1.24125573429332149246289310759115259E-0002
   0.00000000000000000000000000000000000      
