   787381.880000501119944483747629770540      
   688366.918486544398304860939310845158      
   510766.604243222715933576369710945782      
   385367.046581309885403578279791485574      
   293970.142345672386622007947703419897      
   213967.876521497488316109555708277484      
   152280.285416758583769492117572387776      
   105908.907370907768278661719680045256      
   71540.0842129583782071890437378247460      
   47410.9777249618622889450688467242100      
   30851.7543298736308163595240453766342      
   19782.1234219689038648592337223406479      
   12575.5507081790682471700274853422045      
   7923.96075853421675633298542522297467      
   4941.22191019747905024654317417014206      
   3022.50247058454689999676760317241930      
   1775.43643101277967196891327377699977      
   962.354118683965231643704982382116496      
   435.388841162700565857246434473796964      
   103.493095051007780143351322530281155      
  -92.7010968838995469675780362060335050      
  -195.267999764741701742427737646645841      
  -235.397829241382752604802134805718461      
  -236.764687292481279268346207366423617      
  -216.956521693908900721853351065547871      
  -188.133581186056468283963917045591854      
  -157.982047300976471590428550029975447      
  -130.591296509541166115505321701036364      
  -107.549896072020707802303621150159485      
  -88.8798646413996653730921449752177406      
  -73.8633541632785880864004267336960660      
  -61.5654127949418779443928330026436089      
  -51.1855489777831720755821590314864411      
  -42.1601212991728080454897900233383883      
  -34.1899378393136911833738470918430155      
  -27.1524392155957239322184313331254692      
  -21.0373768503579452548577751898077977      
  -15.8550101082336273541395932507629511      
  -11.6041876051314106325231865031647292      
  -8.23569737179130565278723612272196380      
  -5.66508103899970566380495729709425059      
  -3.77275740536507768228217872783195196      
  -2.43141786581897788785203264465256922      
  -1.51224195083195636949935222802768168      
 -0.904918804708937819805635023638157682      
 -0.515589635599464355352955831410346484      
 -0.275160548996079243418158659338688168      
 -0.132738852110239019675005783205750013      
  -5.31003129655490286995657155974204235E-0002
  -1.24625600732910891211601912511838964E-0002
   0.00000000000000000000000000000000000      
