   157.776254933031941446421882030994242      
   131.284386613476398635481971690394625      
   102.688277045091657974146015078213909      
   83.5987275461319702212291673446256711      
   50.0362404166304297528651273965854646      
   31.8884363115770870442107329675612681      
   18.3827245678855050067534514337169494      
   7.60172612891763413970731706876406253      
   4.59681462310446096632883466539530623      
   1.37460485296901405545671871225900003      
  0.647213164828675590954238041920925887      
  0.896302492778541547333475243943438897      
  0.189649624264422314590684627985950998      
  0.728278135870343473837910068120672534      
  0.256415013226439230207740880058432971      
  0.304221388092310227911364839770163724      
  0.187888279478548610174310599170780167      
   4.42349897951318420475571499617819938E-0002
   6.88454821356843439697930247925936775E-0002
   0.00000000000000000000000000000000000      
   0.00000000000000000000000000000000000      
