   647.474411009347336358528352011331981      
   573.610189423121033917468687031633214      
   423.297836833971860860623960279608315      
   290.432155897905741112774216820651954      
   191.223031433211255929129165481354656      
   114.516033430383731032523808987320326      
   61.8525929046342280574724751694299431      
   33.3096412470937589226225030264728950      
   17.7251817139671684606656535688183029      
   8.87353447536922959200642305343850167      
   4.83802858157096993221280001903735452      
   3.07844939948344633694403734721517237      
   1.84914101887354741332983426826222288      
   1.14993778875117722887881010036551365      
  0.743489216268914810112798118467468291      
  0.375352799708182007642360157726008174      
  0.173960508883390127464858422816802018      
   8.76816107435673158734416969734241499E-0002
   4.09785985283901587273030266119555291E-0003
   0.00000000000000000000000000000000000      
   0.00000000000000000000000000000000000      
