   19323651798.7389776047442368951133857      
   603163628.587083383415623684649058248      
   369129092.012342801929539525265803871      
   170215552.172811381766477202791781950      
   65216979.5469635329897101786031981763      
   28842561.7939251017351639972079791920      
   16990282.0275623809162547786916499886      
   8212201.64207617174225824313771551461      
   2697198.40130137431314203690016934491      
   1256021.67424891945299065674627337869      
   801447.634663564378713561557667796673      
   177087.039840855548328284436933397707      
  -16965.9602955554525360427457879162315      
   87139.3356156013479572923243180938624      
   49865.8336833942377642392728069916307      
  -28138.2464140330647224618086062260510      
   7230.12120422193595446965032719410202      
   32545.8800789903728377108927115670379      
  -12322.8452506404021541614653385318030      
  -8007.74082164322592550375452851960331      
   10754.7774454999472692421686087347706      
