   24413992533.8295498595815162881951092      
   3284812773.80741127105483379582789557      
   1182198706.53267829769412161730027978      
   375172473.858127379769170554789743001      
   335134259.613468994033551173662352931      
   261599248.786716960301394488990124849      
   182363810.098494701233785062748426946      
   136416153.956918567934359852790435329      
   94257494.9173834070910238021204892238      
   64682250.4986494741384926983479960957      
   42959300.4129235869809265639952091934      
   27111632.6173113465616509868040008697      
   16839010.7884269276883215137270294254      
   9928355.43235721679637222347466108059      
   5774730.13934528602917214314887266897      
   3312605.03071820898978540462701217608      
   1911816.48578777224668043102325438660      
   1172688.08786435427459735282517805098      
   742522.556428266797923345904891464471      
   498806.510434365322813691930128850346      
   324827.041652354231705965102559444533      
   196011.255292270034122869521256689570      
   96455.3126255901695654291430908052144      
   23568.8259226415060984142128187876411      
  -20859.1438859930725968856045343984913      
  -41848.1649461759801673033857595681970      
  -43400.7665038152414806302092219304427      
  -33385.3526691912824006460711966939832      
  -18397.0162547813543145089249092179510      
  -3835.13801203265274658760094753364844      
   6723.48987139999130304874451307851143      
   12327.9590137340253216108728764977180      
   13098.5545489453058062948153464671487      
   10684.1006123765534304915092576283284      
   6608.19695737565391870877714549970422      
   2521.14155766171720330682250612041261      
  -624.075347461094394609445907472164355      
  -2344.12347647578870906172694984464647      
  -2677.87220140267756540710238867155296      
  -2000.81880168396111145383879929757646      
  -786.670009173729359705895752583883862      
   490.560691839386352880118329419899677      
   1500.15609268871736094493151118165551      
   2083.94232788466083697434111693275754      
   2217.46351889241739949076004653847683      
   2003.16956146890645457593615861505334      
   1585.29369983677053781460918610240654      
   1091.90030364801222483938707922821260      
   655.919470584305690967231307474147930      
   335.784159143016758136230159331123601      
   97.6746913525170561442360211884064921      
