   127.344198630000000000000000000000003      
   127.344244343982038900994370750601359      
   127.344252275854878974675017523602026      
   127.344261583993884125823523071564111      
   127.344272507196195373589821601214314      
   127.344285325692853665710687619906755      
   127.344300368338031943706342492645209      
   127.344318021045677125471574868047990      
   127.344338736690001186512319131218343      
   127.344363046723815071934241645876525      
   127.344391574812769844974152513208360      
   127.344425052835286892525481725145234      
   127.344464339658649956432654029587470      
   127.344510443172953246957738254887949      
   127.344564546148179084803048931417060      
   127.344628036577759606103952333177630      
   127.344702543287076287848712705372408      
   127.344789977720421240665397409149767      
   127.344892582978450551621298603134228      
   127.345012991364168867751738941052418      
   127.345154291913767886758244510181951      
   127.345320109644799453035021458224407      
   127.345514698554768192096729305907236      
   127.345743050755990954018365176369916      
   127.346011024546540774475188723211283      
   127.346325494702891871206003566591564      
   127.346694528849972377475713169878179      
   127.347127594433338542192466350692263      
   127.347635801603271146555803547224634      
   127.348232188241903040016238176386269      
   127.348932054445651831292963586366908      
   127.349753355043990807069583704812261      
   127.350717160224493673427573611140038      
   127.351848196081332011007418780328628      
   127.353175478954813336929081887047095      
   127.354733059835724920378850002566559      
   127.356560897931923663725622397976721      
   127.358705885808225863255166829705572      
   127.361223052399212130737703462489525      
   127.364176974757831911237374822274465      
   127.367643434757737992279482608888492      
   127.371711363251486047868686488996259      
   127.376485121561316731259404660564290      
   127.382087178833390528429136109740560      
   127.388661253942087854589594432412676      
   127.396376002548860833357414734536537      
   127.405429343905877846192524075805611      
   127.416053538407137058148461160345039      
   127.428521146149896156911564624701132      
   127.443152019371285624066935852081322      
   127.460321508148689130085505757195942      
   127.480470089878344029473873939544436      
   127.504114669573161024835461072329136      
   127.531861840885060987697055876882919      
   127.564423448058847682967690851040843      
   127.602634848054251284192775659994019      
   127.647476341344673817877389400308937      
   127.700098321192490980048184221630872      
   127.761850786597016383828172897080898      
   127.834317976059772619580969687484336      
   127.919359010684540222609353833013485      
   128.019155589297095944524424145592363      
   128.136267959186718870760228561517243      
   128.273700598379805322002966653822540      
   128.434979294501987399563367868078057      
   128.624241597660752777204118341453438      
   128.846342967886511573021252685594269      
   129.106981340308616286112335752926685      
   129.412843303743568200609788990596202      
   129.771775642857383836037534441427929      
   130.192986644757965419000204125643866      
   130.687282334469649948716144265281840      
   131.267343699830706434530270327111312      
   131.948052017924258494421113925735460      
   132.746870629181592990561399244352011      
   133.684292953442655863576374565325482      
   134.784368241673422918549935195035658      
   136.075318551321677056157619560405125      
   137.590262773604146893172296650641721      
   139.368066287398858642498211969561651      
   141.454338037324391549682534426542009      
   143.902600615705111781412369733386368      
   146.775663366477325855027303249359828      
   150.147233737550153006448014817005048      
   154.103808220318007232386882273074767      
   158.746891387734882920724204290029372      
   164.195599959617673769913472547306980      
   170.589718701588390126600601107838763      
   178.093286555703503405070625715058834      
   186.898805003732278465504542331902750      
   197.232176627212979393108785346858876      
   209.358500561365872905290488365174933      
   223.588873523262469874832184180946166      
   240.288370892316051786339575732747627      
   259.885412594999564182222588403964315      
   282.882754072378520685379103827925111      
   309.870384299993583906572939543235619      
   341.540661754407042651027388606273538      
   378.706076634488071287107669391706728      
   422.320095021183943739106503682366465      
