   19320191714.3536139981330109835928950      
   606984337.011719057921204187071549463      
   365885916.458366154128344915136831173      
   170812641.446823044987051430701779837      
   66914634.2043166068821139408319651024      
   27434600.5418461135676364401416142069      
   16722732.4046606355994670664259053619      
   9128577.76419182914338844071900507625      
   2477488.71476202877492357118808371337      
   835068.945871211860278287710218623658      
   1047445.13031128068934563737573540163      
   343153.871189074401988439126289227421      
  -187161.427125108056723613960337039433      
   8245.20750986180177133267770397337873      
   167671.257400347728238712936527407735      
   38987.2081941365212617600705013961799      
  -136573.382175487422045243295680669387      
   22991.4279149417801512792855331072496      
   139918.910297934587055996718334686829      
  -80708.1764511802062467770280135034464      
  -107940.011545668313610962204464472997      
