 0.11174265202507E-03
 0.11174591996998E-03
 0.11175137665312E-03
 0.11175902832124E-03
 0.11176888103029E-03
 0.11178094024144E-03
 0.11179521047236E-03
 0.11181169501083E-03
 0.11183039569812E-03
 0.11185131278846E-03
 0.11187444489437E-03
 0.11189978903745E-03
 0.11192734083235E-03
 0.11195709482967E-03
 0.11198904502854E-03
 0.11202318554718E-03
 0.11205951141923E-03
 0.11209801947162E-03
 0.11213870923842E-03
 0.11218158387246E-03
 0.11222665102746E-03
 0.11227392369279E-03
 0.11232342096748E-03
 0.11237516875894E-03
 0.11242920038600E-03
 0.11248555706005E-03
 0.11254428821417E-03
 0.11260545165077E-03
 0.11266911348466E-03
 0.11273534786879E-03
 0.11280423650354E-03
 0.11287586794395E-03
 0.11295033673236E-03
 0.11302774239381E-03
 0.11310818833792E-03
 0.11319178071405E-03
 0.11327862726582E-03
 0.11336883622777E-03
 0.11346251530150E-03
 0.11355977074187E-03
 0.11366070657663E-03
 0.11376542397544E-03
 0.11387402077725E-03
 0.11398659117931E-03
 0.11410322558518E-03
 0.11422401060557E-03
 0.11434902920218E-03
 0.11447836096248E-03
 0.11461208249219E-03
 0.11475026791109E-03
 0.11489298943806E-03
 0.11504031805144E-03
 0.11519232421168E-03
 0.11534907863428E-03
 0.11551065310240E-03
 0.11567712130986E-03
 0.11584855972683E-03
 0.11602504848201E-03
 0.11620667225671E-03
 0.11639352118765E-03
 0.11658569177681E-03
 0.11678328780808E-03
 0.11698642127177E-03
 0.11719521329931E-03
 0.11740979511166E-03
 0.11763030898621E-03
 0.11785690924797E-03
 0.11808976329198E-03
 0.11832905264519E-03
 0.11857497407691E-03
 0.11882774076831E-03
 0.11908758355278E-03
 0.11935475224030E-03
 0.11962951704044E-03
 0.11991217010060E-03
 0.12020302717794E-03
 0.12050242946580E-03
 0.12081074559815E-03
 0.12112837385874E-03
 0.12145574462536E-03
 0.12179332308388E-03
 0.12214161225211E-03
 0.12250115635953E-03
 0.12287254463643E-03
 0.12325641557473E-03
 0.12365346173336E-03
 0.12406443517410E-03
 0.12449015362890E-03
 0.12493150751901E-03
 0.12538946796894E-03
 0.12586509598694E-03
 0.12635955301822E-03
 0.12687411312099E-03
 0.12741017706885E-03
 0.12796928875143E-03
 0.12855315433049E-03
 0.12916366471751E-03
 0.12980292207847E-03
 0.13047327125089E-03
 0.13117733719204E-03
 0.13191806988411E-03
 0.13269879852737E-03
 0.13352329739553E-03
 0.13439586646013E-03
 0.13532143089322E-03
 0.13630566494374E-03
 0.13735514762791E-03
 0.13847756044128E-03
 0.13968194130184E-03
 0.14097901482292E-03
 0.14238162785082E-03
 0.14390533274786E-03
 0.14556918217026E-03
 0.14739683339904E-03
 0.14941811733607E-03
 0.15167132552162E-03
 0.15420664461941E-03
 0.15709149852123E-03
 0.16041921445699E-03
 0.16432382043773E-03
 0.16900697697589E-03
 0.17479116975269E-03
 0.18223685747499E-03
 0.19244330993813E-03
 0.20802894855323E-03
 0.23812411581141E-03
 0.79132862832605E-03
 0.65479133273719E+01
 0.11690171682220E+02
 0.16486134153311E+02
 0.21101039670205E+02
 0.25604386358353E+02
