   19229274675.9718423825941850330944353      
   646511161.732311360375430827097202801      
   372312894.334199342948273217851060504      
   161805868.754563282923472277810727751      
   65315055.2997015123596960365639480902      
   31421507.4187411868148989068309266779      
   16360401.3884453776795984693196400539      
   7466889.28463372468421947806258606686      
   3159163.63307622641218981523647988437      
   1395606.11936335633509813028782533455      
   565199.519675876316992692162823579721      
   200834.384091176977379283318549969092      
   81342.4327294026496411687907463629500      
   37044.6582695781632001077493184545095      
   18812.3521853251492840177206992315301      
   12800.4241012304800337374500820585457      
   7906.67275182259153386166237384173748      
   4595.99117248710935068803632600776966      
   2776.30280855232056444768371134720432      
   946.078995207896845065906540672351090      
   35.3955167147410084382462063121291830      
