   603041.702638894742211706750964927611      
   505062.407858013725804570717409465960      
   315703.411034770615573576300065727648      
   174117.609426613329347603594493139542      
   99962.2559815103707666032121494871220      
   58001.9527053558186964339048963804971      
   30136.6863821096036929702714444096616      
   14374.2136477548946417254120434175001      
   6906.36577141489326166818132319268284      
   3141.63060386943727660963856171411655      
   1323.94221963297377117729756117973442      
   629.632053567700465759296552553543109      
   342.085743121134053527615672083340373      
   195.805356315229903551469899597529924      
   128.050236323088175574043989028069083      
   78.7504981436156154601580919070070525      
   42.7142398884341750227079216295533462      
   22.5251483946322513790069882914434550      
   7.98906360460419289719693655772846911      
  0.314658937578463967941628083312923574      
   0.00000000000000000000000000000000000      
