  0.452264456374516401150001405233825342      
  0.500544469621465502052536846440819252      
  0.557634753985061818995322938663209902      
  0.623449021306444553155849840645147424      
  0.697910604715301544775553332156147037      
  0.781085095319592762612441939422062287      
  0.873271221462961179470047799241606001      
  0.975041355269012402948622834670791420      
   1.08723559000703177990715066815345170      
   1.21092871472443714851308314124809720      
   1.34739452743733477338259598948888809      
   1.49808272259329108617224392634863653      
   1.66461147075231386930270926294024969      
   1.84877238134513021650193124457923253      
   2.05254356624525898081131987977023432      
   2.27810776576007906122994302298374878      
   2.52787388548663546393632396909441977      
   2.80450120983090006269332035355678069      
   3.11092604430934044604307046812061796      
   3.45039075934009781057254269266329651      
   3.82647528696309168633094586290258842      
   4.24313112531301434669342066221098542      
   4.70471786180423054423974120448148208      
   5.21604214176399117301294500354040198      
   5.78239887944418364150542800344346293      
   6.40961431952265215536956357500951005      
   7.10409028859874242669717866603578057      
   7.87284859856923456639598167455854438      
   8.72357403797025470305333127645369000      
   9.66465366240640821293159871516268796      
   10.7052091079071912190769994759184573      
   11.8551173293533509149775336244379415      
   13.1250134412156734926594947521653370      
   14.5262671763590144184088238102382364      
   16.0709219607725765216947081817761001      
   17.7715831068737641935060793760824007      
   19.6412402566635013029772431615944745      
   21.6930116580505135773228154080407985      
   23.9398099588157948166684235004441018      
   26.3939619526736045808679134519163101      
   29.0668861743990385714939024428766986      
   31.9690686420520949050361816737258412      
   35.1108115814217400739232568681171282      
   38.5045842267018198759059502935987213      
   42.1702033013959130616997782026085845      
   46.1441612335958488369413502637550767      
   50.4935316785313019198136582832732278      
   55.3326813636896524185147899231342954      
   60.8387255224674735568548563035351459      
   67.2618200032604546553651490825727875      
