   19329663511.7115478728904186760980236      
   599168575.739692473936719378810154949      
   369733465.815088700527529523763393045      
   170808428.956949605432171190691922549      
   65343282.0467406271541400611914238853      
   28292174.9681211226544049566159286920      
   17065929.8292943947413371297861856681      
   8565033.40688023931389725151381855169      
   2496005.26351123186849966278164217726      
   1141791.69566780127861757876356071802      
   941855.496474739975959476941195146299      
   206783.449970979048319589772103474278      
  -108336.283064773838948980346735798741      
   83172.3743346410017668772641952202851      
   126325.467124609731681772963811935174      
  -54042.9935827008976254684498165246097      
  -46226.8860757729010045225408652939700      
   74414.1824127978807184935551549648881      
   22105.0381673272601716133690611448335      
  -57405.1421562730405910086032038721844      
  -30202.1215274353067083212454704756015      
