   550938.937840161734395655834290950749      
   461629.421448451033962091033235307137      
   291928.947548848229719464640966557697      
   170249.443356341591216429614169114189      
   101460.180559034810153748355102361974      
   56808.2872984058339483611529949666888      
   29750.1701033728796087372137175920343      
   15159.5420619322322369804535395095723      
   7381.74971613538349619539099959207612      
   3536.42005180621601440463022490251210      
   1755.92253626878110537343697355097663      
   938.527805562417214690700170848010632      
   545.956795782452295750216362316142442      
   338.695259950772480599165368147226543      
   210.292406451772364534514690076946272      
   123.621978436843785447247560595186013      
   67.2455234174394497837373310182713365      
   31.6823917483873931823556708114460719      
   12.0157124482243322466925346731926312      
   2.63873100668889585931333003042846903      
   0.00000000000000000000000000000000000      
