   19881071366.6210801641116475605508213      
   523374575.268399117817530164014030986      
   313245579.249459555095888439152812741      
   148314397.648287772224507306960487093      
   65415313.1206138520377488098709273254      
   31658054.2714990439004217975985888760      
   15801677.9289631146627724197428250720      
   7284960.40593589252250935241732158199      
   3194126.59378303416554032929612039404      
   1395477.08422993421891249727548486684      
   580982.455826540779358633765883880520      
   243445.484059495394786761425964993440      
   116427.593329627835086622200081093211      
   61816.5096855432708881656181939339709      
   37151.0651832705139879087073904289220      
   23952.1376081873953396981134801051416      
   13999.3849017688533424600360703820751      
   7722.91246053195839544754868780353830      
   4022.42134159783212127531307869201535      
   1481.39124645468575815170812261433701      
   247.900450062855758529880058139364231      
