   627.555250075267689072830770893757800      
   562.754693091901268955611991722214639      
   426.756420263991858384721951748813289      
   297.752152803860243074497691883069457      
   195.614074247580307649903002302781634      
   119.307051190502182620282945218164090      
   68.8076943430836886951829712662856024      
   39.2427275150645118183765230515372629      
   22.3741228595779079371365356996146047      
   13.0745722332376070532639485408584005      
   8.10138451942065133504099408741944484      
   5.17286903809718654802267919297409786      
   3.28073103551246621880520320633594106      
   2.03845098881811321433890484502631184      
   1.17128475805704472316979627597569167      
  0.603972018777282934669254942444328734      
  0.278390632108829955958272402644899289      
  0.100075794584449633659886427424411556      
   1.86080783979970851361447164657801131E-0002
   0.00000000000000000000000000000000000      
   0.00000000000000000000000000000000000      
