   19220855755.1154182004791200996307073      
   651419573.650161460701442207637860302      
   371187409.643633277026578811747995218      
   161670959.999501079788417024314652583      
   65430120.8493176833347546656432680944      
   31437444.1434266935255416158502975322      
   16338208.7048756110425379894694609148      
   7465311.15396865731454609135528104906      
   3165268.74531419443601875983812207090      
   1394678.98267531137685947123704129829      
   563925.664650950396078518344897053837      
   201119.764819190457422560897206518188      
   81801.6724886707835244846859826669163      
   36828.3508009651355141688299388504223      
   18677.9099192914626915199790919366397      
   12920.4338120201266286932476760349194      
   7949.12746321641436737132118091370514      
   4516.00671828973595537334892500322277      
   2783.35847273725373010781031040748922      
   985.210390815537435223212871639943085      
   35.8688663611232003758798817273339263      
