   605070.815045164587253628138521858517      
   504225.371785363342467319599456177043      
   315551.007797114742034448668158146989      
   174281.004379672665938964582534280212      
   99989.7294687675569059445489395545831      
   57960.7888420698945961307528118135023      
   30128.7429440330543306727319714026479      
   14392.2319014374246932633961868977873      
   6903.33075485967232430859787928776276      
   3137.94285863739493838769775211053016      
   1324.61489320662307714008843929733454      
   631.606553369756484984738005960332023      
   341.362722764583118887675748227814469      
   195.330943925167532001205360468429538      
   128.576719264163701365359037025793494      
   79.1128257681921627111098260672798209      
   42.4404948436519225146611796476482095      
   22.5856993973417880922810030470729147      
   8.31955497869348131587216484825430478      
  0.318830344721760327071403017430810805      
   0.00000000000000000000000000000000000      
