   647.521386481533887154887881354292636      
   572.013961224191044316564002075079859      
   423.421221243594623836079170484880585      
   291.524176515644606952609630378949132      
   191.046548737364402584126393772506967      
   113.764657460057839119819321153074296      
   62.2447957549868590371691653018102835      
   33.4213429426363609046920358960005675      
   17.4689631727370933247941549425727243      
   8.87616692535752597381702121408852218      
   4.91719173818751357124336393413060347      
   2.98898962221697896430551703943370312      
   1.82933747726870408909575590499120281      
   1.16838843413920233023791304888535912      
  0.700758690145513904199902711173609868      
  0.368355514273294855075679040724866182      
  0.173339851690899486125837204058411075      
   6.65564398295478505269773187860344466E-0002
   2.69234513320597609526962548052684661E-0003
   0.00000000000000000000000000000000000      
   0.00000000000000000000000000000000000      
