   627.467746547851637464605239696405418      
   563.741471030599913809521760018498727      
   426.856488710348125928987064561057878      
   296.931308120261469335633484744731165      
   195.726060582318297339666624295585583      
   119.644513695973629219426502008192038      
   68.6389530741881496187067667464599187      
   39.1702020676494583591584027286118592      
   22.4761786075958853253251922710741770      
   13.0504386079645487521429975558632214      
   8.05751091202065504954814965677543455      
   5.20079668353568876968653049714633215      
   3.26072029600663108730521870581200547      
   2.03330068487721444544490263109422853      
   1.17447186681222976937904705577847680      
  0.599674014953004335476033215075141442      
  0.271924937970715495122746785112016297      
  0.107524323250981412309923046487195922      
   1.18134164819836640826135647194174451E-0002
   0.00000000000000000000000000000000000      
   0.00000000000000000000000000000000000      
