   625.306072827314118333292249205266360      
   553.930132820974460046807557232064966      
   402.325611567441139033035928123141127      
   267.632997224346277628411019990551188      
   167.710620940540148216858364813980562      
   100.025325062181607627935695579434350      
   40.2506360930744933596179004597157095      
   11.5946821833272823019551565766741907      
  0.886676271706010319290193300090913221      
  -5.57574019676419537686157176970791720      
  -14.9010846144339124702547235520895137      
  -11.7814236231289433884787972331856882      
  -11.1564278106090950021249132434641610      
  -10.8189747002114939503206487037561356      
  -12.4465157606126828592941796358257220      
  -9.18247686365084741829120124411320215      
  -6.76708222242705396900673553092703406      
  -5.90016801512309437044562299283745628      
  -7.86961738475681906456721944374586504      
   0.00000000000000000000000000000000000      
   0.00000000000000000000000000000000000      
