   24334907117.0197872489218676701729495      
   3160002635.14052472487102371641679840      
   1048775755.81473543905434929290089435      
   206667590.544288618596833444428917209      
   158406326.474709991330640123033042731      
   98598537.8885486387298057908876742536      
   41873718.6060304019410376074328351576      
   25818941.7271800437490334497792292203      
   10821574.2885192590348607079643872014      
   4687580.35365557062749454704321064756      
   2086053.53740930168264539548421405622      
   275831.223702349869809296550663002579      
   175010.627581095715031194826857847480      
  -69422.2510822234193203754514243798491      
  -19258.8426966473444734500216783812586      
   29354.1258157535756617684825364655377      
   9076.32715879857853996442244824803647      
   36345.0266718085964673250237841207843      
   12610.0841232207465753295279183399204      
   10062.4254698327218387075336774024114      
   4964.00339301225588759316096898291703      
