 0.76808566883725E-03
 0.99030505825113E-04
 0.98369382256925E-04
 0.97712756092643E-04
 0.97060590981326E-04
 0.96412851171658E-04
 0.95769501490254E-04
 0.95130507320949E-04
 0.94495834585014E-04
 0.93865449722273E-04
 0.93239319673058E-04
 0.92617411860975E-04
 0.91999694176452E-04
 0.91386134961007E-04
 0.90776702992237E-04
 0.90171367469460E-04
 0.89570098000007E-04
 0.88972864586119E-04
 0.88379637612429E-04
 0.87790387833994E-04
 0.87205086364865E-04
 0.86623704667149E-04
 0.86046214540567E-04
 0.85472588112463E-04
 0.84902797828258E-04
 0.84336816442313E-04
 0.83774617009204E-04
 0.83216172875370E-04
 0.82661457671127E-04
 0.82110445303029E-04
 0.81563109946563E-04
 0.81019426039155E-04
 0.80479368273481E-04
 0.79942911591070E-04
 0.79410031176169E-04
 0.78880702449886E-04
 0.78354901064571E-04
 0.77832602898441E-04
 0.77313784050434E-04
 0.76798420835275E-04
 0.76286489778756E-04
 0.75777967613206E-04
 0.75272831273159E-04
 0.74771057891195E-04
 0.74272624793955E-04
 0.73777509498319E-04
 0.73285689707747E-04
 0.72797143308755E-04
 0.72311848367550E-04
 0.71829783126789E-04
 0.71350926002471E-04
 0.70875255580957E-04
 0.70402750616097E-04
 0.69933390026484E-04
 0.69467152892803E-04
 0.69004018455287E-04
 0.68543966111273E-04
 0.68086975412846E-04
 0.67633026064575E-04
 0.67182097921334E-04
 0.66734170986201E-04
 0.66289225408437E-04
 0.65847241481538E-04
 0.65408199641353E-04
 0.64972080464274E-04
 0.64538864665488E-04
 0.64108533097289E-04
 0.63681066747448E-04
 0.63256446737639E-04
 0.62834654321916E-04
 0.62415670885244E-04
 0.61999477942073E-04
 0.61586057134962E-04
 0.61175390233244E-04
 0.60767459131732E-04
 0.60362245849470E-04
 0.59959732528512E-04
 0.59559901432750E-04
 0.59162734946763E-04
 0.58768215574711E-04
 0.58376325939249E-04
 0.57987048780483E-04
 0.57600366954942E-04
 0.57216263434589E-04
 0.56834721305848E-04
 0.56455723768666E-04
 0.56079254135586E-04
 0.55705295830857E-04
 0.55333832389556E-04
 0.54964847456730E-04
 0.54598324786569E-04
 0.54234248241581E-04
 0.53872601791805E-04
 0.53513369514019E-04
 0.53156535590987E-04
 0.52802084310704E-04
 0.52450000065667E-04
 0.52100267352157E-04
 0.51752870769535E-04
 0.51407795019550E-04
 0.51065024905663E-04
 0.50724545332385E-04
 0.50386341304615E-04
 0.50050397927010E-04
 0.49716700403345E-04
 0.49385234035897E-04
 0.49055984224835E-04
 0.48728936467619E-04
 0.48404076358412E-04
 0.48081389587496E-04
 0.47760861940699E-04
 0.47442479298835E-04
 0.47126227637147E-04
 0.46812093024756E-04
 0.46500061624126E-04
 0.46190119690533E-04
 0.45882253571533E-04
 0.45576449706453E-04
 0.45272694625877E-04
 0.44970974951140E-04
 0.44671277393834E-04
 0.44373588755320E-04
 0.44077895926238E-04
 0.43784185886033E-04
 0.43492445702482E-04
 0.43202662531229E-04
 0.42914823615325E-04
 0.42628916284773E-04
 0.42344927956082E-04
 0.42062846131821E-04
 0.41782658400186E-04
 0.41504352434563E-04
 0.41227915993107E-04
 0.40953336918318E-04
 0.40680603136627E-04
 0.40409702657985E-04
 0.40140623575459E-04
 0.39873354064831E-04
 0.39607882384203E-04
 0.39344196873610E-04
 0.39082285954635E-04
 0.38822138130027E-04
 0.38563741983332E-04
 0.38307086178519E-04
 0.38052159459620E-04
 0.37798950650369E-04
 0.37547448653851E-04
 0.37297642452151E-04
 0.37049521106011E-04
 0.36803073754494E-04
 0.36558289614647E-04
 0.36315157981180E-04
 0.36073668226133E-04
 0.35833809798570E-04
 0.35595572224256E-04
 0.35358945105360E-04
 0.35123918120145E-04
 0.34890481022675E-04
 0.34658623642526E-04
 0.34428335884497E-04
 0.34199607728329E-04
 0.33972429228435E-04
 0.33746790513626E-04
 0.33522681786850E-04
 0.33300093324932E-04
 0.33079015478324E-04
 0.32859438670854E-04
 0.32641353399491E-04
 0.32424750234105E-04
 0.32209619817241E-04
 0.31995952863895E-04
 0.31783740161297E-04
 0.31572972568700E-04
 0.31363641017176E-04
 0.31155736509421E-04
 0.30949250119559E-04
 0.30744172992959E-04
 0.30540496346060E-04
 0.30338211466195E-04
 0.30137309711431E-04
 0.29937782510410E-04
 0.29739621362200E-04
 0.29542817836153E-04
 0.29347363571766E-04
 0.29153250278561E-04
 0.28960469735955E-04
 0.28769013793157E-04
 0.28578874369053E-04
 0.28390043452117E-04
 0.28202513100314E-04
 0.28016275441021E-04
 0.27831322670947E-04
 0.27647647056066E-04
 0.27465240931552E-04
 0.27284096701726E-04
 0.27104206839999E-04
 0.26925563888826E-04
 0.26748160459670E-04
 0.26571989232953E-04
 0.26397042958030E-04
 0.26223314453145E-04
 0.26050796605404E-04
 0.25879482370733E-04
 0.25709364773848E-04
 0.25540436908207E-04
 0.25372691935968E-04
 0.25206123087934E-04
 0.25040723663495E-04
 0.24876487030551E-04
 0.24713406625434E-04
 0.24551475952809E-04
 0.24390688585563E-04
 0.24231038164676E-04
 0.24072518399080E-04
 0.23915123065489E-04
 0.23758846008220E-04
 0.23603681138990E-04
 0.23449622436695E-04
 0.23296663947165E-04
 0.23144799782914E-04
 0.22994024122861E-04
 0.22844331212046E-04
 0.22695715361337E-04
 0.22548170947128E-04
 0.22401692411042E-04
 0.22256274259635E-04
 0.22111911064119E-04
 0.21968597460104E-04
 0.21826328147368E-04
 0.21685097889671E-04
 0.21544901514612E-04
 0.21405733913557E-04
 0.21267590041627E-04
 0.21130464917778E-04
 0.20994353624970E-04
 0.20859251310447E-04
 0.20725153186126E-04
 0.20592054529121E-04
 0.20459950682391E-04
 0.20328837055540E-04
 0.20198709125754E-04
 0.20069562438897E-04
 0.19941392610746E-04
 0.19814195328384E-04
 0.19687966351725E-04
 0.19562701515176E-04
 0.19438396729412E-04
 0.19315047983263E-04
 0.19192651345664E-04
 0.19071202967674E-04
 0.18950699084513E-04
 0.18831136017594E-04
 0.18712510176505E-04
 0.18594818060912E-04
 0.18478056262330E-04
 0.18362221465724E-04
 0.18247310450889E-04
 0.18133320093569E-04
 0.18020247366259E-04
 0.17908089338659E-04
 0.17796843177722E-04
 0.17686506147275E-04
 0.17577075607163E-04
 0.17468549011911E-04
 0.17360923908852E-04
 0.17254197935750E-04
 0.17148368817881E-04
 0.17043434364598E-04
 0.16939392465394E-04
 0.16836241085495E-04
 0.16733978261004E-04
 0.16632602093679E-04
 0.16532110745360E-04
 0.16432502432150E-04
 0.16333775418391E-04
 0.16235928010533E-04
 0.16138958550966E-04
 0.16042865411895E-04
 0.15947646989344E-04
 0.15853301697360E-04
 0.15759827962484E-04
 0.15667224218566E-04
 0.15575488901952E-04
 0.15484620447113E-04
 0.15394617282720E-04
 0.15305477828199E-04
 0.15217200490757E-04
 0.15129783662868E-04
 0.15043225720201E-04
 0.14957525019941E-04
 0.14872679899452E-04
 0.14788688675224E-04
 0.14705549642034E-04
 0.14623261072225E-04
 0.14541821215036E-04
 0.14461228295869E-04
 0.14381480515422E-04
 0.14302576048570E-04
 0.14224513042915E-04
 0.14147289616905E-04
