   7.81434090078835165906917410448992527E-0004
   1.22679669504672376759899303921881427E-0002
   1.24422500269104338694934287065637372E-0002
   1.26187941819289831527481925444056837E-0002
   1.27976308291131159345119890793844070E-0002
   1.29787917945530537109409847469213960E-0002
   1.31623093225443242617152725054103086E-0002
   1.33482160813659278626677150390672160E-0002
   1.35365451691321034227972261156734879E-0002
   1.37273301197184864602311631476929550E-0002
   1.39206049087634907182710974850413637E-0002
   1.41164039597457822829537545187167909E-0002
   1.43147621501387495649825946400949585E-0002
   1.45157148176429046944207447569711093E-0002
   1.47192977664971819671361768157229254E-0002
   1.49255472738701271783555931239076449E-0002
   1.51345000963319981632470135572553036E-0002
   1.53461934764088218051745770766267378E-0002
   1.55606651492194763158109352568782815E-0002
   1.57779533491968898811006313059123131E-0002
   1.59980968168944679215986984313705091E-0002
   1.62211348058788813556606213554265622E-0002
   1.64471070897103674753393621283334326E-0002
   1.66760539690117134460939837115151571E-0002
   1.69080162786271101082350598146730996E-0002
   1.71430353948720807656176125966761546E-0002
   1.73811532428757060632065757393365053E-0002
   1.76224123040163819559736036430611448E-0002
   1.78668556234523631929389287651929306E-0002
   1.81145268177483597623210822759870181E-0002
   1.83654700825994683843354504973966292E-0002
   1.86197302006537354693234302820137153E-0002
   1.88773525494346619902823041529691344E-0002
   1.91383831093649745143267023558624297E-0002
   1.94028684718930001985605549626095580E-0002
   1.96708558477229969389031510420286681E-0002
   1.99423930751508030660034885735081273E-0002
   2.02175286285061840483803116351984421E-0002
   2.04963116267032666040383506246783981E-0002
   2.07787918419004634503705767221928468E-0002
   2.10650197082713046617355659463624355E-0002
   2.13550463308876042602139678662530443E-0002
   2.16489234947164032544143314674111246E-0002
   2.19467036737321428650777669790661485E-0002
   2.22484400401455341532722609529446263E-0002
   2.25541864737506026926446957261466656E-0002
   2.28639975713913993116373857932534826E-0002
   2.31779286565498802784545865724378185E-0002
   2.34960357890564726074434044050190153E-0002
   2.38183757749248524387790182798842385E-0002
   2.41450061763124766769142838439392754E-0002
   2.44759853216084202691925906252583978E-0002
   2.48113723156500836607606858430176099E-0002
   2.51512270500703470720577388176709037E-0002
   2.54956102137767798954566210775646976E-0002
   2.58445833035643904344730447282591962E-0002
   2.61982086348638122812047155079073746E-0002
   2.65565493526261804572907250291204586E-0002
   2.69196694423466071598015147165230182E-0002
   2.72876337412277977931420286818880008E-0002
   2.76605079494854845345327057476976217E-0002
   2.80383586417973486418110457011723672E-0002
   2.84212532788971141196774208005837824E-0002
   2.88092602193155066416880766769762990E-0002
   2.92024487312697827679705515685043906E-0002
   2.96008890047035454894563397615729933E-0002
   3.00046521634785729547612638764014296E-0002
   3.04138102777203978822643756999842312E-0002
   3.08284363763198431399564970593350767E-0002
   3.12486044595895249517413223271771521E-0002
   3.16743895120839630026291864777978931E-0002
   3.21058675155759078314120320921041003E-0002
   3.25431154621975509194922712761871544E-0002
   3.29862113677456734139569479437318531E-0002
   3.34352342851529713239954725890203327E-0002
   3.38902643181269587952631785621765795E-0002
   3.43513826349609170212550234375128665E-0002
   3.48186714825120270169485168303087582E-0002
   3.52922142003575140576452720615190673E-0002
   3.57720952351238575109554868283312565E-0002
   3.62584001549936438673593307107156581E-0002
   3.67512156643915102348967811150990472E-0002
   3.72506296188509560913474699807036262E-0002
   3.77567310400639583123227982015687018E-0002
   3.82696101311152478642539149923296675E-0002
   3.87893582919031195208936504115225919E-0002
   3.93160681347486519910160881389674745E-0002
   3.98498335001955807548193092268294077E-0002
   4.03907494730006103933733887430779134E-0002
   4.09389123983212973641641675987765531E-0002
   4.14944198980963859251895474650856461E-0002
   4.20573708876257524249970814639639633E-0002
   4.26278655923497328102002890148911559E-0002
   4.32060055648300748248566135979223107E-0002
   4.37918937019343909417130788990203652E-0002
   4.43856342622260015856138559641376544E-0002
   4.49873328835610367869125470089954419E-0002
   4.55970966008946693754502576533441115E-0002
   4.62150338642983429878446766002909771E-0002
   4.68412545571898512008877089439253736E-0002
   4.74758700147781155462342729387990369E-0002
   4.81189930427245004396865193656672514E-0002
   4.87707379360224920656660269548356877E-0002
   4.94312204980975569478216918370823864E-0002
   5.01005580601289771770075912825298555E-0002
   5.07788695005954598579973895183094751E-0002
   5.14662752650462806682608184886080451E-0002
   5.21628973860997011802723343599674925E-0002
   5.28688595036704457073984018377347822E-0002
   5.35842868854278819855618258044269832E-0002
   5.43093064474866413308219703357335861E-0002
   5.50440467753311170403945296462336389E-0002
   5.57886381449767710512871247846429253E-0002
   5.65432125443666290111735249363488176E-0002
   5.73079036950088692365702202560593351E-0002
   5.80828470738538282855561110419919267E-0002
   5.88681799354132018168521846807510854E-0002
   5.96640413341227558531722876223459271E-0002
   6.04705721469499601645905980675531911E-0002
   6.12879150962479861874716218915588100E-0002
   6.21162147728574064388086738668477283E-0002
   6.29556176594569309552014330154143153E-0002
   6.38062721541644739174896847078035953E-0002
   6.46683285943897610245963580901821757E-0002
   6.55419392809396695041282135644974463E-0002
   6.64272585023774275594227093281535655E-0002
   6.73244425596367445326206038517458032E-0002
   6.82336497908919070451037697563864537E-0002
   6.91550405966847531120935703901183848E-0002
   7.00887774653094729271608146160290653E-0002
   7.10350249984560587397071143419274030E-0002
   7.19939499371131175982811138434122799E-0002
   7.29657211877309496579903179915999903E-0002
   7.39505098486445010443673640782779691E-0002
   7.49484892367596707019623170951612281E-0002
   7.59598349144986087889034765075690910E-0002
   7.69847247170093266472944564416126473E-0002
   7.80233387796363379491064511838183877E-0002
   7.90758595656553683549397549643788363E-0002
   8.01424718942695228935818073139063166E-0002
   8.12233629688697316849790947744255263E-0002
   8.23187224055559532417578921129795285E-0002
   8.34287422619242375424144367516752767E-0002
   8.45536170661132105651082637692780703E-0002
   8.56935438461147995228792209652508761E-0002
   8.68487221593460522324733890635734285E-0002
   8.80193541224824224327665797246366362E-0002
   8.92056444415518255307095649245989761E-0002
   9.04078004422887829449932153919080445E-0002
   9.16260321007474460511427595973582742E-0002
   9.28605520741739231314001344445834617E-0002
   9.41115757321349416645519874813810450E-0002
   9.53793211879038216054446154050428285E-0002
   9.66640093301004681284168809890380917E-0002
   9.79658638545862334187468172063073883E-0002
   9.92851112966107256102421395681428998E-0002
  0.100621981063209725644940453428965596      
  0.101976705465852541502256982332115603      
  0.103349519753337070210264182914506429      
  0.104740662144930963352568445453970866      
  0.106150373863756880385073367958215642      
  0.107578899170420008840134443177998478      
  0.109026485396875760738291753649143357      
  0.110493382980535697992329110080552903      
  0.111979845498609295534388364635236704      
  0.113486129702679515624135344075349922      
  0.115012495553509666417983028666861932      
  0.116559206256079381904076024843439440      
  0.118126528294847113166048974106462471      
  0.119714731469236836169151870276836307      
  0.121324088929345922365724261292992526      
  0.122954877211872935691531173087022602      
  0.124607376276260738873423044518436406      
  0.126281869541054269233661960511840208      
  0.127978643920469325512386163841515307      
  0.129697989861170276634606822632684516      
  0.131440201379253794661933985964882032      
  0.133205576097437060943103758399624563      
  0.134994415282447487848792758453793389      
  0.136807023882611671077218541211524925      
  0.138643710565643407228091678440695177      
  0.140504787756626987396232333793826703      
  0.142390571676196647915741456392963387      
  0.144301382378910332150963271858309295      
  0.146237543791818873937739457749277287      
  0.148199383753229996794508300787973321      
  0.150187234051670120836987713935752897      
  0.152201430465046069792197380604719003      
  0.154242312800010613622760696512117658      
  0.156310224931538347542355547631599606      
  0.158405514842717722482275711499009192      
  0.160528534664770994735072626803126786      
  0.162679640717311836614639956169076440      
  0.164859193548857724162063846295657620      
  0.167067557977614148745993086303854725      
  0.169305103132553078108852005954124276      
  0.171572202494812752652988156126241747      
  0.173869233939450193767063620161296019      
  0.176196579777583353828599407343743128      
  0.178554626798967067511801183413490642      
  0.180943766315052832494726353076611023      
  0.183364394202591220507872350481636769      
  0.185816910947844208236042501506589274      
  0.188301721691482993581417927379809116      
  0.190819236274258840873650065084300027      
  0.193369869283544613496597213528996244      
  0.195954040100855768429423252708637008      
  0.198572172950473765650055587525047792      
  0.201224696949306910986785074524290765      
  0.203912046158137431057421906706523688      
  0.206634659634418357473666709985676512      
  0.209392981486798052716961512772690164      
  0.212187460931564293716463698344798808      
  0.215018552351215394372610181339516699      
  0.217886715355378861929194110925458126      
  0.220792414844312105926267273453286591      
  0.223736121075232429566165319353082233      
  0.226718309731733873111780418101621336      
  0.229739461996559300801659798385953573      
  0.232800064628002991771671200659847702      
  0.235900610040224308030857058603187688      
  0.239041596387756256174015337708523467      
  0.242223527654492198696306004543309847      
  0.245446913747430338110960383852718556      
  0.248712270595449680301259083992647171      
  0.252020120253379948909256933765489780      
  0.255370991011615178573962861374493910      
  0.258765417511503205955901912147841415      
  0.262203940866723987194261757945374715      
  0.265687108790846913550107951832445164      
  0.269215475731233440061054812076796939      
  0.272789603009426132838857902111668112      
  0.276410058968141048536875105983624572      
  0.280077419124956741677035058589065312      
  0.283792266332773789665935217131267136      
  0.287555190947104487049361674327665910      
  0.291366791000244881292651068623379265      
  0.295227672382384543151716792634947472      
  0.299138449029724517635255929030984539      
  0.303099743119704642619389018584340561      
  0.307112185273490335864569805946990388      
  0.311176414765939253078998436786929800      
  0.315293079743363119981290986734810183      
  0.319462837449522992957802044497805149      
  0.323686354460449166798539469254558875      
  0.327964306928864409565086792257416112      
  0.332297380839212520279429775895597382      
  0.336686272274555763224000066384745465      
  0.341131687696907124882169601002833887      
  0.345634344242906497982131052716319845      
  0.350194970037135317443885688234491215      
  0.354814304525790812083776031562709671      
  0.359493098833907963684259938942046959      
  0.364232116149822162687618174161647436      
  0.369032132141104866980961623510514234      
  0.373893935406774563405733282404126166      
  0.378818327971179262677661019936923089      
  0.383806125825559689015335462847244871      
  0.388858159523925312255112129866162191      
  0.393975274840501188213180775594337878      
  0.399158333496622859740113919986124205      
  0.404408213965560727808073140720937950      
  0.409725812364335329680847004591819629      
  0.415112043442132850839369710059770255      
  0.420567841675438926390333294049766671      
  0.426094162480473260384890543767358573      
  0.431691983553924814297224434639336121      
  0.437362306353357712107280227870086294      
  0.443106157728984803077658780605218161      
  0.448924591718797124477489844306404916      
  0.454818691519305141552758706422627510      
  0.460789571644408256624831036744176331      
  0.466838380285184489721286635655445229      
  0.472966301883708028886069934308941163      
  0.479174559934389244453158539163195450      
  0.485464420026823919955532911997381510      
  0.491837193144772934543990077233773961      
  0.498294239236710680774316022942079107      
  0.504836971074420953527083879457493433      
  0.511466858417425340559891787834946759      
  0.518185432502643138391821113660768964      
  0.524994290880644947364605030679825968      
  0.531895102622214880060911118036271696      
  0.538889613921718015187037504723598684      
  0.545979654127018630736313841469647700      
  0.553167142229449103766912125320335358      
  0.560454093851627668479323044355259326      
  0.567842628775805754914507739474499991      
  0.575334979060936551500613525634833588      
  0.582933497802844472985955976852426375      
  0.590640668598796986673171173468954753      
  0.598459115785502031517267467647081392      
  0.606391615528154356700136686293332371      
  0.614441107847726149914063066879172724      
  0.622610709684352737475813256861142200      
  0.630903729106535454411987435570477109      
  0.639323680789128303088410781427570626      
  0.647874302897878239282097126003875925      
  0.656559575534869630093770316306425197      
  0.665383740917837760120447154119289655      
