   592593.610064465554665210463702989033      
   504504.212836915805524229683611916932      
   320486.634347480887946938443750314921      
   173531.846939466310007576555774875409      
   98450.4746674091496584740274330970774      
   58469.5005856719458739360241211727734      
   30588.9850452684397918348309456888084      
   14112.6117581089998054389440714121969      
   6801.76616929605248166922565744798623      
   3312.15014763677077015063062626220720      
   1315.78485806746855682779172608881169      
   569.839210506326251774857934534889402      
   398.768895596117491282608597578887053      
   205.626917795086784791396360685722909      
   110.337145593944119935558011691471175      
   107.594855401073550318363014542617883      
   49.4990775356882150328618126984430791      
   19.4590234108846259138603808388860994      
   26.7390258192501817764612715887569771      
   11.1555663907805399757655667181422602      
   0.00000000000000000000000000000000000      
