   647.619090425111150938991094714442450      
   574.881906694239227105513294512899048      
   423.394995830926348483777901998034908      
   290.004898385367326708234677845952479      
   192.019199911637935140342494298201015      
   114.981832309973282870947517964891024      
   62.0869763879224998649291073622615342      
   33.4112055225907767593879687763875352      
   18.1810731404722782480079480289791472      
   9.22714803176036793567516643879469905      
   4.93247254992519516740542552393031890      
   3.37921532923828546088498098951109129      
   2.14659196522760015872834228842641481      
   1.25244788605899217404440180242369378      
  0.958525329078209846600274426686682231      
  0.565905646807784316667596396343428856      
  0.241226293071052844477854329735896267      
  0.213912206554001454211690172710055815      
   9.42025606332578931286870078420901882E-0002
   0.00000000000000000000000000000000000      
   0.00000000000000000000000000000000000      
