   24298690542.5500207827915056484508550      
   3352986148.36166461799258594442961474      
   1164356204.76503355970167101827116174      
   374257350.584186071539568869889374965      
   340165126.669442573810510576644529428      
   258268171.286664180676675289588687253      
   183427174.215182072420273138806386995      
   136230645.088140205767686605651330056      
   93827168.4303676809159914445858655158      
   64980710.7776391642975372136232253316      
   42705108.3454916604045043060622302541      
   27239366.1113502674384589438601281574      
   16829615.6010226444229574981386666810      
   9950396.45425369789273769678396010735      
   5820391.55953227237734707291444276950      
   3307250.98010541325176265642689024052      
   1933529.55267599494159464313200748867      
   1163476.41167171684803174233110363378      
   740585.558757573034289506232813006267      
   490805.106284217430389287347710063730      
   317117.893553694722801809628052969778      
   191875.650054758795685951075345965564      
   92798.8952911553742070077893356298834      
   23557.9948944575662898129251207755321      
  -20101.2554870520673882961531336317031      
  -39906.2796974761499591082178990859356      
  -41395.1117173206331503517655241443495      
  -31868.2416140381937573547456257461767      
  -17373.6876849390274363274222324689430      
  -3620.71731848322589601985033208331383      
   6533.75928509280359767252298508372759      
   11744.3580642244606585773934170985175      
   12493.4950775315676279412069683539882      
   10126.7151148391638017457889221574330      
   6258.77193105078769724303520366227982      
   2368.45691538270774940340422941152192      
  -600.277449382776620516223267164937099      
  -2208.10915690862710317520918761427699      
  -2507.60908976688567796312430781302111      
  -1844.80114700945515873452133514699279      
  -688.375799117943495305164013950598136      
   524.445837349251242818411559129753456      
   1476.94534410878398432335054525412739      
   2020.13330310138590958155409491350933      
   2140.90954081302720049441990742400843      
   1926.27442871335290428107857183870698      
   1527.17453802929570413327913210693135      
   1050.15486842414012209224992569378877      
   634.802942719963289715721598765505206      
   326.467928323074296784624058368240374      
   92.6515436101910822693154787665576572      
