   24298475263.0126990903917510623965315      
   3353117842.65016407102704789916941046      
   1164310087.78570496511293825255615701      
   374267539.051465446197459300840453738      
   340168062.773948592831949791857057294      
   258263519.215849737443966824745417176      
   183430394.353405749129914832464788758      
   136228486.735119828290591838556511037      
   93827916.4767150459981649680400385532      
   64980324.1282350160188030761997906521      
   42705037.2191730397424198303535152837      
   27239494.5725688479302421585011404020      
   16829512.5125412596185930204084322423      
   9950539.51201852305857417696862481892      
   5820373.57233405370554976526878548256      
   3307307.06429598782890054078034042438      
   1933542.30104187774374807687575937458      
   1163474.20789947562602167997461705796      
   740591.087397309247380935543932021150      
   490785.794760429505827815994319248248      
   317114.223413914211633273813998229288      
   191861.932032017788145197407243331128      
   92795.1382627113843429005320125386478      
   23554.4851256407547064128305689878393      
  -20101.0000022027412915007133811362509      
  -39903.9910920386186144869683481987677      
  -41392.6321272718330714780375232217239      
  -31865.4682065806578205668817085892061      
  -17371.8580299703504043709170703412976      
  -3619.86272896721642093272438504381478      
   6533.97584075746586933330737385891203      
   11743.6544093518534514474313533992841      
   12492.8476419877343088538789314850979      
   10125.7433340387186651825971613765446      
   6258.26235388193052626677278466290313      
   2368.00267217187001742430090264998462      
  -600.290411260034844548084351802955012      
  -2208.05768762930864419736885914841576      
  -2507.34577753389302648772310742228824      
  -1844.61598001750711060187472481389413      
  -688.162835171140655545344228745411587      
   524.499780891777344705165073638824192      
   1476.98166198094635705207648040173365      
   2020.03969238383023717984469552915892      
   2140.83518632835077840752857918810986      
   1926.14543625910724026224564743050028      
   1527.09808223132975889556929094009116      
   1050.07259579350572041233622714428934      
   634.777699710726687586194754251284582      
   326.428967243002746392020113602520043      
   92.6721707111850303014566983231919836      
