   24288160570.6638615556765329992532275      
   3359406413.85670411115699636942619533      
   1162113139.20076235730419942046686922      
   374759370.998150424469404770696750394      
   340298729.145181744816779002023500430      
   258050910.464494152366916454867484794      
   183577255.167394397411636444984340912      
   136129452.776909696238209327125906179      
   93861604.1552572164315959150739370336      
   64962389.0632569050836428967125440019      
   42701631.8342417061111532410337128380      
   27245308.4890753476424481818017768851      
   16824841.5399041136615121645675815256      
   9957227.47078919298411313684238186883      
   5819559.19071497720713616859823033930      
   3310072.20099164167402486956150558290      
   1934054.60829576919565706441903516351      
   1163512.66646303764536092790380380250      
   740743.057215989049503168246798593249      
   489963.383942333457543586720669829610      
   316863.832459718899638936246987578334      
   191253.716888597617995658587154273158      
   92576.2960086373895156487771473872983      
   23405.9463501505820495027011652724465      
  -20108.3877931660591850096959224871873      
  -39783.1406317061099820397470658345205      
  -41285.8035142855303644875364079613843      
  -31721.8989721887706785242036116328957      
  -17293.3684393092641223137800678970382      
  -3568.70912088076239468827895642217246      
   6536.67028281030136245096647602129002      
   11718.1296205545313669923870716101314      
   12455.4806876703491028235938704579563      
   10084.9383787086710530175764309463505      
   6228.84464740338797006718538026485297      
   2350.17433146024459438332412774067326      
  -604.671916054954376367862680768122805      
  -2202.68988481285377672295895465521307      
  -2497.49148102398716668572780768705098      
  -1833.40320574540990642322693055046477      
  -680.027660157501620852173624933996832      
   529.023712082488524532324596549032270      
   1477.08945349815597981821364242948813      
   2017.12373521808746467355551835407274      
   2135.92819436345523189982306768441488      
   1921.20475248716082820325564486717560      
   1522.31352799449103636030636867752045      
   1047.12612242994668578883862370610113      
   632.624603102477772995505892895994831      
   325.413474538704301477070935158403878      
   92.8372708076386114336386062389237985      
