   24273975864.5773976407114067096111403      
   3367987362.60495184350062799242852160      
   1159133061.90086132154569320482127203      
   375444269.483788607243295181625584588      
   340450567.531829917567021866436913787      
   257787577.788348720729683091151769143      
   183758384.406474616554655363897466616      
   136005339.571756959301811255750458132      
   93902215.1546412772434283795832525794      
   64938959.8803219199834580788835345383      
   42697351.7606927689336333834766356932      
   27251936.9045702729861753440917821136      
   16819532.5450523661631366193336774344      
   9965620.82342750754635884482529640551      
   5818874.22313005416487012737319228922      
   3313833.70924301692538602351518331481      
   1934715.48568668640749032358384373779      
   1163779.56597670605346954003817719671      
   740800.914976160631065695270833058652      
   488987.381148153434245969667573265543      
   316422.620237871428968045101604996866      
   190461.931027110160744524757581552484      
   92242.8686563954119308216389936403110      
   23190.5329769791130588084909990843843      
  -20118.7908146385103106034220865965201      
  -39634.2136055363245530020236470644332      
  -41131.0786880062141886617618998564004      
  -31530.9949076925454707313507571366181      
  -17179.3055402839740221406208089854160      
  -3497.23222268561870319992714015721210      
   6543.08480408030042749697812549555104      
   11685.3115499085191323835510824935660      
   12404.4637877442853683922400573423513      
   10029.3796045591574995814800196703746      
   6187.92441418054706701829658171250703      
   2324.86502468358308101399750233887895      
  -610.983248093811887753333168516176069      
  -2196.24505916059255681454087634018577      
  -2483.75636497843868302410194227558461      
  -1818.46732952115657771540977472534173      
  -668.398360199909988091358358217562283      
   535.132810091941007980273634321101413      
   1477.63616287543159507159878312993689      
   2013.07803071991577481152233969630879      
   2129.41388087321755365558627822934782      
   1914.28767190572336377712778433465626      
   1515.85029338980563376937544292658055      
   1042.90151404851530494802261352714416      
   629.718091113568174741843448627612101      
   323.923484127826461849992541986446442      
   93.0380682683625183400033173946234934      
