   24238962834.9878029330550464293482351      
   3388850837.35966235446899316434890957      
   1151980542.08345017709137140795469594      
   377153104.160297892729346283513842001      
   340720969.619015874523354902656250587      
   257250424.346473600408948511627058663      
   184124777.458204600663289211257798763      
   135745364.456858276635871759033431809      
   93980794.0021352932141983992429555809      
   64885173.1854751545944385996692366302      
   42688762.5277908066892246833993661623      
   27262370.3374311069960931192820293960      
   16811223.7075819922457684789662163714      
   9982639.89576123265349757419838107201      
   5819446.50756409406865100986922946579      
   3322445.42631474183469166499665879617      
   1936690.07198252544516351517875499884      
   1164906.08920166412693187426114488139      
   740678.741224087058921411724214714301      
   486987.504329847969257887662117847734      
   315092.516347287915947495720049794766      
   188608.798653343402428515094412135813      
   91320.2720797411160250104744956987203      
   22600.1573532721502315878602920520701      
  -20154.4537627105792158315711321854350      
  -39332.8704509119036529045219669474602      
  -40727.2663895591306733815182465653284      
  -31083.2167058331998077057737563485286      
  -16875.0561378755077880165627742693619      
  -3315.42179493162432757542509285857696      
   6571.25594122350261600176269514465980      
   11614.1854151814045336958174351385439      
   12280.6097360789076970416956088838671      
   9895.85001342892701473776651929713020      
   6083.79782924669894172143757694924951      
   2260.99725344162266469155408048460083      
  -629.861490676222241916654103061496158      
  -2182.34968539078653866684132327532613      
  -2451.11105958108873470529707758845588      
  -1782.06865438083991285708769724711714      
  -639.328216690579035360110543530418115      
   550.905280922105398668922288317782657      
   1479.68482002491214992056124640622785      
   2003.79229572106637599895657985863337      
   2113.65650137349046887801857653713627      
   1897.32729443545918230995817363859698      
   1499.88785233832502600689618010504535      
   1032.20876566892532805820663569102605      
   622.397750032511154909737266241144252      
   320.150906016198441898444280855706638      
   93.2120605453000295163063180750814496      
