   23995917824.2835397018502560853877651      
   3523475041.58639261139995062151353554      
   1109224559.79381757555598167526519588      
   388257454.241409466708286549808281510      
   341037445.955115293040774754473150943      
   255522817.190098337553268800997532831      
   185237250.607390572951955200998168250      
   134771208.508424921466249969495313899      
   94121062.1172892537086106236146414898      
   64597326.1393254721751329892179620700      
   42624739.4572078295035898887750955235      
   27248749.1342699948120766308866762421      
   16811457.7254743401530676475953908424      
   10045708.5271115675507612883128614838      
   5857888.65486529343426345294459980063      
   3371592.76336147455001872019593224255      
   1962048.33451161531065292818938145493      
   1178877.37298592217116037435834765793      
   741129.143991817749474662086751170936      
   478663.457037993752606623181609316825      
   304056.601084423949614214369196684244      
   177000.703363229918805149143456317218      
   82915.1767198380280697281340873246742      
   17509.6288934657940095702418280099765      
  -21613.3466888818119975794568892860279      
  -38259.7157715624278458714042560675648      
  -38250.4723825006008071983241483486428      
  -28268.4874137074561314631386834120640      
  -14565.8931818466329113024743490034604      
  -1871.68776908588138584493530263596805      
   7055.31621953376082105568803155553954      
   11349.4425116672431765427714364760337      
   11565.0589729324878471186910674262627      
   9050.85591895730828717013084183453701      
   5354.02493546232186828066069670233983      
   1784.00620880420561898130154892207824      
  -821.649034370362095469477535429461917      
  -2138.18641447308180163754580153596377      
  -2262.36650983742272369550537007189213      
  -1547.76438895484371008105677656729415      
  -438.089966357220523916263659837269017      
   671.537439632866746917565558415287326      
   1508.99963578775653425418263914958738      
   1954.58847497779315617882817663721034      
   2015.24278529794709317860434440142947      
   1783.63623312937339580885808522665058      
   1391.89707275808586785053774700217601      
   953.293650130435873828571518716142162      
   569.565788238963832057974416813255580      
   291.310149359170350080100729519925943      
   89.2623097443672257751107631570236307      
