   23667218162.6474891786088871916387749      
   3684951951.22971468537501378053321972      
   1065052422.67339940472384621607816478      
   400257376.502060118439673986271018268      
   340820447.733759681942442849084870812      
   254845097.055454791886739330748456735      
   185588658.496679059636474451239514684      
   134148862.543443443832734690064895726      
   93954909.5393207834292560215040541782      
   64282712.9084661616202793803788992642      
   42474284.0673597152097961611251990181      
   27171749.3069712121840228800349030113      
   16812950.2861952647072437878762797741      
   10096093.1246835006688297361693722153      
   5922752.84716644694083226711847617736      
   3435719.19665640142824251091333361185      
   2009002.63274079502313343970431359727      
   1206450.94259163785048121519291562258      
   749653.060159784241877923869565444974      
   473723.171625612995081152689270793069      
   291604.971464313973559522039107971156      
   162635.562008101909507689242981819480      
   70584.2309797722579650654196580346783      
   9243.92245968849904183086254809241811      
  -25408.4964829020893484895385319139061      
  -38380.0858321979623973408658580741458      
  -36039.9441752352102724706241613090997      
  -25147.9539269225341443020156118328522      
  -11658.9996256318990399505999945922001      
   146.798083489768777067173524694420487      
   7967.75657001381238833360846218425028      
   11289.7086121162700849287053062009854      
   10865.5663616950478252419942862554292      
   8095.07122181027370843140431409700537      
   4463.36716563244346055701813133401826      
   1159.41647577475480156819943790551361      
  -1111.93341657083283928036248756330459      
  -2132.08848755135341241720183733261866      
  -2061.74141514889219530743629961593338      
  -1271.81266022413009196670204257101676      
  -188.687398577433801334033679582071404      
   830.507838693526009381484069268841553      
   1555.82894137132451725234475218209381      
   1902.17795868685408348670992727005121      
   1896.86047850620688036086119844141191      
   1639.97629489834669277135518366427097      
   1254.36980859750279485850579275253871      
   846.999345742891060635647976849172030      
   498.596788259684942817778958499457751      
   251.442668876241685853657175179729774      
   79.2634147535301794498229366003794426      
