   24298689225.8606007353432476305682735      
   3352986953.88353827295658823822061212      
   1164355922.67324377439994847652714143      
   374257412.887109390556204310938546725      
   340165144.655672727768767667642585259      
   258268142.804683576260552819273330679      
   183427193.931398411301140341093181240      
   136230631.874301643345056276868615037      
   93827173.0124208947460676404842855761      
   64980708.4102308833929630570785311359      
   42705107.9113988698499008173686745972      
   27239366.8970589795771298168938652398      
   16829614.9706580670789146906211951907      
   9950397.32882928213105249375693959625      
   5820391.45020310484400081829358796184      
   3307251.32213670172614266248960985626      
   1933529.63166216082340856809075135245      
   1163476.39709067340528616454960720515      
   740585.593559071690657053068843956220      
   490804.987243360463040476979692268939      
   317117.871929948977051418015497823757      
   191875.565424035075137637706309057653      
   92798.8729902058307921668281085691462      
   23557.9728225482157291021737936360948      
  -20101.2533380884450281781740987008571      
  -39906.2662468335081661174666951680734      
  -41395.0960186805669619466989767593669      
  -31868.2251663564991474318254617852173      
  -17373.6759972947977538890214471311256      
  -3620.71257859454351360041671012792796      
   6533.76107758117335474225041394950080      
   11744.3533027557235625842143966133307      
   12493.4915597359526053626107069106981      
   10126.7087410437684046824052245449667      
   6258.76923296376878434386956346030021      
   2368.45373049486118825081891182488177      
  -600.277131032565070724516481160450964      
  -2208.10922936722515522990490140286792      
  -2507.60710008101682034715164706629365      
  -1844.80038533452212841446334699958263      
  -688.374133384216848813187065530021798      
   524.445810986380578463496835474226137      
   1476.94591543764387729467955306834859      
   2020.13238751642095650496162851097574      
   2140.90942276508030956963879630206500      
   1926.27330881988974089044787807954799      
   1527.17439578906738999187722736200525      
   1050.15404523629498850625167558409543      
   634.803103333693300180930075317818568      
   326.467379937646688351244522833656650      
   92.6519752932512672932116179539377902      
