   23370633037.9311933788848583860697643      
   3816256838.98314028037239370437471373      
   1033983758.87106504059609738953622914      
   408915177.094727827302959015792119456      
   340844718.568852221098873716046722158      
   254666387.600279051472798333948646448      
   185652787.003600530650227458072639918      
   133767959.375582651226775950842473009      
   93717269.3612588721569098190826675392      
   64008482.4867286079199966149876963742      
   42300648.0998119259293884566040919993      
   27077749.7928067588780916930227697775      
   16794849.1331838559026204223539392989      
   10127257.0540614593652925755708629883      
   5976730.93442007022835009722467206924      
   3492770.67488583062307915073182354270      
   2055080.69203935781345023352432488667      
   1235959.46870650800794001656362821633      
   762331.304869477940096857760501956445      
   473327.694759523046779875870516534459      
   283262.989091225673184960126704986105      
   151325.625342812839541337605620720005      
   60054.4581894360993842279223573284977      
   1641.85455858722521593471386988760250      
  -29423.8513499951279619838746890861130      
  -39245.2334519091799121989579719380470      
  -34778.6906645506502971801853587186901      
  -22918.7078315862269238879261605225736      
  -9428.74331976182621708885776323751010      
   1766.59936652491800367140048704118676      
   8743.84843848946587214641803998438084      
   11291.5328054040888819403506502970089      
   10341.9088973281915310272143683811056      
   7349.70683311689167659460972877807852      
   3758.39849694160054118457036448244544      
   662.071518119199951332429930783625264      
  -1341.95098827158135846428466795076367      
  -2123.20103796263234231097977510032921      
  -1895.83981771756327506605923037200872      
  -1046.19247176799248711862675325390853      
   13.1839939403121030321292398240718999      
   956.404027982436834882929818161510789      
   1588.19278668767681542143772893242906      
   1852.31106330847285383927606559926994      
   1792.89698918837472615166725144057488      
   1515.44751824114191656076993368780883      
   1136.61584700926383508023198367299104      
   755.245342613177726171175199570107260      
   437.698768917075975053269881822701150      
   217.373972092682315651715987108795833      
   69.3152304357199022276387335335605545      
