   24298687773.4689434908439325082221547      
   3352987842.42428957902706285396462487      
   1164355611.50862819425062400322775586      
   374257481.611332037376294384668409123      
   340165164.495221159581705142530739843      
   258268111.387667201352753705604246945      
   183427215.679334149689103183390237104      
   136230617.298780973449776554252350788      
   93827178.0666237016545859690730566464      
   64980705.7988603403657787458028793119      
   42705107.4325603805538469174229798269      
   27239367.7637385378094916670430515449      
   16829614.2753306453121974655486471449      
   9950398.29354041669963389632498912945      
   5820391.32960299148018043633600460318      
   3307251.69942632029951680543028652781      
   1933529.71878107161067039201754416735      
   1163476.38101591618395834599228530110      
   740585.631939930412180021071099405024      
   490804.855940299505213918306474504291      
   317117.848072570278266371353990636103      
   191875.472074648322471871526145642728      
   92798.8483879405496131156320468248871      
   23557.9484777005450076552645959940461      
  -20101.2509692237566531504790985974075      
  -39906.2514089213580341638501387801562      
  -41395.0787028826429632999814335501243      
  -31868.2070229962159103204454316586795      
  -17373.6631053482900193231859422670357      
  -3620.70735008739639754563825898307059      
   6533.76305497664355278673007769260532      
   11744.3480502349718603423766458922098      
   12493.4876799353154667745076008503337      
   10126.7017096202844432257402563639605      
   6258.76625769760022105447215831235371      
   2368.45021629415519578926140412168129      
  -600.276778672628977654892165020806146      
  -2208.10931064309094045389441543787936      
  -2507.60490386653405089234740512394798      
  -1844.79954674399219520835694166354890      
  -688.372294281092160127626541365136384      
   524.445780115528009497536905406236995      
   1476.94654753955560492532394272399657      
   2020.13137559323233357728547173388079      
   2140.90929461249320441990797205333816      
   1926.27207136696892511832395521980037      
   1527.17424110309553082210291846894157      
   1050.15313492321423348989711580834409      
   634.803282850063170660588849871716396      
   326.466772622031986631207721100973007      
   92.6524539356293594030758105819807655      
