   19919927978.5181318451247451389128465      
   508047459.536468265213899315783172955      
   314001357.275978457999150533189321810      
   149441564.644738616596770882699147122      
   65242779.1399743936223084088771684278      
   31510471.0461163237806095463170240186      
   15837256.7604781471161864540075887585      
   7312119.96683866841223532575984416182      
   3179215.63623688656595307316365706102      
   1390326.13841051441348615031462952424      
   589969.988737909871236144687692496941      
   239817.180527480262541319357552061504      
   116332.811491093274648338775829489274      
   63050.4385293380916897572960399248665      
   35955.6981684842939995796927306016904      
   24692.8780989481021298581479235138476      
   13727.7127446338438417288662620010193      
   7528.63824740242514792745554516618219      
   4398.14363154452692287668226782189192      
   1240.47598909328732440516863545382900      
   100.834397933787637752599798695344201      
