 0.41954493293454E-02
 0.43621582949824E-02
 0.45354685219887E-02
 0.47156440874206E-02
 0.49029593634335E-02
 0.50976994388065E-02
 0.53001605574041E-02
 0.55106505740021E-02
 0.57294894279626E-02
 0.59570096353344E-02
 0.61935567999404E-02
 0.64394901441682E-02
 0.66951830601585E-02
 0.69610236821639E-02
 0.72374154809457E-02
 0.75247778810094E-02
 0.78235469016985E-02
 0.81341758230338E-02
 0.84571358773670E-02
 0.87929169679014E-02
 0.91420284151829E-02
 0.95049997327056E-02
 0.98823814328535E-02
 0.10274745864432E-01
 0.10682688083034E-01
 0.11106826755660E-01
 0.11547805100933E-01
 0.12006291866375E-01
 0.12482982344258E-01
 0.12978599427586E-01
 0.13493894707825E-01
 0.14029649616076E-01
 0.14586676609425E-01
 0.15165820404299E-01
 0.15767959258712E-01
 0.16394006305349E-01
 0.17044910937544E-01
 0.17721660250239E-01
 0.18425280538163E-01
 0.19156838853462E-01
 0.19917444625210E-01
 0.20708251343216E-01
 0.21530458308746E-01
 0.22385312454767E-01
 0.23274110238544E-01
 0.24198199609425E-01
 0.25158982054838E-01
 0.26157914727605E-01
 0.27196512657815E-01
 0.28276351052609E-01
 0.29399067687418E-01
 0.30566365392241E-01
 0.31780014636790E-01
 0.33041856218433E-01
 0.34353804057004E-01
 0.35717848100766E-01
 0.37136057347944E-01
 0.38610582988418E-01
 0.40143661670395E-01
 0.41737618896989E-01
 0.43394872557953E-01
 0.45117936601867E-01
 0.46909424854456E-01
 0.48772054988815E-01
 0.50708652653601E-01
 0.52722155765505E-01
 0.54815618972549E-01
 0.56992218294997E-01
 0.59255255951002E-01
 0.61608165374324E-01
 0.64054516431785E-01
 0.66598020848451E-01
 0.69242537848804E-01
 0.71992080022537E-01
 0.74850819423932E-01
 0.77823093914143E-01
 0.80913413756104E-01
 0.84126468472101E-01
 0.87467133974565E-01
 0.90940479980937E-01
 0.94551777724000E-01
 0.98306507969466E-01
 0.10221036935309E+00
 0.10626928705015E+00
 0.11048942179042E+00
 0.11487717923273E+00
 0.11943921971319E+00
 0.12418246838226E+00
 0.12911412574614E+00
 0.13424167862865E+00
 0.13957291157048E+00
 0.14511591868335E+00
 0.15087911597727E+00
 0.15687125417982E+00
 0.16310143206729E+00
 0.16957911032814E+00
 0.17631412598017E+00
 0.18331670736355E+00
 0.19059748973292E+00
 0.19816753147266E+00
 0.20603833096014E+00
 0.21422184410333E+00
 0.22273050257960E+00
 0.23157723280408E+00
 0.24077547565693E+00
 0.25033920699996E+00
 0.26028295901461E+00
 0.27062184239416E+00
 0.28137156942482E+00
 0.29254847799143E+00
 0.30416955654516E+00
 0.31625247007200E+00
 0.32881558710265E+00
 0.34187800780567E+00
 0.35545959320795E+00
 0.36958099558803E+00
 0.38426369008980E+00
 0.39953000760611E+00
 0.41540316898374E+00
 0.43190732060347E+00
 0.44906757139102E+00
 0.46691003131716E+00
 0.48546185144753E+00
 0.50475126560533E+00
 0.52480763371256E+00
 0.54566148687848E+00
 0.56734457430645E+00
 0.58988991209367E+00
 0.61333183400119E+00
 0.63770604427491E+00
 0.66304967260186E+00
 0.68940133128910E+00
 0.71680117475706E+00
 0.74529096144215E+00
 0.77491411820822E+00
 0.80571580737033E+00
 0.83774299643861E+00
 0.87104453069508E+00
 0.90567120872048E+00
 0.94167586099381E+00
 0.97911343169208E+00
 0.10180410638237E+01
 0.10585181878341E+01
 0.11006066138297E+01
 0.11443706275696E+01
 0.11898770903857E+01
 0.12371955431930E+01
 0.12863983147659E+01
 0.13375606344566E+01
 0.13907607495461E+01
 0.14460800474229E+01
 0.15036031827938E+01
 0.15634182101421E+01
 0.16256167216557E+01
 0.16902939908593E+01
 0.17575491221952E+01
 0.18274852068086E+01
 0.19002094848036E+01
 0.19758335142497E+01
 0.20544733472318E+01
 0.21362497132487E+01
 0.22212882102807E+01
 0.23097195038601E+01
 0.24016795344977E+01
 0.24973097338292E+01
 0.25967572498690E+01
 0.27001751817725E+01
 0.28077228245283E+01
 0.29195659240250E+01
 0.30358769429518E+01
 0.31568353380232E+01
 0.32826278490330E+01
 0.34134488002732E+01
 0.35495004148778E+01
 0.36909931426779E+01
 0.38381460021835E+01
 0.39911869373392E+01
 0.41503531897306E+01
 0.43158916869524E+01
 0.44880594478841E+01
 0.46671240056563E+01
 0.48533638491279E+01
 0.50470688837354E+01
 0.52485409126174E+01
 0.54580941389614E+01
 0.56760556905647E+01
 0.59027661676498E+01
 0.61385802150235E+01
 0.63838671197194E+01
 0.66390114353160E+01
 0.69044136341770E+01
 0.71804907889147E+01
 0.74676772844344E+01
 0.77664255619711E+01
 0.80772068965912E+01
 0.84005122096834E+01
 0.87368529180199E+01
 0.90867618210225E+01
 0.94507940279172E+01
 0.98295279265088E+01
 0.10223566195345E+02
 0.10633536861078E+02
 0.11060094402857E+02
 0.11503920905590E+02
 0.11965727263940E+02
 0.12446254438877E+02
 0.12946274768596E+02
 0.13466593335561E+02
 0.14008049391323E+02
 0.14571517840698E+02
 0.15157910786691E+02
 0.15768179137408E+02
 0.16403314275917E+02
 0.17064349793761E+02
 0.17752363288441E+02
 0.18468478224759E+02
 0.19213865859395E+02
 0.19989747227476E+02
 0.20797395189190E+02
 0.21638136533638E+02
 0.22513354136193E+02
 0.23424489164505E+02
 0.24373043327092E+02
 0.25360581157026E+02
 0.26388732321737E+02
 0.27459193948225E+02
 0.28573732951201E+02
 0.29734188349718E+02
 0.30942473555827E+02
 0.32200578616735E+02
 0.33510572389869E+02
 0.34874604628222E+02
 0.36294907951528E+02
 0.37773799677154E+02
 0.39313683483338E+02
 0.40917050876528E+02
 0.42586482434365E+02
 0.44324648796222E+02
 0.46134311374462E+02
 0.48018322761721E+02
 0.49979626812574E+02
 0.52021258382130E+02
 0.54146342709200E+02
 0.56358094437870E+02
 0.58659816278293E+02
 0.61054897315366E+02
 0.63546810982191E+02
 0.66139112723905E+02
 0.68835437386039E+02
 0.71639496369822E+02
 0.74555074604539E+02
 0.77586027393633E+02
 0.80736277196687E+02
 0.84009810413285E+02
 0.87410674236987E+02
 0.90942973648136E+02
 0.94610868612954E+02
 0.98418571553486E+02
 0.10237034514854E+03
 0.10647050052007E+03
 0.11072339585274E+03
 0.11513343548652E+03
 0.11970506951397E+03
 0.12444279390400E+03
 0.12935115116397E+03
 0.13443473153947E+03
 0.13969817473764E+03
 0.14514617214210E+03
 0.15078346946659E+03
 0.15661486976609E+03
 0.16264523463409E+03
 0.16887949555356E+03
 0.17532264530779E+03
 0.18197974835699E+03
 0.18885594078198E+03
 0.19595643065051E+03
 0.20328649618270E+03
 0.21085148074132E+03
 0.21865678340132E+03
 0.22670784354295E+03
 0.23501011758715E+03
 0.24356904569276E+03
 0.25239000604018E+03
 0.26147825434968E+03
 0.27083884668860E+03
 0.28047654460742E+03
 0.29039570341842E+03
 0.30060014714286E+03
 0.31109303730377E+03
 0.32187674705198E+03
 0.33295275642166E+03
 0.34432158774932E+03
 0.35598280112942E+03
 0.36793506700466E+03
 0.38017632604032E+03
 0.39270403593947E+03
 0.40551549286517E+03
 0.41860820473487E+03
 0.43198028796739E+03
 0.44563086013904E+03
