   19289589887.2483918464555257489600336      
   622033981.220139260743560710334424760      
   369371969.582189153933492942649245275      
   166192175.345612682688893300253082747      
   65277186.9762596856370599621174648631      
   30454223.5828358510627256576831043820      
   16568057.3340706790938372880355294049      
   7666613.49933142995797137244928404789      
   3038143.68923734528868100892081591226      
   1382405.71730073619299569781164640303      
   607019.679040661423766864106985705401      
   185119.146781874351010532513731814538      
   75903.2536277099794794650349830533716      
   46529.7895847151061231674509768856744      
   14591.9009204942044285944997401603500      
   10900.9789884111996916320429835137216      
   11711.5732339394155741104696065840369      
   3196.92649045688070459701968282364149      
   1054.18578458001308046268015128356132      
   2719.04465912594870208194669766440559      
   1281.81214403464675411611592167973556      
