   596400.105480789773269342880728799621      
   502659.347978414897279645676342139237      
   319940.585005112309614442051449597301      
   174328.688041160476096713475758001754      
   98351.0169680139791610724969123032870      
   58280.3621190718291452209947605124038      
   30674.9641405730517569450323515804795      
   14098.8732293217962196669127383476311      
   6823.27845354261478974798040431183516      
   3296.58599839531693146151745880540837      
   1293.65388073005224712439409107298219      
   598.721413263848937053670803216904448      
   388.627278988772319766128031616993456      
   193.903547628093921792673975878412131      
   119.788563076981663659495671322072544      
   103.109806038911920067869526736980776      
   47.1151622114183110135397599554929984      
   19.8273647854826485275223655960115113      
   22.9609056781787214790175708002686495      
   11.3937337044411324894777591396759434      
   0.00000000000000000000000000000000000      
