   24324431865.3085774860510408805390120      
   3169311753.88880847874726674419562394      
   1042160685.90363500405371294953535288      
   210451467.323748355443768017803957646      
   156719120.763319086973305925332910366      
   99093018.6964482659256409453131640027      
   41886597.9338544484840434290650611239      
   25684313.5730448191421117968915844430      
   10921440.7088305231253782485820500738      
   4651871.95992219031584820038096434941      
   2077992.71991650692174506550139522167      
   300237.927094230952876193063560058475      
   152323.557151398540216481969594131423      
  -55398.3814394622838978017222614506445      
  -24932.3010081497417785974303031525728      
   29894.2635183600804783487396214775351      
   10454.7433294455542533068490351447492      
   35061.2917908454895081308749039311777      
   13061.0068958224099807737972864261351      
   10381.0476368410038395620795985724930      
   4283.83003054643428050532559221608672      
