   602881.645843896230542790825079299570      
   409684.780453532109421754913959214274      
   180306.749014849038050963222338206355      
   131775.255247402528220409889634177259      
   96126.1731904189811591543558488395867      
   48191.7157831002826431061089355007221      
   30064.1648104537061111560512430518155      
   14682.4375106414195866080155458185337      
   6092.13596327617363755441857187636410      
   3032.90463077160410162290910569029889      
   509.885956137830572724244037779622976      
   262.250371709155634000696481793645307      
   69.5354046438482467361654482323784354      
   18.5333390257130649367345225932930428      
   165.559225790720216826943218260571540      
   65.0733864144400169768663270355830502      
   105.770995710006134256052508845077365      
   42.7697307124176389762319659942237822      
   26.2987963939399270308765616603322615      
   11.4233772327914469332577465008748613      
   0.00000000000000000000000000000000000      
