   625.751777457311097466615693298406885      
   564.752554785116752010754734784148616      
   426.393902298550521440557466061879714      
   297.485626095946863264937650605747572      
   195.352924308740733241706815344210598      
   119.854659629614057554656241525669685      
   68.5883581735891917323934379474836838      
   39.2589615713701370313224044465307448      
   22.4724936607377930994360570017766563      
   13.0730860782483379027514306257281798      
   8.08635333369376269569233089155541301      
   5.23368259280415239608242291966263536      
   3.27093448413650928987788496468662537      
   2.04902891129974096502747027902303980      
   1.19958125780939932184385175548429192      
  0.612710175565588145595629678003813715      
  0.275593328404983267546254349763940609      
  0.123574983999144676290499203300372093      
   1.81084653301877786048183669900164483E-0002
   0.00000000000000000000000000000000000      
   0.00000000000000000000000000000000000      
