   2.42445446998171521906848640091607446E-0005
   4.45991026338596798783850275227817722E-0003
   4.54062569656221290024919603848713158E-0003
   4.62298872961755826387418898537171178E-0003
   4.70704152620117155548238620352997084E-0003
   4.79282765539251410288221581678687057E-0003
   4.88039214649051107879190200904904800E-0003
   4.96978154587491812322077613102957245E-0003
   5.06104397599236212065605042434011206E-0003
   5.15422919651790790694167866402612868E-0003
   5.24938866774100849160031097626199098E-0003
   5.34657561622230820944116945643394133E-0003
   5.44584510276496133671592850008644277E-0003
   5.54725409274087971761877977353329763E-0003
   5.65086152880861038372945004660001934E-0003
   5.75672840605534914663522471273576572E-0003
   5.86491784959090320900087633241118019E-0003
   5.97549519461621372226540971148554278E-0003
   6.08852806898333182830254189010664788E-0003
   6.20408647825750919369314517133150416E-0003
   6.32224289328532382288754331139520923E-0003
   6.44307234026552998855072986908064345E-0003
   6.56665249331162315016145831158593437E-0003
   6.69306376948698351052477732155283401E-0003
   6.82238942628495446540644850193185056E-0003
   6.95471566151738735907813550016696822E-0003
   7.09013171556611922157502877103231839E-0003
   7.22872997594263909330736988022237885E-0003
   7.37060608409195162975396799928853970E-0003
   7.51585904436749217345936808294029714E-0003
   7.66459133509503180231565514245123073E-0003
   7.81690902163499880914977516834835843E-0003
   7.97292187134471741703885812981618275E-0003
   8.13274347033492532554639236930789512E-0003
   8.29649134190879467082443852437817338E-0003
   8.46428706656677568069382056750922815E-0003
   8.63625640345714894751634600796161517E-0003
   8.81252941315045837303411042813157873E-0003
   8.99324058161625250742074988232376357E-0003
   9.17852894528303471240945403997767808E-0003
   9.36853821706725079582072437093961261E-0003
   9.56341691326469815848915270289550334E-0003
   9.76331848122478380679391962257330777E-0003
   9.96840142762661520699526162441601042E-0003
   1.01788294475375384474043966804846127E-0002
   1.03947715538785831978296704704328365E-0002
   1.06164022075222929331171240318782172E-0002
   1.08439014479270223663184255711985628E-0002
   1.10774550243576999363502389339264000E-0002
   1.13172545277588386027452903410959424E-0002
   1.15634975233806901075561598092695952E-0002
   1.18163876842968351690842048131281789E-0002
   1.20761349259907476463310606521941526E-0002
   1.23429555422294509276886136500383265E-0002
   1.26170723424837167800124467527430772E-0002
   1.28987147911956990730387779278555163E-0002
   1.31881191492357604720558778460887452E-0002
   1.34855286179298240884214310792690120E-0002
   1.37911934859992917804203260618458626E-0002
   1.41053712803289709192725823920120054E-0002
   1.44283269198922266672157253136447529E-0002
   1.47603328748892256700943714203884910E-0002
   1.51016693304744687215291628703967771E-0002
   1.54526243560909768555154073001585614E-0002
   1.58134940808991239629948835707914417E-0002
   1.61845828758724318632490970458263833E-0002
   1.65662035431338381996862343634703017E-0002
   1.69586775131015994542543917882062367E-0002
   1.73623350500049828204776861092237412E-0002
   1.77775154663115500086190343699789185E-0002
   1.82045673465967421566652434710083379E-0002
   1.86438487813552578886102445129860560E-0002
   1.90957276112306760704010222989146510E-0002
   1.95605816821123137061265988938061518E-0002
   2.00387991115176546646493870127809809E-0002
   2.05307785666460720148739237259417910E-0002
   2.10369295544592539142934571311065387E-0002
   2.15576727241200857044526176024986210E-0002
   2.20934401820813610378814163019222954E-0002
   2.26446758201002581849423843160156673E-0002
   2.32118356564270392485884219267465318E-0002
   2.37953881903976134839330045163800244E-0002
   2.43958147706436678291565671262482822E-0002
   2.50136099771224575698321166177130672E-0002
   2.56492820171607631340444000862705264E-0002
   2.63033531357043299201150402979692998E-0002
   2.69763600399651443408928846093557640E-0002
   2.76688543386781190300165774932603369E-0002
   2.83814029960897731150037117700019217E-0002
   2.91145888011124119655338672730419764E-0002
   2.98690108515910090005828425950743358E-0002
   3.06452850541589573461208620117421092E-0002
   3.14440446398716305443048443128057711E-0002
   3.22659406959362416374037542590737133E-0002
   3.31116427138684248744414693904207666E-0002
   3.39818391544374717306058461611210059E-0002
   3.48772380297739662316222517989243439E-0002
   3.57985675031036740163328276199641504E-0002
   3.67465765065022044525651780428955568E-0002
   3.77220353772076011804914046850239192E-0002
   3.87257365129894822791092836774561276E-0002
   3.97584950471386924480143831060662263E-0002
   4.08211495436684114939501246198794653E-0002
   4.19145627133550197773251834573306879E-0002
   4.30396221512827681406530023143635547E-0002
   4.41972410965926462591088729906835137E-0002
   4.53883592151725682987473671669594855E-0002
   4.66139434060631377092194721814631347E-0002
   4.78749886323930723549151963875148960E-0002
   4.91725187776814301111707828385043486E-0002
   5.05075875284270712818719075637380628E-0002
   5.18812792838710488986516071425533231E-0002
   5.32947100939394276541791246443805550E-0002
   5.47490286263488449628545250170814673E-0002
   5.62454171639498032936952206175313577E-0002
   5.77850926333913765518207221487754759E-0002
   5.93693076662556392222382764836058509E-0002
   6.09993516938523622667872613943490854E-0002
   6.26765520769137020827261908727039122E-0002
   6.44022752714739361605943145120410686E-0002
   6.61779280322886664464360165810181457E-0002
   6.80049586551818183463425626288230343E-0002
   6.98848582597819192199226445531841301E-0002
   7.18191621141637547839356766794934534E-0002
   7.38094510029778191099895078491846362E-0002
   7.58573526407108614327155165151414718E-0002
   7.79645431317966984998608543253800927E-0002
   8.01327484793387152712810014372961050E-0002
   8.23637461444655503260702533479322732E-0002
   8.46593666579412826710881471789762261E-0002
   8.70214952862529501925407657262735543E-0002
   8.94520737546484464744837248614782958E-0002
   9.19531020285492856061966162486423099E-0002
   9.45266401563753530499970267564803021E-0002
   9.71748101757110032479514327621863401E-0002
   9.98997980856982530341119092217162943E-0002
  0.102703855888036581567964689956885748      
  0.105589303699455258878169764368454756      
  0.108558531938527269711289229404622185      
  0.111614003589790823087623886028135854      
  0.114758256548484848652004755330464831      
  0.117993906048980034827591042892743018      
  0.121323647180487479230225031571493261      
  0.124750257493745916987926742848391747      
  0.128276599702294024534584843840223748      
  0.131905624482443333255940919775855001      
  0.135640373376054144165024962923414662      
  0.139483981800488909591906834050530269      
  0.143439682170359520174484038156613825      
  0.147510807135757041497380665889573436      
  0.151700792942151291926510992265394294      
  0.156013182917095061412981381904251240      
  0.160451631089372750045886688878487898      
  0.165019905946412387473574610660172993      
  0.169721894335913291502062494880912822      
  0.174561605518212057993038005474425841      
  0.179543175376317434121184350070860973      
  0.184670870790134687751207302217187539      
  0.189949094182914476271702475946008625      
  0.195382388247174944698960465224975296      
  0.200975440858817819011306873422968388      
  0.206733090187537610629798468235930127      
  0.212660330012934033488410846603953301      
  0.218762315255551257944666081912664302      
  0.225044367733082466769909036696780928      
  0.231511982152023709760989374590517398      
  0.238170832345999733658336214130024423      
  0.245026777772114311582791339622307315      
  0.252085870277777026233319240442771903      
  0.259354361150678344628859808074875422      
  0.266838708465499776883420404911684182      
  0.274545584741273787287515552410641649      
  0.282481884924758556171993871921564884      
  0.290654734715070765298340768738084033      
  0.299071499246263049185043565857301578      
  0.307739792145203880092834722707851731      
  0.316667484982893958903975901969801910      
  0.325862717138472832736085122530124132      
  0.335333906096045140179205406016694232      
  0.345089758195491070547119255134973399      
  0.355139279859625624694750171309670095      
  0.365491789321059944180146983419681115      
  0.376156928873645739058185105706461247      
  0.387144677673846309973739896683379062      
  0.398465365120026751922127746156391085      
  0.410129684837655385750376640940894276      
  0.422148709300882039839543124045544235      
  0.434533905122053505011316568676183699      
  0.447297149042085402013897015347204422      
  0.460450744657121315651077592489380893      
  0.474007439917685997072460731320071898      
  0.487980445439317213910619526740409964      
  0.502383453664477214344629573212106557      
  0.517230658919145630487543155827586360      
  0.532536778407826335725578129113926779      
  0.548317074194344794185768862693199293      
  0.564587376217438722122207215851367587      
  0.581364106392636989105714232526302572      
  0.598664303854929593801910292477682619      
  0.616505651398107290399409746215022159      
  0.634906503171501318175648253226270479      
  0.653885913695775835873257095240204392      
  0.673463668263269642262344258327237644      
  0.693660314791780002930264999549430860      
  0.714497197203416864743248639098700549      
  0.735996490404017694853874516700187385      
  0.758181236941863856912053190805674668      
  0.781075385428072680546730908651473900      
  0.804703830805783942541163662510607951      
  0.829092456558106159828400857405476807      
  0.854268178948852671687829868370172888      
  0.880258993397420185631387180555331392      
  0.907094023088242926625521096666406188      
  0.934803569925860481862288833270106573      
  0.963419167946759123282266345281288235      
  0.992973639308583728098274774660883413      
   1.02350115297791229051905554525463502      
   1.05503728624780806231180464826977589      
   1.08761908921837507480116731165039737      
   1.12128515238325387453534649377591921      
   1.15607567746718986194477419115715014      
   1.19203255166922755513654308435165800      
   1.22919942547190545422660359306540717      
   1.26762179418367812450617654929178852      
   1.30734708338788917878202633055308814      
   1.34842473848278954809082299845013743      
   1.39090631850038090374110307285634683      
   1.43484559440298200517105197967714963      
   1.48029865206457340650174134135444488      
   1.52732400015197425318948240330849088      
   1.57598268313107872912010562198201773      
   1.62633839963261068182674596948591730      
   1.67845762642174364529814176177137776      
   1.73240974822766095608290111133758542      
   1.78826719369796506177530090468336787      
   1.84610557775833203471852649327228897      
   1.90600385066442725244699314889344926      
   1.96804445405137873804481295675129309      
   2.03231348429503894310018258727460744      
   2.09890086351732049022932262829778404      
   2.16790051857798092382864646169975302      
   2.23941056841575808187967356164864257      
   2.31353352011278185522296677298886815      
   2.39037647407955192128167935820850528      
   2.47005133876791764346770125228298215      
   2.55267505534664317882677609732807460      
   2.63836983278834043211044964071675890      
   2.72726339383874440512871336321040609      
   2.81948923236364920077004531908480543      
   2.91518688258844272660918587390313283      
   3.01450220077275806848691224683803858      
   3.11758765988426609084512498695872273      
   3.22460265786598525124633796292173993      
   3.33571384011560649965514671283555521      
   3.45109543682585688485103341334415280      
   3.57092961586414290327897046746988200      
   3.69540685189842779543858266136421754      
   3.82472631250870438663407655977513382      
   3.95909626205461012335729579983656631      
   4.09873448410031323301793393185022531      
   4.24386872323019744029427838728534272      
   4.39473714711829922490396179187273211      
   4.55158882974582174038206394425169556      
   4.71468425668652420158339344458081174      
   4.88429585340722535275140763271319727      
   5.06070853755090940833316736503502721      
   5.24422029618756902631666560373333766      
   5.43514278902933837704077213760464454      
   5.63380197861040971325709141353757580      
   5.84053878842666537264067348990256974      
   6.05570979001425911221690694459956531      
   6.27968791991605768373732424386681473      
   6.51286322744017969832481736625922474      
   6.75564365404834754294142988055090328      
   7.00845584512653680909493323052307704      
   7.27174599477554669404850865482741925      
   7.54598072411633661957098021556157099      
   7.83164799342595013778033354182212244      
   8.12925804820132927984645449326823931      
   8.43934439898426587631434665808476513      
   8.76246483446533373119867735066891010      
   9.09920246701166360676610236502292980      
   9.45016680932587031892331763840181678      
   9.81599488043595087976091804002306448      
   10.1973523386291191978356505966498087      
   10.5949346382715815028043144702624793      
   11.0094682066935664217567723570795188      
   11.4417116364566162488045507077594938      
   11.8924568873540012506294983990503983      
   12.3625304914176076386502373558336356      
   12.8527947530099690973745981610993644      
   13.3641489347670548844262757673402821      
   13.8975304187136810532358914812064489      
   14.4539158303043460572139997817048111      
   15.0343221114304909792218671796651895      
   15.6398075265835676572546005824972547      
   16.2714725843500113000417550810475655      
   16.9304608542295422499026467973411811      
   17.6179596563778864389915799297690698      
   18.3352005992445288852472531719829275      
