   570612.322515348673385655263733627380      
   464004.268696469063126881346987490384      
   287747.442965660943245313138858259754      
   170615.336439520068240305748607738055      
   101198.836301415316538862973498031327      
   56287.7152117161754657553053973127357      
   29762.3220453732776370599893319845545      
   15137.1294898065312645963660297814077      
   7387.32484514110538154412349956034839      
   3557.07301581174326429001790057668060      
   1757.46873648237340861859579912434061      
   926.673251793494346934264044702550094      
   532.744824067569232959740663636475798      
   324.839531879955550201369079646671297      
   199.127677872560334849136183817173560      
   116.957047318304179892324955315915513      
   63.1119556197444783862310653641244048      
   29.9571351575779990751669862165109860      
   11.4474540294375501479990151667116312      
   2.68861988301910314441524308948541362      
   0.00000000000000000000000000000000000      
