   24387926450.2665437451663564047292707      
   3303866411.68952631248459879663780241      
   1174142534.96221571796288120082981077      
   376391834.600623537830137407677633861      
   336318515.369643854827725039278392143      
   260321023.671263968621715228538169199      
   183066767.264762173557838739362040127      
   136188298.641394020878729750212522177      
   94229466.1317941173764002346618785406      
   64786555.7090603093188353085955603686      
   42865184.1206275118343540887350418671      
   27171607.3608884709785741590438339025      
   16814085.2947343241144382684644557240      
   9934207.12626155704439006723937822804      
   5779650.70870878703504643568556142354      
   3305714.07381075573498862174083032326      
   1917435.91553134409199151686133836237      
   1168777.29564724818807471218481868228      
   743941.774198158646452973418431672786      
   498128.033498292683998248427887754482      
   324518.198847918120081377076442115452      
   196345.941727709200343504233399421402      
   96147.1104951726417523985525437041487      
   23876.2828336784700598683979708420893      
  -20893.3319025639392727571041636138865      
  -41736.4991575260621124033010896494234      
  -43345.8540338642286541679489338503203      
  -33399.2051621597388838793231671966466      
  -18366.2061931065397029405856663966802      
  -3894.94243796538901194408813223283582      
   6728.11334862353347543708002086319604      
   12275.4961077301900016340179980466635      
   13100.9647829731197627325470249954364      
   10661.3107914217607297624910926006660      
   6616.21905046373041303052127510398176      
   2522.82583488004934524771177687917730      
  -615.672892354793222706481037605778209      
  -2334.98300903306202912909800187801547      
  -2674.22184585171143312774984403398552      
  -1996.51695400212545008206784518059282      
  -787.522336898375417605488300876945566      
   488.160684417915014000452048870309552      
   1498.03787742704012964104281386351805      
   2079.13346400506213879946989128552966      
   2216.33437673262338991447619400812414      
   2000.04997974066902104546749910602625      
   1585.16083121108406087007480520612843      
   1091.23993173972184786266557166254718      
   656.031770532273379043373954994024967      
   336.161891863696355157224263836480590      
   97.2776719071782166960152702487432225      
