   24191204578.0719676669496731387617270      
   3438880884.12108220431925010946760268      
   1117008661.09139385370469701484797024      
   391829348.346439743495790752748850589      
   336125649.607441713464741309115258656      
   257518513.571409159578612113041285695      
   185062169.500725058361212553133697091      
   135129846.156807543800080722869037935      
   94528091.5513633028849813245248200986      
   64745324.8678104161921242677875202490      
   42792499.9083748575797057809497467756      
   27253012.7216192875267279971386067302      
   16779430.0250637771100549692800037753      
   9970859.34103134950057992823612968499      
   5781948.03482558493738246623224540111      
   3310533.46844775094200087830504927484      
   1922521.21050487240548245960449543350      
   1163565.87222728334308016589902035067      
   743545.611619409953955584678803501910      
   492874.714898735875959034530391464313      
   322297.588402618736143557053140028195      
   194047.919331004213529530142084956739      
   95281.6779350344909505335589782180680      
   24076.1828465511775349125545641753345      
  -20298.2815788924805307449957030850790      
  -40669.1456632593676921116839089751234      
  -42494.2232459030428922347601918416673      
  -32704.3699589374965381960772792491903      
  -18043.7966400398346866802173687027250      
  -3865.81126730177312050242127499996066      
   6547.83588946649430528124455639244257      
   11972.8762792435118659340641155032526      
   12807.7643036072888811453348298498776      
   10418.6574845853849860056201139509056      
   6480.52665568963010268118055304170636      
   2479.66014206643051235837606076725532      
  -581.764169391935615907767403974129504      
  -2259.18743970708200986132313282366944      
  -2591.09516336269822579660295439608753      
  -1927.69942229016346188490697994582871      
  -749.093700836021780454402313396198407      
   495.718050497015938432674084413718590      
   1480.44003606278862229589873652402337      
   2046.24957581812167505758008843309799      
   2178.23907296178394584001966406013222      
   1967.93322103358337146588595350561380      
   1557.58765325252990586404057812430247      
   1077.76367797744498917866719156958753      
   647.984155930043492476328864830708521      
   331.700520054233486768555478404466521      
   102.434534194701307496963428199602810      
