   24390266235.1457434864404108161310479      
   3302098215.82628288212570432046643786      
   1175003413.92876904510617647910017658      
   376134954.671800044923064242239025669      
   336313509.276249350509697639631532232      
   260390326.579174432300560376412648280      
   183009928.150374707530857200765515906      
   136220274.464855754083127986182517197      
   94216966.1894693353568933844034299637      
   64789055.1947199723664998406357158523      
   42866467.3512058252399168253548059831      
   27169661.0659145837017720062167267438      
   16815201.2828017314672732550761589036      
   9933762.40995123254561986026249127478      
   5779433.85942989194584569076011963527      
   3306149.57595047615989528289292452994      
   1916961.41425693388880740850225361522      
   1169203.74006672674363733686929800960      
   743674.037367884107810117080804599108      
   498329.224388384000534498324261259885      
   324428.396396608952292866832691734981      
   196401.657126294621438311448773393672      
   96122.5777981958334756448852199511638      
   23882.1672012025601473956619498180477      
  -20906.7627023733913578927511779586752      
  -41735.8560595617548056186425991535376      
  -43357.0049502436977201379296096365786      
  -33393.9823633795845947512136445090304      
  -18372.8849315759437408334538921575739      
  -3887.70750378116158503094970479443601      
   6725.45558398733410109771157736148827      
   12281.1207194412718800160658290019162      
   13099.8942059357738075794285217364364      
   10664.0130394720222533675733809831689      
   6615.19992996256531769672288966862741      
   2523.33317645594006557286465058853846      
  -616.715120393727491965244770203755913      
  -2335.28781638512041132981614832086689      
  -2674.85770340756832035016141679986855      
  -1996.69812966509502992772864721234711      
  -787.615712307282706492821007554764205      
   488.295387044799028629654282369086752      
   1498.27116210803454959042597693827306      
   2079.34020734544370291496403583262451      
   2216.63739230594966945087821662780096      
   2000.08943784613786889022257003460880      
   1585.40261926345864387352918571466900      
   1091.13073291783454771516387497757103      
   656.127581874407532944197903283573838      
   336.127958020852915573999030003406187      
   97.1761268778860205304287146845972593      
