   593700.536621217056075610064693267056      
   501010.032701602141721584839402271587      
   323119.984358937058389388111334191811      
   175081.027674630499677839132620295319      
   95932.9269571071418214331074367883686      
   58453.4912476615036769981783719055282      
   32043.4178988038594205878640127872688      
   13465.9445319113083394308615526179761      
   6283.12676388032086347590355253311084      
   3779.86714622402805605430689308923901      
   1400.56793853351235339512753036875764      
   224.843987371302798167239380458779316      
   442.200620083537015009176064332983228      
   357.140033246438687696642324526880139      
  -21.2249163669316110231010421866713301      
  -2.26362921761332794265259420165622716      
   153.916506615512861404528527527839035      
   3.25942292598826070565468870053772332      
  -114.244737272148540329187122757637322      
   55.2828812804199621304085870529074727      
   0.00000000000000000000000000000000000      
