   646.661743463240081570590226391822175      
   574.185953281030428760945834057068278      
   423.990617818083574138774742213034715      
   286.968189406419710192600846204453327      
   190.549247585242907901655898719307623      
   116.420763704895902510053099650162863      
   60.6526003682173441749932801150731276      
   30.9716493080856107218187956160634741      
   18.7585507133821626745417108402616479      
   8.63164303651113654057113854039019030      
   3.63908212848605045032448326790469060      
   2.40689664302885941437057173875126812      
   2.53984485689301454817353518566176945      
   4.84933359166620009882993956420241377E-0002
  0.476369109246924352592935088395350973      
  0.180559482199792025132039213692423530      
  0.491459970697679872210619049739725876      
 -0.913957898177188322633496982061098465      
  0.466833219701324124656783624002329732      
   0.00000000000000000000000000000000000      
   0.00000000000000000000000000000000000      
