   1.60705164256638865987647904755553231      
   2.76786295149328073164642756381238591E-0002
   2.39606572024358900869068421417816326E-0002
   2.07479056637648395774467951368877258E-0002
   1.79691563947097141603667241574352691E-0002
   1.55641744840942785338463828780110611E-0002
   1.34817126783461261828513380515674240E-0002
   1.16779590789151554428762566004792411E-0002
   1.01153132998460124630109847053266050E-0002
   8.76140818227911397130591432546851973E-0003
   7.58831713703713095634150802183791827E-0003
   6.57190360378950518070636121776310304E-0003
   5.69128087837236035361908213919620649E-0003
   4.92835897790784498422607897835526624E-0003
   4.26746121225511482959304669522414959E-0003
   3.69499749614822498050532341556150871E-0003
   3.19918439236349999167554220283142335E-0003
   2.76980428748588270835507734196200422E-0003
   2.39799746279319515842305818367896882E-0003
   2.07608230825395722303573627229049810E-0003
   1.79739922003342404282464118918652436E-0003
   1.55617652176717862480088533877411369E-0003
   1.34741178793072113854174669912665166E-0003
   1.16677099229885786062531608703647208E-0003
   1.01049995975155780109525919187281269E-0003
   8.75347665796038662827979753956215052E-0004
   7.58499721997375644154977733318067931E-0004
   6.57520532131349398011011592526060416E-0004
   5.70303252771998508833462738664074439E-0004
   4.95026172596816359864627892537507445E-0004
   4.30114996845980018834051487978026428E-0004
   3.74209874317026998923798446436088344E-0004
   3.26136799752826394765924700273641765E-0004
   2.84882373571888957537421030975042115E-0004
   2.49571734832060292373454691439072561E-0004
   2.19448545277703985288007822094943139E-0004
   1.93859948605819320921149583168827872E-0004
   1.72235168423571654204477689639045878E-0004
   1.54074330664254529882146795048570979E-0004
   1.38935639354128389016663851673723035E-0004
   1.26426054646478684306600959995148839E-0004
   1.16187828128827055138910210867969544E-0004
   1.07869470055863109432886635723696689E-0004
   1.01213596626763943199773150833480884E-0004
   9.59038835716199259882317960787896537E-0005
   9.17704377069045010406714271437073977E-0005
   8.85349440043589076671099092840435432E-0005
   8.60340238635521241118619179350689289E-0005
   8.41131565963259986594921488598266053E-0005
   8.26379891174017797387697936870392320E-0005
   8.15208081664657233642485996783611490E-0005
   8.06726265193069346906802569354483427E-0005
   8.00316192073561603006684501430904424E-0005
   7.95677716570418133945049111802233294E-0005
   7.91957920361133895187762333375118618E-0005
   7.89232701675152810007465790764375810E-0005
   7.86642491149626785675061624780347326E-0005
   7.85070317320054241037016191503307899E-0005
   7.84140215543926201681652560650329680E-0005
   7.83199528750044425464182314462861532E-0005
   7.82449243669675015161815464166608627E-0005
   7.81939508022544440218930155831217239E-0005
   7.81506223945126656230511150389145493E-0005
   7.81160499053220179522395379835586310E-0005
   7.80829980288864251983803325703720072E-0005
   7.80418795402705714078228688431821752E-0005
   7.80164223335489059618159449764735696E-0005
   7.80271732215775823459792187773844116E-0005
   7.79717535321935139121989775426083077E-0005
   7.79515807495342893625140193567268127E-0005
   7.79274034036399262780877265920929493E-0005
   7.79251973358975916486007555228947582E-0005
   7.78892811301631960468824227941477849E-0005
   7.78887917100302122304747425224579196E-0005
   7.78374128691460703053117305844633007E-0005
   7.78147078831893466539119379820539870E-0005
   7.77991391977754643332718191843823104E-0005
   7.77810242899969186799016813132855749E-0005
   7.77995315437974566434349033895350037E-0005
   7.77143696776342416327899064026537167E-0005
   7.76981266529362367689889887808324317E-0005
   7.76843715976648795011868437542179003E-0005
   7.76833784865112939569935959464585438E-0005
   7.76686446382091350671988635996354213E-0005
   7.77125940440276986984533778578060034E-0005
   7.77176264597715972012438866554017542E-0005
   7.79055040079377308825770005477810877E-0005
   7.78708293858962650814341556842802631E-0005
   7.80717587970459417154123188676087199E-0005
   7.82762166171604085342568345780452582E-0005
   7.84878718285036580173146346985480257E-0005
   7.89103015302292004763948184778958835E-0005
   7.93398938690289121582995517152754146E-0005
   7.99509352965358848036755940428501348E-0005
   8.06779289939343614515872838613444949E-0005
   8.14107816757651194300871959262897290E-0005
   8.14199234388104328844082867853777886E-0005
   8.09406992931698242734575244118106834E-0005
   8.03765819730507104306336034670549179E-0005
   7.98024331408905343461798468479887703E-0005
