 0.31798875796466E-02
 0.24230102844118E-01
 0.26042248306908E-01
 0.27986016878853E-01
 0.30072178693705E-01
 0.32312188697370E-01
 0.34718247893528E-01
 0.37303370498811E-01
 0.40081456837368E-01
 0.43067371836355E-01
 0.46277029064022E-01
 0.49727480363894E-01
 0.53437011264497E-01
 0.57425242470014E-01
 0.61713237853618E-01
 0.66323619477495E-01
 0.71280690250972E-01
 0.76610564912496E-01
 0.82341310085578E-01
 0.88503094216877E-01
 0.95128348259632E-01
 0.10225193802064E+00
 0.10991134914623E+00
 0.11814688578398E+00
 0.12700188402392E+00
 0.13652294129569E+00
 0.14676016297904E+00
 0.15776742757285E+00
 0.16960267186448E+00
 0.18232819764684E+00
 0.19601100164520E+00
 0.21072313044065E+00
 0.22654206231269E+00
 0.24355111807024E+00
 0.26183990309946E+00
 0.28150478302875E+00
 0.30264939559790E+00
 0.32538520151917E+00
 0.34983207733660E+00
 0.37611895352458E+00
 0.40438450132211E+00
 0.43477787207418E+00
 0.46745949314999E+00
 0.50260192483008E+00
 0.54039078290330E+00
 0.58102573209284E+00
 0.62472155583888E+00
 0.67170930840952E+00
 0.72223755579092E+00
 0.77657371232876E+00
 0.83500548065691E+00
 0.89784240306160E+00
 0.96541753309307E+00
 0.10380892369575E+01
 0.11162431350047E+01
 0.12002941944753E+01
 0.12906889855977E+01
 0.13879081141230E+01
 0.14924688444824E+01
 0.16049279289327E+01
 0.17258846593509E+01
 0.18559841597357E+01
 0.19959209390116E+01
 0.21464427253868E+01
 0.23083546053355E+01
 0.24825234922495E+01
 0.26698829519592E+01
 0.28714384146756E+01
 0.30882728054732E+01
 0.33215526282367E+01
 0.35725345410621E+01
 0.38425724644595E+01
 0.41331252673838E+01
 0.44457650801515E+01
 0.47821862877404E+01
 0.51442152618410E+01
 0.55338208954063E+01
 0.59531260093770E+01
 0.64044197078091E+01
 0.68901707648840E+01
 0.74130421352995E+01
 0.79759066884248E+01
 0.85818642764264E+01
 0.92342602574263E+01
 0.99367056067186E+01
 0.10693098762203E+02
 0.11507649364561E+02
 0.12384904068306E+02
 0.13329774616733E+02
 0.14347568391868E+02
 0.15444021669901E+02
 0.16625335833090E+02
 0.17898216810864E+02
 0.19269918045895E+02
 0.20748287305112E+02
 0.22341817680851E+02
 0.24059703152166E+02
 0.25911899097099E+02
 0.27909188154013E+02
 0.30063251803087E+02
