   1776.35114385881614851383132724714240      
   1688.92116018028780701758276397972679      
   1501.00452536869373875764876072470691      
   1280.30643404058864526041413299753437      
   1038.56508163457840438271426296869295      
   809.953782925762154667381657214721011      
   610.629181865134007150979424557971544      
   444.481471710998541944271426482312606      
   314.084362008075757849774447466613775      
   215.553528894884807399766870836198778      
   143.405270236836486102638870403291171      
   92.1468029381834833072012908877574310      
   56.3642919148919070276893818969173171      
   31.7844171599515606408830853364604570      
   15.1599448108864099991924942776584554      
   4.11377258838159175475314690236459615      
  -2.97486974787998348759273517751465132      
  -7.24885040148692774391121170248688830      
  -9.51868393236560245996729128273457357      
  -10.3834790157039450419933755426078846      
  -10.3050391046267856910542049619556995      
  -9.64170287157668556514892675294082226      
  -8.66461118547160577398941748932587561      
  -7.57005590859216682297547790173345481      
  -6.48622891413932765379543434719486220      
  -5.48715856514130381651240459225286320      
  -4.60477926581920515396844774140396025      
  -3.84406081925538046787083561913352923      
  -3.19430809714716000782918920483458134      
  -2.63944148749457812138587326227737877      
  -2.16323835345821647402058484692868317      
  -1.75303857043492841150292974308366036      
  -1.39978050897517165763120808695143325      
  -1.09783452404530425378348036524014437      
 -0.843233312666374598192674048039861581      
 -0.632833073443657019805850542535355837      
 -0.463075990326841299069298420850853204      
 -0.329884656313529629816206307796976719      
 -0.228406497102637271373269588254872822      
 -0.153496370783142947452564399300455110      
  -9.99197029310259778523471937109295510E-0002
  -6.28537767520560277458543670043932278E-0002
  -3.80400875946241111709565202513857345E-0002
  -2.20063514298918016794534585898437547E-0002
  -1.20253721226456884973816166994318590E-0002
  -6.08080800462927402814127340193362521E-0003
  -2.74208997783164786857763192162851397E-0003
  -1.01888342725580040719591391119304772E-0003
  -2.45001619349473726247869922968735411E-0004
   0.00000000000000000000000000000000000      
   0.00000000000000000000000000000000000      
