   607274.741363738041210886269425017112      
   503282.709259170585646420533329805108      
   315438.426311248473508522274183113085      
   174427.073940527846778482832629290985      
   100027.580059197745321168060209400604      
   57912.6458568603090622789751586207842      
   30126.7463999115449831977446528410170      
   14406.1380170822437127109861343135865      
   6901.76521262993648815188337160838595      
   3134.37024740790475280322414845920014      
   1325.42917675739721044735194014896956      
   632.915944183421841636329271730645616      
   341.294098835330118784641651068797127      
   194.762255111307168193680392005537128      
   128.965690604160503666305723195107460      
   79.5999376900947378572642635412087321      
   42.2671176756869067104173070917414254      
   22.5761742784526172775494984523819784      
   8.69390561663030864583097094833596661      
  0.400914225696641706970364874389706779      
   0.00000000000000000000000000000000000      
