   608355.758917567060294803313827713546      
   409452.574324763947172344169242696253      
   176017.989166322723690542869342228933      
   136394.058302860280058556057559202034      
   93235.8115680622587585982911955209075      
   48801.4010097667124825321565869825185      
   30562.6875863689066166315589650393175      
   13776.2749309141946408922872635259083      
   6835.08125521007828845173312826131297      
   2628.40338384527003622854701882623405      
   655.145127595838746700445473363629820      
   309.133247475003862263846252421732131      
  -41.6414865080500613158123913555626963      
   125.664035684039538116573166657764651      
   77.4556489776675065524502022235089108      
   104.417881860507032553579074421679086      
   82.4788324517506970656685624607143783      
   38.7037609456305917191199773865119959      
   29.1707566176920033275836203733443028      
   1.42760672182881149916307137793370796      
   0.00000000000000000000000000000000000      
