   627.506776175090933243534762842060615      
   563.412962673223876491193673699633160      
   426.502220890258182772906216084108916      
   297.195872180688808798772793664524456      
   195.784624820179130175877954259746284      
   119.238175100644217270341527533445192      
   68.7479764857973245384610238453866329      
   39.1078514745030755009782972715317074      
   22.3249294305062979261175080016584627      
   13.0692628276883203977351450716481846      
   7.95475257151747240135544980796679990      
   5.15354702742270393663410949657232927      
   3.23524477663111957649224378096254225      
   1.95344567719948979143971163828286345      
   1.15988721528150317543684518849388726      
  0.555526765171441322473733787922624679      
  0.234871681786055468982236469221658159      
  0.101505506148815348182554550523744883      
  -2.33988001617941756463526901417286759E-0002
   0.00000000000000000000000000000000000      
   0.00000000000000000000000000000000000      
