   1212261.78803477802979419148949234846      
   891685.172815346918075885922290568473      
   568247.154721376364204386531001263661      
   544404.405172610255147995607263932834      
   456486.799898297427349060155951989663      
   367259.985886015283508738547922245332      
   294149.667339209695936147166670766362      
   217537.676414992571494367523521315071      
   161768.814478718678394316688119299560      
   111647.855384748295317262832043481201      
   76254.0931692956600066446209812608215      
   49036.8400143384319559601022514639937      
   30580.2143629229599275314002852648491      
   18519.8571492269451655721476261620179      
   10733.4008723409544670107578754924329      
   6456.67876480401717440237024856769268      
   3728.40655301070889943811766573360261      
   2412.89360726199559529528998529718999      
   1464.68768413997267523311138946074793      
   943.847726656179599505569320439939193      
   502.407415689144433805483642996225946      
   192.175875595780985998064114618432702      
  -22.9446151941674123271703357039202994      
  -160.291504741730637791697832344777436      
  -190.738955867531219204253385184955209      
  -177.252868073739825969081708523113056      
  -106.391819135924173277708132826693439      
  -37.4706880680503704665904209467330659      
   30.7107199591174249629975078799838691      
   70.8024544565093131863554985293027029      
   86.5476482378740461713630606335410974      
   79.5012959590135145337975732154399368      
   57.0907858616956825897867753340728576      
   31.4593663662788657959717516140152586      
   7.30777306858810275723490526574640976      
  -7.21504668550229547472466474486075569      
  -13.2862854949859274830472440720967760      
  -10.1558351722715926080526104856388247      
  -2.25996770093707359824516285961366875      
   7.69128122857384196811303638404249109      
   16.2702606713659351177356535625092228      
   21.6558643151123125444728486274751527      
   23.2958098063628446128327607068409693      
   21.4715035361314542915265604478390780      
   17.4902808303394661692205662524169789      
   12.5235506498904710691309008635081792      
   7.84318967479456502960985919373602078      
   4.12913591328597291655686287524434102      
   1.68189292340274785596969618085783779      
  0.391239853310735514335443605085849694      
   0.00000000000000000000000000000000000      
