   1212330.42014804664663684923808849932      
   891636.819446710371718675601851910703      
   568263.668192586215567886885826181611      
   544412.883339422571103805370428640016      
   456465.790702415815618489275010804979      
   367281.886074763882018348545905960303      
   294129.993259881801067952020159923840      
   217551.135789003898544577804330386011      
   161759.949389505532657454141156804200      
   111652.311823089386650466440671915671      
   76252.8141565698772937846238915185638      
   49036.6624233971898993594294339943379      
   30581.8974245160485422387617454743507      
   18518.3675428946527964101678354169810      
   10735.1976038533301933144203844607590      
   6455.39685472367906921324080678497333      
   3729.33409517171551930247572705225816      
   2412.21376803259103227207544161146902      
   1464.84922392690907091266576469694511      
   943.678813301472226464122698925196291      
   502.224557536023377206063194350793405      
   192.292943357709057743231397544820711      
  -23.1527077274222157061437904398791952      
  -160.092406253653656870827267434802100      
  -190.854611927040195618753019536584202      
  -177.099655340165054791224263132766444      
  -106.428377978755847466508404042898464      
  -37.4071047994558796363777801679341898      
   30.7069718332944212494502848825961930      
   70.7948281738349284816364570266907891      
   86.5495867533666213001670015382835216      
   79.4652224238029439070677189346032722      
   57.0938555983719219245023494266102351      
   31.4289647318390276541012218425279998      
   7.31419451235235876792100253350691747      
  -7.22797266867683153005013265962967338      
  -13.2779168480718711912276978790545479      
  -10.1565929553221886780525978795675626      
  -2.25403567573407899861413445201514664      
   7.69296575179245500681958637944296043      
   16.2712358919499580280282910973468028      
   21.6546910054915897702456716624284467      
   23.2931441072593464043320513409442582      
   21.4677688333188171836884061572136933      
   17.4871030429720462435488264740730457      
   12.5197589711049724632461919680008050      
   7.84151981229383399608854248255240502      
   4.12685590802654524293095674666462845      
   1.68162790898344206066019041434414814      
  0.390442940252679451459036119350343366      
   0.00000000000000000000000000000000000      
