   1241197.87303424071643458485194536321      
   871232.302675961838338853046613428687      
   577954.749106036819119997576930920605      
   542544.404227677002529624520041410731      
   454480.346205099342835973379812564220      
   369676.317986308027777180609482346575      
   291351.384334515739738094882943811857      
   219113.487899198185267872617442370812      
   160433.877433111000528833525976085404      
   112254.056441086906663391539826818963      
   75996.2071141716235044883058764759540      
   49218.9517300283777022910496024942974      
   30766.3482843003560024272136820994157      
   18558.6057924120951566180901623051715      
   10949.2632529544636812342301782140693      
   6422.18687865057859326396600904429633      
   3818.57502149558675698263911057447033      
   2338.15141856083840250193442971660192      
   1450.15542666321355466701182825190046      
   873.175636787960740847761030380130257      
   458.376792119508263212744519978914043      
   157.628531132730757591129590603897529      
  -46.3655882509355529771798952131225530      
  -157.096851768540494441164575058998414      
  -187.210346924777048966053686291843349      
  -157.143003887821605741373576394969601      
  -93.5166060302178397647582578494396579      
  -22.1080014385503684615789710739319477      
   37.2130201929435135736112007183741965      
   73.2607271759661104801266790524597905      
   83.8579888329116796730027022200284953      
   73.6350285052282313862056047396378852      
   51.1078098247997477978188135793045854      
   25.3846471095509449758973070597981125      
   3.82578476868601831481329693649059700      
  -9.33478306380986260881317842979483948      
  -13.1362927948369573510741580211525501      
  -9.23793815610804868385321990192701084      
 -0.772564439675025231441606262651368328      
   8.82876262798978594346927223945345646      
   16.7732980334219703670517664010619179      
   21.4145853644745386242390342961349980      
   22.3507815152370228614203226056092797      
   20.1687444936875564962333995856332858      
   16.0361675829297792845362486523036071      
   11.2399134531371895789385540243263005      
   6.83830425578238399968452154756936731      
   3.48187224307514639219600184747406128      
   1.33467124220828420621858303403717850      
  0.269288047069679248920019960732685181      
   0.00000000000000000000000000000000000      
