   1212193.70569697646318780602807957661      
   891733.065303295533526411457182947284      
   568231.006670070695688281804223232763      
   544395.626719144725676907661007333299      
   456508.068018063804780679841397469880      
   367237.853659637432644480411690110092      
   294169.527528910125108161361023696047      
   217524.064318665057655522251629025551      
   161777.788197002217134054496229498160      
   111643.320470647955187238749208341710      
   76255.4256250200596718350877886032362      
   49036.9826101919501732627249447381615      
   30578.5603966655388346056554906448370      
   18521.3249879261547635925424814703893      
   10731.6293558612777424795184327618923      
   6457.93584469316743966475358020466070      
   3727.50750600611303373957265118492558      
   2413.54293656764502348812399577558785      
   1464.55682196350918423757431470944596      
   943.984830049146623816348361691097095      
   502.619365822998156199156752074921208      
   192.030739099490181810028391469251620      
  -22.7120438232930675298455861031105697      
  -160.512335913359812551394132452040862      
  -190.604609976049964142534406315972222      
  -177.421521311729473893305440795946724      
  -106.341956818417891640880637387241292      
  -37.5448904642392127624538935530293966      
   30.7236169868785816354575227039961193      
   70.8026306559399068522494403569955512      
   86.5520655870502465189233974893734863      
   79.5319008057620222888015429602421287      
   57.0923393262919374668232335915643458      
   31.4856307898390628667831515888874242      
   7.30486773727322321785647992956917681      
  -7.20523455939894669865914150257038320      
  -13.2919703848548332242602395658564136      
  -10.1573365211865494956092474943793303      
  -2.26395024417821021372439731472981374      
   7.68805571018424308715034398153107236      
   16.2705718549283439175970125679943216      
   21.6560796425349800990947873689437320      
   23.2992123051789167614341200338556870      
   21.4747278363589541820677236047867138      
   17.4937982887700523861206395615460491      
   12.5271448346800834382227438461754805      
   7.84495976500604402143309630867327861      
   4.13139964348285544424677360931267996      
   1.68215455104038906707739486490496168      
  0.392080058063873526486989067044542806      
   0.00000000000000000000000000000000000      
