   1212193.97525895770876385197347548585      
   891732.875851800609207988188237650758      
   568231.070079514934641870734010453538      
   544395.662301755607773406464781947261      
   456507.982853919313896055457201333745      
   367237.942206394389801856793764892042      
   294169.448110265550105913113328588088      
   217524.118824859187864759870859120029      
   161777.752225376922531238876779966846      
   111643.338730740059509322184644034747      
   76255.4201519096257954080357843402870      
   49036.9821803548230047931850651795355      
   30578.5668509984866909720783959495554      
   18521.3192583712947627750901591198544      
   10731.6362890458452282392769089111531      
   6457.93095549257258266115091204816165      
   3727.51096718619135704185427181156327      
   2413.54047134879284394439944715733534      
   1464.55722820911793213996972898458850      
   943.984400088709090388368228484513211      
   502.618416265105433424163423976625168      
   192.031419756858282664201159454392252      
  -22.7130619244166802698832712294636787      
  -160.511371111610853235743730386287311      
  -190.605221739777271537492015088058783      
  -177.420780676300063189305296620123473      
  -106.342217812063295816827351096094342      
  -37.5445390332194668465685103877673954      
   30.7235152007218904868173940047094018      
   70.8026761444602952672266425708157826      
   86.5520068618615678156591675162164004      
   79.5318176466924450337616384419671328      
   57.0922990572964420165453485245056081      
   31.4855587014453038352516201989436173      
   7.30485085861842321146211308920850220      
  -7.20524663482446440343220131312476372      
  -13.2919712636308877501656612188947368      
  -10.1573085138133123962657167455447617      
  -2.26395331193769977402600663495722305      
   7.68808611321436323027150733924358545      
   16.2705559759336635917987113735943620      
   21.6560923481782148405321644124187555      
   23.2991879922584666261392498685653984      
   21.4747250099056086371732541969317704      
   17.4937768960470355776204969872224695      
   12.5271374156798314601038364442775845      
   7.84494820901331869309412799268295525      
   4.13139482878840328003467827925177970      
   1.68215144083935287976161625793336707      
  0.392078627622241879682309927350069481      
   0.00000000000000000000000000000000000      
