   157.992040362871407152604301991188784      
   131.137063528032667238294112791488885      
   102.801190817036444448034172887976243      
   83.5745667289152623139525336820240162      
   50.0949593837009370732205799700787141      
   31.8151892164539512615452412623246334      
   18.5547393927508690480592704410653266      
   7.41535967449404513645814043230722221      
   4.82153969885781470901155359084039851      
   1.21073444035325710780888832077622242      
  0.783539712926129825878674157323966030      
  0.846221150741153479070934351211738845      
  0.214125866152924181262394604186381141      
  0.757014954363491960481998133561582030      
  0.234500044345564029117280111721142625      
  0.341633322967741530017633467741616874      
  0.173962012076665178627118489306054313      
   5.86016035488860668795020575367393037E-0002
   7.08381104992764135280629632918013732E-0002
   0.00000000000000000000000000000000000      
   0.00000000000000000000000000000000000      
