   20423233412.7030662662994927459532653      
   692151487.965220127064085790683234524      
   378731667.227096698652340104429516066      
   180624888.758315816177396824402561557      
   107141833.068669963199997912577018503      
   70838554.7692774885592809230937320576      
   45023090.1412856827899523665537711825      
   28836366.4947039161377538642203254642      
   18279877.7281689234587384627804830308      
   11302566.1207736741337666899035155913      
   6907481.78035918208098525808191970987      
   4153819.96219004856450790954524453857      
   2470669.97575826711269307428707096601      
   1468249.85682831343659799808998096879      
   875337.696078325006594883453163878391      
   527677.179683636815036393231629912176      
   321920.287446609602139476488390283549      
   197079.669339441144320829116642866492      
   119298.902665893197599175945056528003      
   69497.6875271489239753269792623285905      
   37360.7574069900507404528728151038259      
   17003.9680541551957754695390965785220      
   4732.52154992709046454075587484650352      
  -1988.65456068919098091685397729354816      
  -5051.46200840290957856464146465336553      
  -5885.42452414800953257667492378059194      
  -5522.93894264693827546747867347194635      
  -4661.69602727109782322583798688528819      
  -3717.85034460763984673874042289686256      
  -2898.94424970243862869732223856154893      
  -2272.09426864334216899983338478186557      
  -1825.51155397194746351513960819295925      
  -1513.27821599136874064150334039020837      
  -1285.27132696996529831479294788801664      
  -1101.64106869270073274377420601401318      
  -937.956533510317250690103647089702634      
  -783.346047666857372532895528604398825      
  -636.441111821198149432323731776033770      
  -500.563986268582560281223511118436704      
  -380.180819009630584572316313109011599      
  -278.552853394166124472374885014132245      
  -196.896430963206789681711911292292477      
  -134.364195941515453836809126731962011      
  -88.6122739316464283438248267139490100      
  -56.5387551651401340873548828061728460      
  -34.9210276877235636419146019893805565      
  -20.7692611090885733363149548466480624      
  -11.7834070266325122374994417411159397      
  -6.25169064825555670248016095610407155      
  -2.70039578237052682627244436375129705      
 -0.625107719224851679358034170014065820      
