   20416591162.7615508925020080591880973      
   693997107.417039949480841252244273525      
   378674449.708225266094761385111834749      
   180510775.168818217931722729109995455      
   107192860.806974020968881074598068228      
   70819679.3539306067864938061224043081      
   45018656.4302707777646132129158754244      
   28838038.4352785700277525982163392886      
   18277680.4016214070874927236726976633      
   11303352.9845224571970298053372402957      
   6908242.71882697379206957929516805170      
   4154265.44760724731447785187012287036      
   2471313.27941953402560088616860741378      
   1468593.79668182063122242951840913788      
   875566.655488184246253426744587377669      
   527823.407258730617335066416340422678      
   321984.533335167392826213824758434807      
   197125.537588171188867936008364890060      
   119335.002978765693761102509654631348      
   69536.5135992496451299330464922565163      
   37406.5737567741507870933019758412281      
   17054.0747450828497469753400910128162      
   4783.09482026348311602295888624284872      
  -1940.24428435475084985656308619537096      
  -5008.67648558203410215953881874773117      
  -5848.71360835181370077310960017707561      
  -5492.94145590806292742719684594917193      
  -4637.43335028929258176755498507543259      
  -3698.60123102537093968713049189541451      
  -2883.48973204602770341609528933210272      
  -2259.68656419057644485076012941210124      
  -1815.33853156305698377953607946296275      
  -1504.93753304561065709925412950133053      
  -1278.36694415637623280690832008855157      
  -1095.99768440354715259191824155732217      
  -933.376196728222720427668506808955333      
  -779.713977448468178397787350572524406      
  -633.609135818643188874063623705304079      
  -498.413956248398719537989355774962458      
  -378.579063486200077450235946675116906      
  -277.387792624479419738908594502062243      
  -196.062354323385879069381311156282613      
  -133.776934407179699685313755496538947      
  -88.2043668057268123128790747782688900      
  -56.2586761649634070793562775494874185      
  -34.7315934052495738329630732376675930      
  -20.6456808285473919902518491518904304      
  -11.7062251152602423726406269420279967      
  -6.20508492742576975544103983338568812      
  -2.68159583342313283841545758359312235      
 -0.623319824993062579319726443726423298      
