   20425302586.3152527573617361254821424      
   691575670.621053402771679951541495829      
   378748741.800388775742345016757322871      
   180661331.723320699135301143438515256      
   107125547.700422131184061197244671375      
   70844537.2810510727209277247650342883      
   45024480.0695878471420185127782181386      
   28835821.8232824648973929986737938159      
   18280558.8933809985790299083540752114      
   11302329.0198692177519569651853798973      
   6907230.29283965133724128224514033850      
   4153690.78958467676664283407758675998      
   2470464.12214275083255820964701612818      
   1468146.72673121094913670405057858580      
   875265.205406141767759470620229282536      
   527633.658705637258181357052539435041      
   321899.584136387237907588938766896636      
   197066.611795516664738057706420857597      
   119287.067280416098458982557182784818      
   69486.2241483239510161202006058263682      
   37346.1206938821734030574599142652649      
   16988.6741863598928400146008285043049      
   4716.59110872104074039231276166048224      
  -2003.54093987112909647713365572250198      
  -5064.85366376806209131628907922922787      
  -5896.72649259302680503963673287937196      
  -5532.29267681540554450452793209982828      
  -4669.16797408385050806632826926943638      
  -3723.83772373004709639401152466257465      
  -2903.70971050774542151318749306942901      
  -2275.94796432589768803261205279130117      
  -1828.65603884640465531795641502580264      
  -1515.86593070595372006749576515341238      
  -1287.41091658166109403321934575400210      
  -1103.38932946563198762032119610424903      
  -939.378820989232005746530889801358574      
  -784.468554834769086095502757183303999      
  -637.322229538909467482318678332184371      
  -501.226038742482799187863022483284329      
  -380.680736145106313809511798330176153      
  -278.909552147698381541817708008180706      
  -197.158392444872704893263210367190912      
  -134.542270461745048558108573519148861      
  -88.7420218944689186189335170667765484      
  -56.6221764119203087098735830108268061      
  -34.9828201567928934729598657692962831      
  -20.8046396701558658435434325492640242      
  -11.8100682343820755045790108392277415      
  -6.26360140131196090628109983236083310      
  -2.70861782818965136516731650626132432      
 -0.623344718709834677032191204240701468      
