   20425164173.3165408819557480953518534      
   691614201.504536657166632869178447980      
   378747611.246782218687121652448647419      
   180658880.216539016015394922863025031      
   107126643.151766644891220367077821846      
   70844135.3801521344297844516683145932      
   45024387.1092953980096222409664717681      
   28835858.4825555789770986786949250915      
   18280513.4998602704905890925125775438      
   11302344.6509734553067953790594571728      
   6907247.42595560025536822685521632515      
   4153699.20634014023559906107097740089      
   2470478.04147169328313572266467143555      
   1468153.50780694880022581889813527552      
   875270.121204201113944901628795488337      
   527636.497187388740880211047396066096      
   321901.015870676684331014790542305556      
   197067.435496039351595136828328785819      
   119287.894712880516829827086595119347      
   69486.9585065832235852098021609056322      
   37347.1249374298373593850118309061388      
   16989.6756747055618616572824214946086      
   4717.67377807762994618329381584396974      
  -2002.56036482947898528248747633693494      
  -5063.94640778485359456434112548574662      
  -5895.98143765594159176564975395585371      
  -5531.65922048208010454903560733449543      
  -4668.67592609263831609370616232660881      
  -3723.43184985416943742129486648171765      
  -2903.39631850816284925650759502317567      
  -2275.68642477032255839491550039674120      
  -1828.44936763558843709751089058310066      
  -1515.69021802870604538152876674168420      
  -1287.27027453798108473520413703991454      
  -1103.27060871424416869127188734997270      
  -939.285332967960195699666966875356333      
  -784.392304358763217006199507177207511      
  -637.264356196792156132009697065624611      
  -501.181027203195055725434700840461574      
  -380.647942411346928044718348155059205      
  -278.885276527096911214032555891691339      
  -197.141215593472106162773248693966517      
  -134.530163416746619894561042980696420      
  -88.7334770353766128630587727089213912      
  -56.6165581097378428556484003180586831      
  -34.9786737030400290720276230946760085      
  -20.8023471985540165649155242517726564      
  -11.8081712960293298933609403490178959      
  -6.26295709817357197091594924276198569      
  -2.70788663538715111650342412485047130      
 -0.623669837578154327006000307377079509      
