   591996.707751311173958648466322334669      
   502151.974895330408622895164543375629      
   323030.365145640537350062033545632662      
   174820.554547779370494883928780376993      
   95989.0258294727714506946648435683404      
   58631.3258839589876833916971171326969      
   31974.8868331333063208674148866128957      
   13435.2903450560934173611499588585049      
   6347.66389060507463768115350640682355      
   3813.42347459051928753491937088920193      
   1375.01727838149387052467801337671592      
   252.025836432194284246608693519019855      
   476.123282584391440386650797752946200      
   359.195778097938676846391793185313248      
  -14.2940362698129496707575797842683646      
   31.0342697181693464641082209638210958      
   169.537106246311000565392196882623908      
  0.571113044316968634877933271262239242      
  -85.9029685755317055784375752167172093      
   82.9526664849882392023074529023847866      
   0.00000000000000000000000000000000000      
