   647.234953876560813354762454012775970      
   574.440051914145245428811192561872053      
   424.057452864928226856550866413948635      
   290.035284907631985591420073010732354      
   191.509175330133370290853441489301208      
   115.173739131994116278407977179949025      
   62.0743067747360808231140121061477140      
   33.3575962136745143324970851625021255      
   18.1814309432407890815265373449880105      
   9.10522288201723385597862377035533765      
   5.00145233670631869176298339639917229      
   3.34991530166084287203641112573721512      
   2.07112189642694584245346875798171611      
   1.27215942756168301902759388110228358      
  0.949359592228852767028680692147955676      
  0.528914555711791177265850553951015630      
  0.253140497246040637296086861264836680      
  0.188750178059748809682643479707212960      
  0.105785952308776494473422766627883933      
   0.00000000000000000000000000000000000      
   0.00000000000000000000000000000000000      
