   554173.359352141789234249116265232017      
   462245.421262135566666728541405036349      
   291046.181445792530552303035538603220      
   170324.949730336025404025331114981003      
   101454.161972333622064922476164534256      
   56693.4368971980789539949182490712817      
   29767.2505119861798292957685705640780      
   15156.4191970993448336238231495553753      
   7383.52272310186687096008384793676776      
   3538.93818206791398642489283551041739      
   1756.70878156584277933667787871442478      
   935.383765071915676282785946237229714      
   543.312356198651484592056900991253914      
   336.402950602215174215485821346942227      
   207.957353279488050523977291478212667      
   122.708707690639526878381653643868366      
   66.4086104313885868051745824139895105      
   31.4701813258791518099064754220164161      
   11.9118469630903456730234208109518001      
   2.66311077991983726721985579023731076      
   0.00000000000000000000000000000000000      
