  0.270177215122136999646032515370392648      
   1.12173754508132126579966788485475000      
   1.13679738778353999461261201954173514      
   1.15205067447194350965692417505447767      
   1.16749994910733218546687886923527119      
   1.18314781628010026176884756522708133      
   1.19899694053320414286505050222517254      
   1.21505004566720802329198151538556733      
   1.23130991403914512730597225527224322      
   1.24777938586589400856477516482648017      
   1.26446135854166885228792795159502533      
   1.28135878597809551721225571619640412      
   1.29847467797422132267605809165176695      
   1.31581209962271142110885998955781288      
   1.33337417075743801757786389750307366      
   1.35116406544668588425177342726368536      
   1.36918501153528930365348653600287838      
   1.38744029023818855459917772595853121      
   1.40593323578715173949673919535295768      
   1.42466723513175074092286378925539913      
   1.44364572769510673276953611958413448      
   1.46287220518442756221686894882907668      
   1.48235021145594179535938443869099246      
   1.50208334243348674534399419429487777      
   1.52207524607972431581485744564612870      
   1.54232962241873268919981276144699035      
   1.56285022360854744426326927293774366      
   1.58364085406209642963837262701135401      
   1.60470537061488275929037698950770886      
   1.62604768273771411154267300084843823      
   1.64767175279274901074026974909538468      
   1.66958159633112731196863997693862636      
   1.69178128243046852347332798244337490      
   1.71427493407055417891309061156515525      
   1.73706672854555594729351847153294199      
   1.76016089791122669688080282148073116      
   1.78356172946553485476691043109598100      
   1.80727356626129102680761567694553235      
   1.83130080764938818639190326065009050      
   1.85564790985135131649651852063360535      
   1.88031938655996796433876375202104280      
   1.90531980956684673249136876007153195      
   1.93065380941582547022179410009106995      
   1.95632607608122419790183461449642341      
   1.98234135967000909345699512574641819      
   2.00870447114700281308536216815595314      
   2.03542028308234273197628858493217268      
   2.06249373042045218362703919770658114      
   2.08992981126985032891916411297930455      
   2.11773358771318383704618990006307022      
   2.14591018663691809565613309417048687      
   2.17446480058017721091834797069565782      
   2.20340268860227066321836123617705646      
   2.23272917716849022733137655635231048      
   2.26244966105380374099857470232306364      
   2.29256960426411261923650707902660558      
   2.32309454097477777835799402444809268      
   2.35403007648615397402528261860570261      
   2.38538188819590559487449264984244450      
   2.41715572658790781126828860808565665      
   2.44935741623756578055503903269239629      
   2.48199285683341147655202003799441188      
   2.51506802421486275933226503326173336      
   2.54858897142605264528180435129961287      
   2.58256182978565848578302594625613186      
   2.61699280997268101985111173429970430      
   2.65188820312814213055568356944300809      
   2.68725438197268770080185879504330444      
   2.72309780194009831944603890395896169      
   2.75942500232672581696120320900571718      
   2.79624260745688778897137696868971722      
   2.83355732786426546895377197371129885      
   2.87137596148936260641658018557261547      
   2.90970539489309445737284456169289116      
   2.94855260448658665896371277689981777      
   2.98792465777727369438184294285056472      
   3.02782871463139590848152017827669906      
   3.06827202855300265551470052921436491      
   3.10926194797957719148088273037305043      
   3.15080591759440640445346414463395926      
   3.19291147965582544346877865883263148      
   3.23558627534347379369809312683519257      
   3.27883804612170538330706187976221077      
   3.32267463512030092365595022873230904      
   3.36710398853263590477015019026793154      
   3.41213415703146251543096305483213517      
   3.45777329720246825270500788457873388      
   3.50402967299577814806396999297531506      
   3.55091165719557138331505284480926784      
   3.59842773290798661440199909299280192      
   3.64658649506749357805724776923812091      
   3.69539665196191153697336688821009262      
   3.74486702677625783377448981437927554      
   3.79500655915561228131433846309501555      
   3.84582430678718532405074200603089442      
   3.89732944700177986849314383947549038      
   3.94953127839483840480344017978211782      
   4.00243922246726853019248859290581567      
   4.05606282528624124031137878495433297      
   4.11041175916615737883330308539815528      
   4.16549582436997842826624627385475349      
   4.22132495083111838614076021612236074      
   4.27790919989609379852661535325883418      
   4.33525876608812911485280294413028889      
   4.39338397889191438082626612776943485      
   4.45229530455971189555764591084432715      
   4.51200334793900781961603816396731590      
   4.57251885432190382658071065049570675      
   4.63385271131644273480967506959328757      
   4.69601595074006063080880721597598621      
   4.75901975053535629210605276249729733      
   4.82287543670836672640143800149712972      
   4.88759448528953535458165047625845470      
   4.95318852431755676670157524694803940      
   5.01966933584627906008181593233359937      
   5.08704885797484151420020374878076083      
   5.15533918690122175407902516981625997      
   5.22455257899936258747183678251702602      
   5.29470145292004435544349316596936130      
   5.36579839171566389403838376671716974      
   5.43785614498907604874985363541970513      
   5.51088763106664809449069257199913117      
   5.58490593919567137169278759998189451      
   5.65992433176626793288370349233294545      
   5.73595624655792298129047399896992742      
   5.81301529901076635019536381192263833      
   5.89111528452171819415914851889315189      
   5.97027018076560541478171465308379846      
   6.05049415004134609699105008180028829      
   6.13180154164328935814334806452665270      
   6.21420689425778748145098807712069619      
   6.29772493838506598473573551297126425      
   6.38237059878660704631938826492735757      
   6.46815899695711503470718756952433046      
   6.55510545362352734517799336197867658      
   6.64322549126782933824870889611648799      
   6.73253483667597118690285700814836405      
   6.82304942351276716582985993010413547      
   6.91478539492070249416749852990464059      
   7.00775910614553993244057788697917615      
   7.10198712718643887159662033270675182      
   7.19748624547138251627155173366823152      
   7.29427346855765066460819786830098129      
   7.39236602685720140622888450988258467      
   7.49178137638680116873260577810606303      
   7.59253720154271731619819035475145865      
   7.69465141789976087628439481069782810      
   7.79814217503443887825488333518303987      
   7.90302785937206320494922349959415366      
   8.00932709705681189182985057722836890      
   8.11705875684616623285564386073878701      
   8.22624195302700960054369812642737393      
   8.33689604835474799541973985522573754      
   8.44904065701426911718362144732881831      
   8.56269564760246169016134540861820695      
   8.67788114613164652202544551308119896      
   8.79461753905343963449590700012771479      
   8.91292547630239074858026094929479177      
   9.03282587435862358329790726553108762      
   9.15433991932942428047268142336452747      
   9.27748907004731922571610643073857494      
   9.40229506118607012188462893711304303      
   9.52877990639197918739198053904653550      
   9.65696590143023819814878923988787859      
   9.78687562734517871698702218844976412      
   9.91853195363332701774000786727776000      
   10.0519580414280937319607010357465477      
   10.1871773466948502828884446326698043      
   10.3242136234350620552474976549049139      
   10.4630909268980693287674751513279793      
   10.6038336167989903563233220997174296      
   10.7464663605411822081143973249949694      
   10.8910141364415260123035886313321559      
   11.0375022369567543213865049069568059      
   11.1859562719089027151388332586833546      
   11.3364021717078603586300482352492331      
   11.4888661905688734792148593694324282      
   11.6433749097227297967091769564966229      
   11.7999552406162198900581632424272211      
   11.9586344281003330103785109776946919      
   12.1194400536034995433584220453378107      
   12.2824000382870408782609682958624443      
   12.4475426461798254887498508169473177      
   12.6148964872889667052796079168273849      
   12.7844905206832183327171738160710714      
   12.9563540575455429402704698067529836      
   13.1305167641911342751915898505103348      
   13.3070086650469727711956810342643021      
   13.4858601455887842879825371698608869      
   13.6671019552310468264530182237481895      
   13.8507652101654598176994422394005768      
   14.0368813961430537494175506976091202      
   14.2254823711948430512089297982683182      
   14.4166003682856902747043707673538195      
   14.6102679978957321358935179236159862      
   14.8065182505234741119098421685454133      
   15.0053844991042905345836039130498305      
   15.2069005013378273017145849928718435      
   15.4111004019173590548134087569526414      
   15.6180187346539348555171438236791634      
   15.8276904244876631618665348473846009      
   16.0401507893781641006165528385208877      
   16.2554355420657948452981773797961155      
   16.4735807916948381097033925000435991      
   16.6946230452893897734024634602279493      
   16.9185992090722453538306521131582462      
   17.1455465896166085077408534749958368      
   17.3755028948196935191125601406325727      
   17.6085062346875298218339607892447638      
   17.8445951219186609440241497285308478      
   18.0838084722741922881127374438718259      
   18.3261856047222400868696260937228151      
   18.5717662413419808219205979101079956      
   18.8205905069737545120233813670822769      
   19.0726989286000365110891656448444537      
   19.3281324344415865470768096140612714      
   19.5869323527525527813362127920476612      
   19.8491404102967901936012623002676837      
   20.1147987304878293224152382073751721      
   20.3839498311737344964126093874853609      
   20.6566366220460532548517088519290162      
   20.9329024016532488252302098416860017      
   21.2127908539961345893812446381376656      
   21.4963460446827687643128215143177394      
   21.7836124166188924174276514292221256      
   22.0746347852089435692856309486814641      
   22.3694583330414515613343160726790643      
   22.6681286040314268623360357781968260      
   22.9706914969910642801831671253192292      
   23.2771932585987304129145402411733248      
   23.5876804757348125767729921766514573      
   23.9022000671515348932600292904791685      
   24.2207992744423425630696557106920739      
   24.5435256522748500616145171769270484      
   24.8704270578495013577532602658027046      
   25.2015516395450387666030282641931830      
   25.5369478247087021112821561985476005      
   25.8766643065488793099612930262566693      
   26.2207500300844320242943824677747645      
   26.5692541771041475381570205187390456      
   26.9222261500861579103059869680361662      
   27.2797155550265251691446661065121662      
   27.6417721831225474127423335057660515      
   28.0084459912545093537590665145300818      
   28.3797870812069189398948783656749340      
   28.7558456775675100856363833563003080      
   29.1366721042395858343878303412582712      
   29.5223167595002916100258515635823911      
   29.9128300895343819608175820567147577      
   30.3082625603698702757400478879088542      
   30.7086646281385940006335251018524159      
   31.1140867075811804955632410173438663      
   31.5245791387126989003244635705444214      
   31.9401921515605502345241602366848817      
   32.3609758288833972853115834925396307      
   32.7869800667748445529280203925202647      
   33.2182545330517245479660405926132562      
   33.6548486233222264961882773925719264      
   34.0968114146243200433828599236747341      
   34.5441916165203443035236283710515076      
   34.9970375195277715945504843813484537      
   35.4553969407617320837942462657381123      
   35.9193171666584352513029686550115803      
   36.3888448926433754254924376566156880      
   36.8640261596016475598209356160459549      
   37.3449062870013912828922403762197865      
   37.8315298025151088438630123593672714      
   38.3239403679758891075503337540156249      
   38.8221807014986877442719194327558028      
   39.3262924955891619650663560396154335      
   39.8363163310543617513383691910288125      
   40.3522915865211973261140239175159894      
   40.8742563433597709321035788731436787      
   41.4022472857995747424303650411129455      
   41.9362995960167907796862796988059588      
   42.4764468439603312340762209503190433      
   43.0227208716744403057006337829849072      
   43.5751516718632796499776591043931694      
   44.1337672604319647661493426464803863      
   44.6985935427255112352339161923099129      
   45.2696541731736634445715076067329836      
   45.8469704080362010619516479491930320      
   46.4305609509276483478182238119978735      
   47.0204417907847568460003194528168653      
   47.6166260319235137638251746969920409      
   48.2191237158135632478353060345020651      
   48.8279416341796078389300610136661450      
   49.4430831330175373098127343197263031      
   50.0645479070916967450722181025742392      
   50.6923317844548418049786911020759599      
   51.3264265005067161069993338554349400      
   51.9668194610789292907321181702227195      
   52.6134934940031716489685688365941002      
   53.2664265885862186110501581418885922      
   53.9255916223794016342570868498647842      
   54.5909560745897125510047107383156916      
   55.2624817254369342136643817168142182      
   55.9401243407129219039486650753882161      
   56.6238333407469583635264935771333961      
   57.3135514529234459418477247871541785      
