   7.69975629753055431175409312531387960E-0004
   3.59890158395874712630150272567558767E-0003
   3.65868028261517051269663470651208099E-0003
   3.71930240943589606904139745205668879E-0003
   3.78077297984147073009713599812413199E-0003
   3.84309732967736489903830557571246497E-0003
   3.90628112565536401846057191010943104E-0003
   3.97033037353046642158430814966908283E-0003
   4.03525142418004647127997851732444150E-0003
   4.10105097776858287418835095884778786E-0003
   4.16773608619120620877802121921539317E-0003
   4.23531415399345315073077678368480526E-0003
   4.30379293796376616415214292244187176E-0003
   4.37318054559030673042271004550067130E-0003
   4.44348543256539862500282598410983784E-0003
   4.51471639951017663319669341455130939E-0003
   4.58688258807950558008639111186328712E-0003
   4.65999347659359056418083394192640666E-0003
   4.73405887532846729614944520406020841E-0003
   4.80908892158319583350846974279523648E-0003
   4.88509407462744842909040157278048744E-0003
   4.96208511061956803852066024455911957E-0003
   5.04007311757229048736998026791738884E-0003
   5.11906949043131867020464920871510438E-0003
   5.19908592632090525673908976944540198E-0003
   5.28013442000058985270910118230806591E-0003
   5.36222725956825949592765251109374759E-0003
   5.44537702243674133645295328778905206E-0003
   5.52959657160415525055401289848648278E-0003
   5.61489905223219837334053389086472644E-0003
   5.70129788854133897910157362357399217E-0003
   5.78880678102749338208170198990562605E-0003
   5.87743970400107322180367980550015928E-0003
   5.96721090344624796674443595782221890E-0003
   6.05813489519579674573590327034409154E-0003
   6.15022646341495584369810684001094585E-0003
   6.24350065938613868686982507824876149E-0003
   6.33797280058525399061046855017278377E-0003
   6.43365847003952014735189288976625523E-0003
   6.53057351595612040705099756642250689E-0003
   6.62873405161071959942039138168733380E-0003
   6.72815645548472979011093437862547071E-0003
   6.82885737164023481656104441363835829E-0003
   6.93085371032163200848697113849292914E-0003
   7.03416264877329754574249047373829890E-0003
   7.13880163226290752100019622613400552E-0003
   7.24478837530043086853244246645084269E-0003
   7.35214086304323687224269607651763626E-0003
   7.46087735287821557630462161764114916E-0003
   7.57101637617228298559944555411068982E-0003
   7.68257674018312536417343102802101509E-0003
   7.79557753012252082646108860652511919E-0003
   7.91003811136505588345626951196694425E-0003
   8.02597813179552501391620628923415609E-0003
   8.14341752428875909491514316660055354E-0003
   8.26237650931607099487012920297698803E-0003
   8.38287559767293184498976386036080559E-0003
   8.50493559332289816999170239988265060E-0003
   8.62857759635319735284014616904185654E-0003
   8.75382300603774642528065338603735957E-0003
   8.88069352400372685134364814204863327E-0003
   9.00921115749816597654159882059695228E-0003
   9.13939822275128453971199312171443092E-0003
   9.27127734843365962185845175355995061E-0003
   9.40487147920452428477810968146366401E-0003
   9.54020387934877965950185344546312083E-0003
   9.67729813650053316095539148956825193E-0003
   9.81617816545119864212450594104121901E-0003
   9.95686821204040148335343576042672546E-0003
   1.00993928571281246652340021324900118E-0002
   1.02437770206467116105467874424622188E-0002
   1.03900459657315087966315588574638549E-0002
   1.05382253029290866077048922375890911E-0002
   1.06883409944821213501954236909970324E-0002
   1.08404193586901555078904433064811113E-0002
   1.09944870743455778427705057007869690E-0002
   1.11505711852442804744459367236107942E-0002
   1.13086991047705572262640689632797323E-0002
   1.14688986205559068404612523679409415E-0002
   1.16311978992114967087974820780733450E-0002
   1.17956254911341279971638516065735796E-0002
   1.19622103353856219654534248492421403E-0002
   1.21309817646456202972357891436419035E-0002
   1.23019695102378597860411500420861802E-0002
   1.24752037072300441375196806884994709E-0002
   1.26507148996074932882577854145265064E-0002
   1.28285340455208038395518101126822484E-0002
   1.30086925226078032507288606600531319E-0002
   1.31912221333901256078230522550829093E-0002
   1.33761551107447783336159046580537226E-0002
   1.35635241234511073674631678232092098E-0002
   1.37533622818136033304804952178703617E-0002
   1.39457031433610232038100646567478623E-0002
   1.41405807186223312614821219469650101E-0002
   1.43380294769799895815675510906013544E-0002
   1.45380843526011525591600977325229222E-0002
   1.47407807504473415983020115211784202E-0002
   1.49461545523631956924594847224704806E-0002
   1.51542421232449110224244605964409881E-0002
   1.53650803172889981110017465607837246E-0002
   1.55787064843219985616815132225280237E-0002
   1.57951584762118150537058710059603296E-0002
   1.60144746533613181393945097435136323E-0002
   1.62366938912849015511053908910891754E-0002
   1.64618555872686642257437339536383113E-0002
   1.66899996671149021394476979645488939E-0002
   1.69211665919715963540170494735059124E-0002
   1.71553973652475854278615149731158415E-0002
   1.73927335396141105717977722169288044E-0002
   1.76332172240934206434398469934895548E-0002
   1.78768910912351212746999782263354504E-0002
   1.81237983843809481352255952785601034E-0002
   1.83739829250186385202043342113003983E-0002
   1.86274891202255681337293377077058323E-0002
   1.88843619702028110709829260992280530E-0002
   1.91446470759002705935894997113472244E-0002
   1.94083906467335162854705087408258353E-0002
   1.96756395083929495630807035665012929E-0002
   1.99464411107459042391672503549742935E-0002
   2.02208435358322718637584345623168891E-0002
   2.04988955059542228459650932705634133E-0002
   2.07806463918605738299021646055416070E-0002
   2.10661462210263294047985197557419005E-0002
   2.13554456860279019044112693550584145E-0002
   2.16485961530144867229797100713743503E-0002
   2.19456496702760421623982258036797969E-0002
   2.22466589769082922531285264057727224E-0002
   2.25516775115751381620662315423155081E-0002
   2.28607594213688286228099790657765240E-0002
   2.31739595707682021973623667404462371E-0002
   2.34913335506952739908832863846877711E-0002
   2.38129376876703965821894881735964844E-0002
   2.41388290530668019257176996214631460E-0002
   2.44690654724609161501891402110133248E-0002
   2.48037055350879098235190687154007384E-0002
   2.51428086033899813110652765174239895E-0002
   2.54864348226662005373767547433018066E-0002
   2.58346451308234295654003784164613649E-0002
   2.61875012682203155395622906625230650E-0002
   2.65450657876154652566376751032665635E-0002
   2.69074020642109795423488206209559359E-0002
   2.72745743057943897212105602497878785E-0002
   2.76466475629779670033921413255568136E-0002
   2.80236877395348603371983085294841318E-0002
   2.84057616028314268920431462560161797E-0002
   2.87929367943550228591744876343081552E-0002
   2.91852818403364204412702972302147871E-0002
   2.95828661624659094911410647456381317E-0002
   2.99857600887024786483123832185986820E-0002
   3.03940348641722023363925933039922094E-0002
   3.08077626621612860280204085777055984E-0002
   3.12270165951933278703346524694846476E-0002
   3.16518707261960074655007022447268586E-0002
   3.20824000797526427643596972441677030E-0002
   3.25186806534375333796709684292703112E-0002
   3.29607894292325875160709750160867197E-0002
   3.34088043850233790326736678403060554E-0002
   3.38628045061721022453927979182161634E-0002
   3.43228697971644448139371042532600530E-0002
   3.47890812933301623713023245110442398E-0002
   3.52615210726279103744683736559550385E-0002
   3.57402722674998045107829732345673368E-0002
   3.62254190767856977077439055071468095E-0002
   3.67170467776961462691236750489458052E-0002
   3.72152417378396757346116296262563661E-0002
   3.77200914273001356049476291350913790E-0002
   3.82316844307596515295677027932420797E-0002
   3.87501104596623858816810233031325329E-0002
   3.92754603644140041173590966014708969E-0002
   3.98078261466114430927438637253381049E-0002
   4.03473009712971317367799086075072829E-0002
   4.08939791792316673652086245725963501E-0002
   4.14479562991783045961427987612811071E-0002
   4.20093290601924279923952970576232162E-0002
   4.25781954039086613222397418543698263E-0002
   4.31546544968178564022034236239794766E-0002
   4.37388067425257434085782277940338788E-0002
   4.43307537939845437066018665282968053E-0002
   4.49305985656883420438518335445867772E-0002
   4.55384452458224862035597684152356392E-0002
   4.61543993083567273801439006099098387E-0002
   4.67785675250712362517850610307543103E-0002
   4.74110579775040112824524382046556751E-0002
   4.80519800688075721646736594223772706E-0002
   4.87014445355021464808335442379592802E-0002
   4.93595634591118652690936643265140716E-0002
   5.00264502776697447113210739345052805E-0002
   5.07022197970764579257854086349070856E-0002
   5.13869882022971033677292518872719438E-0002
   5.20808730683793155500832534930515581E-0002
   5.27839933712751848960704633557835978E-0002
   5.34964694984485491280985536261775808E-0002
   5.42184232592481687631631085003984325E-0002
   5.49499778950264025353524419141058321E-0002
   5.56912580889817857541227039513094606E-0002
   5.64423899757029836329185737517713406E-0002
   5.72035011503901789122379935191895858E-0002
   5.79747206777290378205294261551793230E-0002
   5.87561791003906969166766245623466929E-0002
   5.95480084471303824742851666653288199E-0002
   6.03503422404554275209296904055807986E-0002
   6.11633155038322191982833330162659809E-0002
   6.19870647683999964262155977147353396E-0002
   6.28217280791578297594067193707277016E-0002
   6.36674450005893811753055755794431260E-0002
   6.45243566216883752513709361556061527E-0002
   6.53926055603458930341101271012410805E-0002
   6.62723359670577289496633539477987414E-0002
   6.71636935279109578098002682954584118E-0002
   6.80668254668026807590500039547736101E-0002
   6.89818805468430125267831345264086084E-0002
   6.99090090708966633161580405420920190E-0002
   7.08483628812065573579554051355715804E-0002
   7.18000953580477321760239091458815268E-0002
   7.27643614173534971660930347434992426E-0002
   7.37413175072538989678333026958253868E-0002
   7.47311216034645141080594639643213523E-0002
   7.57339332034577853133753944369429556E-0002
   7.67499133193497982067765043731351352E-0002
   7.77792244694308211544768912522637820E-0002
   7.88220306682601429477832134555256976E-0002
   7.98784974152502996627176395095913355E-0002
   8.09487916816547985230307383385786288E-0002
   8.20330818958732194320645893981108364E-0002
   8.31315379269823205971688437846049207E-0002
   8.42443310663977626907886343050721203E-0002
   8.53716340075663726740332563075654326E-0002
   8.65136208235843266499286081030390385E-0002
   8.76704669426316757784806480701952052E-0002
   8.88423491211084932516522148617168392E-0002
   9.00294454143525968618671842498637041E-0002
   9.12319351448131803540392777155398225E-0002
   9.24499988675489390605321090530676606E-0002
   9.36838183329131430812225251248948601E-0002
   9.49335764462810527011090913812526456E-0002
   9.61994572246710563571735928816752275E-0002
   9.74816457500987785958885020365955010E-0002
   9.87803281195026450287022855230796076E-0002
  0.100095691391066025791038739817761992      
  0.101427923526758132333093818035296192      
  0.102777213330902047055081094422294386      
  0.104143750384575816728887564453821992      
  0.105527724975638616804894030935346540      
  0.106929328024166999873274401370542476      
  0.108348751003075996110704968054301235      
  0.109786185853689283839923505428288442      
  0.111241824896012312538837811134836047      
  0.112715860733450858804009635486556164      
  0.114208486151705935267816542156314612      
  0.115719894011563847775667309118058885      
  0.117250277135287372130985122442997741      
  0.118799828186300470117151875676798813      
  0.120368739541846741906114844465794302      
  0.121957203158283728603005058844925729      
  0.123565410428664673387690057491045062      
  0.125193552032239898072104744522476216      
  0.126841817775495230094683773084018677      
  0.128510396424327264583497018647150204      
  0.130199475526936972275454112446524808      
  0.131909241227005659615222271044427397      
  0.133639878066694895808331186389047698      
  0.135391568778995126092139387184673993      
  0.137164494068923047330604007804596309      
  0.138958832383047772102929667828370336      
  0.140774759666800741813045385410696047      
  0.142612449109000250994001458999533632      
  0.144472070872997483489047995940494208      
  0.146353791813821492772878310640210710      
  0.148257775180674268406445872686298796      
  0.150184180304097798924667640793450687      
  0.152133162267103728921776019336316308      
  0.154104871559524186128081091613122972      
  0.156099453714808615128865498482732592      
  0.158117048928456743054681986911945134      
  0.160157791657240494323626193552748095      
  0.162221810198327186304290804932647301      
  0.164309226247378834944780902023073013      
  0.166420154434655031105293393874700045      
  0.168554701838105000399140394007485352      
  0.170712967472384764185868829758093091      
  0.172895041752683799279235357936196886      
  0.175101005932194491111235938167680631      
  0.177330931511997811708022446799884321      
  0.179584879622079233666295055536818089      
  0.181862900372125407787456276707694040      
  0.184165032170680063866973452031257791      
  0.186491301011167610946813879337238759      
  0.188841719723209556567119573685277986      
  0.191216287187577361978728118562496632      
  0.193614987513030365887062726340052328      
  0.196037789173189564533817972678991410      
  0.198484644101490092350454425608655625      
  0.200955486742138187500446203985846817      
  0.203450233054870135105912876192350633      
  0.205968779471174007796812246380187778      
  0.208511001799480267992717046086389849      
  0.211076754076663890247911617685721908      
  0.213665867363016264950976883441748619      
  0.216278148477645721563700488610964170      
  0.218913378671045235280160729929190037      
