   593304.061841189596713126256727623742      
   504310.434022151944443873855752425197      
   320092.731389500089984618240263506287      
   173868.406002984011062061639025308895      
   98417.2397997207845325542199571053944      
   58354.3690901623108089374763619607057      
   30681.9134446630046465551297928312754      
   14057.1457678053017852409152317785526      
   6821.80777645366659627839392529512223      
   3319.25846604897975574174010223242606      
   1278.31345177260683708453898387027129      
   602.099018861193283637990360515426707      
   382.683428109501294525311354970412298      
   195.387060942574450037421487869506935      
   122.987360230858912093763978497883083      
   94.4674189616820342679066850413234126      
   49.2608003501152247461472987194246095      
   20.4033604614741555969219906712039299      
   19.8171534807600223317585345445110376      
   9.57200547918626075543786646907768008      
   0.00000000000000000000000000000000000      
