   647.069433168352406103941551292563779      
   573.361709989855369780918332953108944      
   422.516367805816379536563710968635355      
   290.758330746015413304599222567199893      
   191.248797554135899642601024061954882      
   113.694171174253659697954051756924128      
   62.0069084586723260309845431546835793      
   33.0985058555261124572966133403106670      
   17.4174702798179852577863409467163842      
   8.80898909540079526397016970084403759      
   4.58787535094800113078739567274427997      
   2.96641600722779802139153056480158089      
   1.70009329271251746669110889942821438      
  0.992054503138717267352546836586493726      
  0.661255421120419362853505644775184877      
  0.251430315658600180116897742020923016      
   8.56301345696480532776894440824726685E-0002
   5.29980183018582719788221552095009571E-0002
  -8.82023806912069682992225600487296105E-0002
   0.00000000000000000000000000000000000      
   0.00000000000000000000000000000000000      
