 0.11174265202507E-03
 0.11174591996998E-03
 0.11175137665312E-03
 0.11175902832124E-03
 0.11176888103029E-03
 0.11178094024144E-03
 0.11179521047239E-03
 0.11181169501152E-03
 0.11183039570605E-03
 0.11185131284478E-03
 0.11187444517598E-03
 0.11189979011909E-03
 0.11192734422262E-03
 0.11195710388536E-03
 0.11198906630884E-03
 0.11202323060615E-03
 0.11205959896990E-03
 0.11209817780095E-03
 0.11213897871570E-03
 0.11218201937702E-03
 0.11222732412462E-03
 0.11227492440834E-03
 0.11232485904725E-03
 0.11237717434540E-03
 0.11243192409369E-03
 0.11248916947800E-03
 0.11254897890308E-03
 0.11261142773182E-03
 0.11267659793383E-03
 0.11274457763658E-03
 0.11281546057564E-03
 0.11288934544706E-03
 0.11296633517242E-03
 0.11304653609429E-03
 0.11313005712574E-03
 0.11321700888131E-03
 0.11330750281801E-03
 0.11340165041473E-03
 0.11349956241588E-03
 0.11360134816131E-03
 0.11370711502047E-03
 0.11381696794403E-03
 0.11393100914124E-03
 0.11404933788750E-03
 0.11417205046212E-03
 0.11429924021350E-03
 0.11443099774617E-03
 0.11456741122193E-03
 0.11470856676620E-03
 0.11485454896975E-03
 0.11500544147559E-03
 0.11516132764075E-03
 0.11532229126323E-03
 0.11548841736500E-03
 0.11565979302267E-03
 0.11583650823880E-03
 0.11601865684771E-03
 0.11620633745099E-03
 0.11639965437949E-03
 0.11659871867946E-03
 0.11680364912233E-03
 0.11701457323867E-03
 0.11723162837851E-03
 0.11745496280132E-03
 0.11768473680046E-03
 0.11792112386838E-03
 0.11816431191001E-03
 0.11841450451348E-03
 0.11867192228876E-03
 0.11893680428633E-03
 0.11920940950998E-03
 0.11949001853958E-03
 0.11977893528194E-03
 0.12007648887037E-03
 0.12038303573618E-03
 0.12069896187896E-03
 0.12102468536579E-03
 0.12136065909452E-03
 0.12170737386094E-03
 0.12206536177634E-03
 0.12243520008899E-03
 0.12281751547215E-03
 0.12321298885167E-03
 0.12362236085905E-03
 0.12404643801136E-03
 0.12448609973832E-03
 0.12494230639953E-03
 0.12541610846352E-03
 0.12590865705476E-03
 0.12642121611817E-03
 0.12695517650456E-03
 0.12751207234783E-03
 0.12809360019051E-03
 0.12870164142229E-03
 0.12933828873543E-03
 0.13000587747986E-03
 0.13070702303388E-03
 0.13144466561166E-03
 0.13222212433327E-03
 0.13304316292338E-03
 0.13391207013496E-03
 0.13483375899224E-03
 0.13581389032762E-03
 0.13685902802320E-03
 0.13797683612174E-03
 0.13917633195400E-03
 0.14046821528764E-03
 0.14186530229094E-03
 0.14338310657181E-03
 0.14504063069310E-03
 0.14686146565447E-03
 0.14887535250446E-03
 0.15112045780024E-03
 0.15364678942486E-03
 0.15652150741529E-03
 0.15983753531892E-03
 0.16372825642168E-03
 0.16839424479240E-03
 0.17415602107879E-03
 0.18157011793905E-03
 0.19172668363653E-03
 0.20721682856677E-03
 0.23703246781808E-03
 0.58896396168477E-03
 0.67146694132147E+01
 0.12006983124231E+02
 0.16925920598178E+02
 0.21645501408063E+02
 0.26238905770100E+02
