   606522.959353476315625473316083060615      
   503606.436465594620376288750428419209      
   315473.332283680694942559415489114505      
   174379.081000471904068444076396592911      
   100014.585637296374347215318461636423      
   57928.9781388334792188181454598645832      
   30127.0773140433493163769160066228129      
   14401.7398622213967850220402012944794      
   6902.26234780922963290643753652416931      
   3135.47322102955668239478493436269099      
   1325.18274962532383933894405177415741      
   632.525432852453769277013633107015812      
   341.269000764210468703795184089831236      
   194.945467712149420802974399079237475      
   128.859558142130162014963204008116568      
   79.4226630536363662839220469389672242      
   42.3143056300882327378859938196083964      
   22.5864638795298747832980634455236064      
   8.56597628317994146949258541015987605      
  0.365078194591048035126069485489960826      
   0.00000000000000000000000000000000000      
