   647.330811264480992676954294662638418      
   571.985722473721358751908716079170954      
   423.505728390883383620825961138896490      
   291.564982666005185469633680088846996      
   191.000287056920844862900525943439296      
   113.761274866367186630139780601493340      
   62.2692245261797799321935360326291347      
   33.4224020289182551198013379171658454      
   17.4638116214909899343471887397129778      
   8.88102479226321642502289334285768608      
   4.92191873737276320476804900226221338      
   2.99132368281733269462758644608365299      
   1.82957217676076699941376012929458063      
   1.17122234540821019487401213093788627      
  0.703220585535014790329908045725652837      
  0.369429539190511409003129972665160934      
  0.173736165177439015103761066132538021      
   6.85278102654395317559406832812790079E-0002
   3.08288253210218340773125343302633591E-0003
   0.00000000000000000000000000000000000      
   0.00000000000000000000000000000000000      
