   647.986010015777507213643572400167026      
   575.617046196296349808859641349319193      
   423.829594401310774708362215903380728      
   289.690783810138250384068410588874731      
   192.450244320310459499241227120745502      
   115.812041605450357678466090123367089      
   62.1304279091477945369904318492933186      
   33.4805915441940030494631767876513709      
   18.7620382827271251188027572268802713      
   9.49581138581441587430233321375026446      
   5.02869360391662240762732223709219566      
   3.71669302996530542097741488232874550      
   2.41893793017601339609752507221301641      
   1.35647716266944519013671481850594724      
   1.18639991557744504682130636191605291      
  0.753542464881300617647434594562180565      
  0.315221800561207116264559785446964028      
  0.331678093705357356330213537729809728      
  0.209923260934147539184696468057089049      
   0.00000000000000000000000000000000000      
   0.00000000000000000000000000000000000      
