   28530240638.7442259375073698191356166      
   5970554275.35974607648167702579205067      
   1451169150.54118241243455690466394711      
   107746528.638833527916554809056304233      
   213782308.198082736366633972793169998      
   150691229.798105803657176075578843912      
   112306011.732314278518128873288387526      
   90946963.4083761428024039802767194977      
   64075837.8383358818183721260883326815      
   50115663.1283004087601706665493069567      
   35386928.4532121195175379135091309081      
   25969300.8715236041466454419337967752      
   17914710.3853446793841468264158499131      
   12165107.1590529179488651482141742833      
   7994455.71676209564492918034549244575      
   4966933.69243831865946182107018926292      
   3031225.50947762286842444793174987476      
   1682794.91490911671306858456274733340      
   920407.755443246085473887381269999206      
   445163.433463693472494363535496066478      
   219784.821256930035327664327099188582      
   112329.225614139136448476084524615869      
   78386.2482150036461337529153627411029      
   77179.4057692539512228531432396351558      
   79984.1496527957737718957683549523724      
   83477.1682963614005109169636015853380      
   76156.9668165799538081831330290948034      
   64478.7745820568656016115005826990298      
   46923.7192921124656812893686668284960      
   28988.3839968538546064636028082320360      
   12196.3149825717681262159341114067206      
  -1292.28198093321851170479282199875174      
  -10457.2109548153315556454861075065857      
  -15603.3560014148893580082283744736772      
  -16902.6056439473205835540002759835978      
  -15616.6222413296650450916098498540543      
  -12518.2478326755885458045323599785751      
  -8745.13752094159952209975120946830200      
  -4981.61138437948467454470199476427879      
  -1806.08454235756426019569230233383181      
   496.294631662962994954074275894819272      
   1864.96867255469811936490758549030433      
   2365.42550003854253949335333178852511      
   2207.99240654958052348644180681485511      
   1606.56418207619693631777684404277385      
   803.352369080740188196080486689061528      
  -16.6800076804665956504705241297511490      
  -709.918647271599729527345690194406095      
  -1197.32632695139153884968810302731305      
  -1452.72394320265142365335298630820877      
  -1491.15172196903357919462007332676911      
  -1358.38957874271536812247800663139040      
  -1111.69417730909377205162614468268674      
  -811.676118689288563987207527940933570      
  -510.099274773987818596370324122974087      
  -245.946468665390109222897457623743764      
  -42.7206178017738384640177769637577908      
   90.6703979425980523130012374569220270      
   157.832272696927820596898449823878907      
   169.606075210898424304493037484362237      
   143.262807322831883804029033239047102      
   94.3759995617281292798280453031065877      
   39.4966360042839827559562249548588596      
  -10.2885806512440294302237095777210756      
  -48.4334530533012213468851436587846189      
  -68.5770114910103336964684475739269220      
  -76.6993559822469144355845040619149342      
  -68.1665310397321509795445710589339444      
  -54.1634599017517729752621977570943743      
  -42.1552684199267857029122525608694685      
  -16.5590352750666828011908833215193888      
