   28503266318.1490924029106297030358444      
   5989765278.45960725346346955208338425      
   1441995180.62040885588100787013107998      
   111184871.771263590709096752589596919      
   213229137.080362283901876157680295400      
   150412135.897251545107788887849910618      
   112802344.880516589086859291781137114      
   90541154.8607442023505861507155015391      
   64341767.8075023485731833406008079158      
   49945287.5556045288271182237300153855      
   35455156.7963465100930022125991653859      
   25928713.1247007750562449247615788913      
   17908856.7834338000299717867105388129      
   12168810.8782215233725826614199845590      
   7977711.19321082636901152324920807821      
   4978111.13990139831706138655447432655      
   3021874.82209488597276866009055737904      
   1690683.80714003388974972920678649332      
   918380.193502601125949766480369978709      
   448954.846705313952550103054000163222      
   220994.453648697376102627567997234599      
   113500.367268304556866513662387067594      
   79862.5850894232667836313359687556424      
   77071.5864247877588823902184431609682      
   80650.7933658472584187238361788234917      
   82926.3935746050573532797080753124940      
   76100.9361757883880834167164779402534      
   63931.9920184640124485053665925053999      
   46584.1255586644355447025076306704687      
   28638.3914061389862902871515464190250      
   11911.4844096788556920622368081384432      
  -1418.86753462728028276253333614245487      
  -10567.6382407039919317647079781119337      
  -15574.0073175947538478837580511043918      
  -16875.2901595524103124005280764592577      
  -15526.3958114483440049771943209186024      
  -12441.8566981225245232035532577956457      
  -8667.96982118467035691017375918864356      
  -4924.38189194820461467989134388653867      
  -1774.36790618812724025610308071999200      
   510.376636170503802141355216640952031      
   1855.09718741887941857969269107807888      
   2346.46209161709969880234637459138722      
   2178.18564842019030120565578586322413      
   1577.00675955100668860342448471080259      
   774.956731068073022222915575297977507      
  -39.1555939536658876574802437846383000      
  -725.697061553889249745428390545630582      
  -1206.39879287188070581990527924341775      
  -1455.54725182717394381797756454395234      
  -1489.78644808565017320284249424358770      
  -1354.09156931772218904651287598104332      
  -1106.49037484742361255000210847364081      
  -806.730435388546187170433038084603599      
  -506.437292777015831035417482950089804      
  -244.077935949099159539639275156392607      
  -42.6882019651172429238736856083388756      
   89.0564760236664129482126968063003167      
   154.988735778391248999701807803688667      
   166.127040731475764087305832602664151      
   139.513812827105228619317174734059922      
   90.9434184807856191141677377414546210      
   36.5365466286770116525866209406231120      
  -12.5805714991706386687793147685840303      
  -49.9090015168332248873213216608610611      
  -69.6217720141554253898300724475268113      
  -76.9797641965973999449492125486204219      
  -68.3551841325378481791184654152938633      
  -54.0700839138332393260461603584354426      
  -41.8313976770359428608420940116422007      
  -16.6662520643706851641411751415045817      
