   28538631919.3143765689147742157515101      
   5964513129.64428220991262657651255944      
   1454090022.51704029697282504598165228      
   106656411.927404698365901737002604790      
   213941344.350644863744231444853992727      
   150807941.882268875834122211652651621      
   112121820.444932800106044797626529134      
   91097556.1675338432534335152781229295      
   63976627.8031081759993171434403613875      
   50178449.5008366887736207003164716748      
   35360883.7602996510989438574956287225      
   25983262.8776210315419291785470964895      
   17916823.8605083138872839922603004516      
   12162611.6693312834109317466094054680      
   8000975.86330666157742880255340791021      
   4962185.28511664946192683157480416791      
   3034968.52042111903502574249291638244      
   1679797.04980043570662591221296501478      
   921272.460481043908186394070665591721      
   443963.154145367033994693207685320387      
   219329.971048207391998602536924692880      
   112132.567239144044015454569505362891      
   77785.2051716057230814972798251517278      
   77366.1882499683605306062518411752421      
   79681.4505584478320723321308478136749      
   83726.3083540525476226637080117965099      
   76137.5885087990166667611532923826722      
   64665.8628509180647938411456339050922      
   47027.0210588773256814384871808135049      
   29086.3312428997476519094615599190758      
   12293.5415940816225558863674527252752      
  -1267.97608393659079700385060995130512      
  -10415.3125507013817665201193881130088      
  -15621.8941171470852065565950325891347      
  -16907.4722047579786674616015518074954      
  -15647.8182805918031873278945794942362      
  -12541.1300968948178418006069665387743      
  -8768.76009781345698506418911511850095      
  -4999.60357829992793244545744920295481      
  -1814.69031660200676478296028051127164      
   491.603141289854261961746056765656590      
   1868.83193749746275387564880446512253      
   2371.15933083866233767018572461599943      
   2217.34330828680169295396164630584947      
   1615.70851831280828292885462470158300      
   811.829658146284397800789918574399940      
  -9.68958734386531592790178744750147909      
  -705.454968665310444467009288965201150      
  -1194.48081774129879775835294675311395      
  -1452.17460046446603224299013785194241      
  -1491.53068147037410222289489096027897      
  -1359.89534672455217382928021107607848      
  -1113.25168017943857468281611371822517      
  -813.272330635136634946101491081730361      
  -511.177971439417051525455426727087814      
  -246.544888577522872196073087529379344      
  -42.6860882177360252775917073714656355      
   91.1473042622599945697700153526593091      
   158.740736330522232400697409824620174      
   170.640218573718813119448651218496816      
   144.436685006966402497952659627439588      
   95.3827482436271140520060031246108498      
   40.4161659490287384844832293894906331      
  -9.63126762944791655230121200595889453      
  -47.9781816467056844607703195398892096      
  -68.2916126197390360129019361703026822      
  -76.6106672994483033132170582126861194      
  -68.1363748836565460138943883206932607      
  -54.1759364294807005794046452365748095      
  -42.2892064392488871467884184045621856      
  -16.4860195634159471585502844923060002      
