 0.30458214113487E-03
 0.18578272965474E-02
 0.19473968463379E-02
 0.20419262165385E-02
 0.21417560153534E-02
 0.22472597568114E-02
 0.23588479924114E-02
 0.24769730545315E-02
 0.26021345124776E-02
 0.27348854606390E-02
 0.28758397806418E-02
 0.30256805464903E-02
 0.31851697745107E-02
 0.33551597597189E-02
 0.35366062885234E-02
 0.37305840761849E-02
 0.39383048481730E-02
 0.41611385696244E-02
 0.44006384287005E-02
 0.46585702997310E-02
 0.49369475519584E-02
 0.52380722295705E-02
 0.55645838064843E-02
 0.59195169096680E-02
 0.63063695975273E-02
 0.67291839586239E-02
 0.71926409370791E-02
 0.77021713636898E-02
 0.82640851417454E-02
 0.88857203736320E-02
 0.95756139084298E-02
 0.10343694373418E-01
 0.11201498327782E-01
 0.12162409924265E-01
 0.13241924674182E-01
 0.14457938838371E-01
 0.15831067829517E-01
 0.17384999716776E-01
 0.19146893065998E-01
 0.21147831215962E-01
 0.23423346948069E-01
 0.26014031942986E-01
 0.28966244584971E-01
 0.32332928215452E-01
 0.36174550680440E-01
 0.40560175535737E-01
 0.45568675762296E-01
 0.51290102067158E-01
 0.57827219419891E-01
 0.65297226992391E-01
 0.73833677858176E-01
 0.83588615507983E-01
 0.94734944370973E-01
 0.10746905107205E+00
 0.12201369205241E+00
 0.13862116140555E+00
 0.15757675025781E+00
 0.17920250570455E+00
 0.20386129313747E+00
 0.23196116074529E+00
 0.26395999904154E+00
 0.30037048152658E+00
 0.34176526514079E+00
 0.38878242118320E+00
 0.44213105909692E+00
 0.50259709725375E+00
 0.57104912695345E+00
 0.64844430866354E+00
 0.73583423344644E+00
 0.83437067792777E+00
 0.94531117837199E+00
 0.10700243487308E+01
 0.12099948691039E+01
 0.13668280750300E+01
 0.15422540844608E+01
 0.17381314081636E+01
