   57.0918400000000000000000000000000020      
   57.0922238192571338235032192339057998      
   57.0922599651607466672823653068375925      
   57.0922995150789411281996259243646398      
   57.0923427895823521521403048424799236      
   57.0923901394311246079429302923640604      
   57.0924419484179887598047152346473927      
   57.0924986364790803358206543897569140      
   57.0925606630977198482130841223762091      
   57.0926285310287403929344689559693849      
   57.0927027903735513520811827325062744      
   57.0927840430389683015352101141577269      
   57.0928729476159500313213745796754473      
   57.0929702247177871302428006512923245      
   57.0930766628210106567577514753784732      
   57.0931931246563642001238448576549609      
   57.0933205542016411575805376975161059      
   57.0934599843330674531773644329015645      
   57.0936125451972477435022497862345776      
   57.0937794733715336605528390358430865      
   57.0939621218870631723561922437509485      
   57.0941619711957124959239677975273090      
   57.0943806411698528510396468566331125      
   57.0946199042321757109704299502883163      
   57.0948816997220099413395104408765792      
   57.0951681496145765650335314201656085      
   57.0954815757205930849749171983381774      
   57.0958245185056382240043288029753964      
   57.0961997576818168589286421720893365      
   57.0966103347386302500305923784227892      
   57.0970595775956748356975370978979550      
   57.0975511275769912774346866683757475      
   57.0980889689257035046067801581350076      
   57.0986774610981777500361428615507505      
   57.0993213740994608806403377863189850      
   57.1000259271464083222672520130395587      
   57.1007968309718843626544434863143360      
   57.1016403341129302156414273032221166      
   57.1025632735580871568555475886453859      
   57.1035731301643950372873949415071330      
   57.1046780892932469369748959394331136      
   57.1058871071565819975513478412769875      
   57.1072099834111834413664259117604668      
   57.1086574405894926076404827867451829      
   57.1102412110107630045954478511684348      
   57.1119741318770100404383447402909041      
   57.1138702493245537035268732284923094      
   57.1159449322745407428617087644288319      
   57.1182149970052582243908283928564401      
   57.1206988434559554859796625240364773      
   57.1234166043669808912730860927343622      
   57.1263903084650841340494794289733178      
   57.1296440590165774983055460270801117      
   57.1332042291956131833105332988780267      
   57.1370996758511282044683252718484291      
   57.1413619734051382100693926639542762      
   57.1460256697782355781061907339836072      
   57.1511285664166879782553239094637345      
   57.1567120246908883589827222182017908      
   57.1628213011486594905711675229616840      
   57.1695059143407983232921825634154093      
   57.1768200461921532302826262531225629      
   57.1848229811715349497578502183635356      
   57.1935795868201393150888038497507732      
   57.2031608395333899954786742183679425      
   57.2136443998579096619483049730847894      
   57.2251152419666713306553489701399779      
   57.2376663424145211941993856927009040      
   57.2513994337567594635728568004407619      
   57.2664258291392112478398964508937282      
   57.2828673245434767093375537200987130      
   57.3008571860004813786714246165022503      
   57.3205412297741554347036430025144870      
   57.3420790042706372507924158432167556      
   57.3656450832529295895943364394844298      
   57.3914304808431197220920843381933205      
