   518028.147302284130210872783277975397      
   450715.311841929807644763592992653406      
   302859.765848866323350855160656286972      
   173254.520646461672894567042034288861      
   98647.5777273232840380860334611021041      
   57622.5250735318761741417764891461209      
   30453.1851352106928570856554130466543      
   14597.5788974509743605955285590852350      
   7404.32861380502416528326096346482386      
   3715.99455303322304331166557308590332      
   1715.15707985934936870328163489970584      
   1016.75556896600030819727630224913967      
   649.448522964314009734736147169274788      
   347.141531340544932458389243597568435      
   259.352646170814517074999293889630892      
   182.952009098063082968323644861736019      
   69.9586546870846989344911129158168757      
   51.0334674143483874782580834794660880      
   58.3957973176907985223178664411986372      
   23.7335000894321076903102011338318398      
   0.00000000000000000000000000000000000      
