   627.648895389857303171691489608207691      
   563.301547401941260777970501830586909      
   426.682563714622192614698594665805012      
   297.345808710563422659918878357028275      
   195.693864539386176343565858987948370      
   119.434981120173793044527813804640333      
   68.7452596177370359265394106282042881      
   39.1693306039603086269550844235736904      
   22.4484391817738460192526043964236589      
   13.0328991403805111640746342525684441      
   8.08644215767412234346340665223968638      
   5.17473791892802191126292562180771765      
   3.26299508557207778643429242556041400      
   2.03916852085739821412143435349270406      
   1.15815739346287078550667700609273500      
  0.605477516677930098645223221978711907      
  0.269786989803134910570760860446469354      
  0.101262381559070154213699147647844675      
   1.37513216525920501445384480459750920E-0002
   0.00000000000000000000000000000000000      
   0.00000000000000000000000000000000000      
