   24351344997.8309579565634592787499549      
   3146393661.77211608324445729693564897      
   1056453972.71571681318716821370316681      
   204213487.959577970984673021311954994      
   158004929.376138887641030474485751383      
   99817249.6738979510755375488133077303      
   40896893.0755315666611659967166755558      
   26284150.9455298856476529725499470807      
   10751169.8144907660826718500846599282      
   4568513.88172426543412020806036944584      
   2238343.19506363146286937529088831223      
   166828.265989826522955411627392441784      
   224469.972497503665808365257758230690      
  -73832.9441485675972617425688071535300      
  -37600.4056498643181703736115505262251      
   52478.0472912525103413764699035254057      
  -8795.32043832099213446052595884123323      
   45752.3071471289092115003101930836231      
   10758.9688117705392745476841712152486      
   6802.16626994364166954193346172071317      
   10783.4075144759796985474481166634648      
