   19279608767.2586865541908703804283370      
   625155555.747606458545640603597538073      
   371502777.489431355695839332350050317      
   164704936.258994882919851411978758205      
   65177775.5325476588144784483139528124      
   30823862.0604687927049871386992822363      
   16510822.0144250073275780920523283590      
   7577963.14712206449882631921998216205      
   3084781.72823291707953449869747825243      
   1391541.66975654984823954687774671495      
   587469.415860385129117587492507720365      
   192528.774571137646624637528835635873      
   79007.6210096559666850389643880257868      
   40926.7788721028994101209492793294259      
   17017.6952322480569368977771857013556      
   12610.2058646618933548912494904641655      
   8879.64879880963934951961730628891597      
   3891.60231238442959731010893775660682      
   2718.21714833076886032573751172485409      
   1345.34735494852822372620482578473919      
   28.6537983347971878827495918663364217      
