   787381.595493053153073979042382765685      
   688366.901590429068862910646734564229      
   510766.686299950998721000830702301243      
   385367.008223421230363197859662356084      
   293970.154355458629335680757979530483      
   213967.879897349566969764950201801964      
   152280.278292059382937154241679667893      
   105908.905442102164035078775467968635      
   71540.0795314483925313353481539829942      
   47410.9723455959986033372165117674135      
   30851.7509811610857104871026114893306      
   19782.1196800492236619491277149761765      
   12575.5482339104944342015086351166586      
   7923.95861047617577258109338246523712      
   4941.22027016338615513396780940062495      
   3022.50098034014220550520647019300889      
   1775.43519258947736024723819407732882      
   962.352849049809088195198404375107303      
   435.387733097079323354534707553893257      
   103.491969496142648641753942399653651      
  -92.7020745171710224047668186279193060      
  -195.268932233632835530136324957873782      
  -235.398608679598175125078310825715708      
  -236.765391512021979914732312097185775      
  -216.957088153114068066994807766078829      
  -188.134076906731637420423365851927223      
  -157.982437885020291645071535622279635      
  -130.591634435782631917040902632770295      
  -107.550161362759185144988896292432945      
  -88.8800935400057765883339169495284644      
  -73.8635338827265820942009385102875123      
  -61.5655663026817555819056165180009972      
  -51.1856684595581930720473645399090253      
  -42.1602207133411338835753143546688104      
  -34.1900137292228946831033380554400018      
  -27.1524997566770181597851432324294303      
  -21.0374220432117884129678267616897792      
  -15.8550441774515755008989111141940364      
  -11.6042127450487280642826447889487935      
  -8.23571491281043130788264207200611257      
  -5.66509423031493514191716833976775973      
  -3.77276554197253547163216179205929437      
  -2.43142448815751159182840259988852444      
  -1.51224516255820917068674737333630770      
 -0.904921985120507082577259608086563736      
 -0.515590478787214849915528641741755083      
 -0.275161939823359370103480325126421086      
 -0.132738738162956577846874794481951555      
  -5.31007811764090013971635971556386667E-0002
  -1.24622538471081426534356017195820147E-0002
   0.00000000000000000000000000000000000      
