   788151.056138805640177819524116726039      
   688406.284227361766353363385120247402      
   510552.213171989708463126914739510374      
   385466.724460781462611518015028295653      
   293939.282969407974344206720132562206      
   213958.147169622874558959811949300206      
   152299.924261546935107214431524985256      
   105913.371736972825192438545422402421      
   71553.4166427671251701696625236584553      
   47424.7944517841433660334812588999667      
   30861.3458984864511896461148710859781      
   19791.8235764760907482008339694600541      
   12582.5779290147103364100397694509936      
   7929.51983526219545237134206835906252      
   4945.89018626936632007316632631120754      
   3026.34656452825472657530911849815610      
   1778.94974271708440440821802601601917      
   965.645551183095486196541579552976487      
   438.496087117601808067724641645692673      
   106.433529735914420444290019406520429      
  -89.9814162366329535697791896314444817      
  -192.819060318329323701168036927704545      
  -233.235644095282286788713570612452861      
  -234.910294736684786839449292071540361      
  -215.385396679183947496513771846456645      
  -186.827000475124302785673594155676818      
  -156.898260595639693188769629613105619      
  -129.700409333700687614857391927891855      
  -106.813980412495413106066672688894070      
  -88.2760755462318208176432109690988071      
  -73.3654995207463228326101539884665619      
  -61.1598367759564382986881704989001507      
  -50.8553017293529439357442040248988041      
  -41.8966363529813327925045141652049262      
  -33.9808580664801038827268275768267094      
  -26.9910678450997480251620374033883731      
  -20.9135913122783647042265423627097913      
  -15.7631865698469926059779151732857234      
  -11.5361761021573242610559636059803256      
  -8.18729443487544014440396781112987032      
  -5.63034271176860724495785340000084201      
  -3.74908975288704611042966525129226448      
  -2.41492010086195515250190475199323567      
  -1.50163725484903776710666248021582917      
 -0.897804991801015952808408610845124764      
 -0.511484554347753504003644070358533150      
 -0.272636310504623067413537883804796721      
 -0.131604027104120387280157507585727604      
  -5.25592783362490040707917461614869091E-0002
  -1.24663964988396812996557244244108321E-0002
   0.00000000000000000000000000000000000      
