   863534.521178997884794168929556259468      
   681602.865046111618492303177913949307      
   505027.766813584225902319492633093705      
   388288.820239313115975585473865271194      
   292208.226823098299137917126892935990      
   213701.887938425133967432052940038677      
   152725.714422936395166349692321754708      
   106502.717829058334681400401809210962      
   72654.8860126385627419879618208822085      
   48629.5451124345806511816428047605209      
   32046.7409496318573500200714347467402      
   20881.2594609345547359971962178715173      
   13505.8590866214487731546065586416162      
   8695.33181677442581505738831343203140      
   5574.48308746491130165402166138067218      
   3547.55945401529657051429189012936579      
   2225.05361288941145433030604148161903      
   1359.42478876095519366167254631202110      
   795.157289133425202607763432785745459      
   433.429096159677219081342165330037749      
   209.275876691654384504587390491270833      
   78.0165428750953006457738169397937451      
   7.77790409674353124878999131645212673      
  -24.4304126232344408617310972143929592      
  -34.8564085163965193852936328102663745      
  -34.4050995773632983557361954373173161      
  -29.8000492111460417356243957857034592      
  -24.6685737253888363290791735538582613      
  -20.5411371267206844367000144266394743      
  -17.7012272287137129358901678351771135      
  -15.8347022317523673829339552554579329      
  -14.4639812649428010758480946035001373      
  -13.1895082973464856434594506597610708      
  -11.7830492252428609325422571558216163      
  -10.1858885430742357901688669690014286      
  -8.45888696565498695467257627728264139      
  -6.72069787936017493032158205375557720      
  -5.09504750891621168579591783340891241      
  -3.67729486691431276738419628938100676      
  -2.51991463151935258510696622607112687      
  -1.63352988855946367491774511473294317      
 -0.996278087860177830888408548251489379      
 -0.567074410698257901384176813377051206      
 -0.297398097267636155005871813108340763      
 -0.140800260970143403203810961668629459      
  -5.79397612570448762495154217319958669E-0002
  -1.92015715448910571541838165246612116E-0002
  -4.01783303804107008575748786408820649E-0003
   1.64759690947162691696815572263320227E-0004
   4.63410563986884256197084387002641082E-0004
   0.00000000000000000000000000000000000      
