   787381.879995800584436615517924539259      
   688366.918491387831185490801743089154      
   510766.604238532293479450870391683759      
   385367.046586133117391637525538007069      
   293970.142341012206560819887511142041      
   213967.876526280506068254757747233835      
   152280.285412148503002025245075848955      
   105908.907375630910944023630885525084      
   71540.0842084178283784290446918373776      
   47410.9777296059598679277499025105461      
   30851.7543254214935955502003652142420      
   19782.1234265153890954286508851983323      
   12575.5507038335744930819824329277809      
   7923.96076296521679575644922525457766      
   4941.22190597612531067308478734923521      
   3022.50247488295950788591690664006390      
   1775.43642693225936532505326655608851      
   962.354122833519686876327223999733319      
   435.388837238851074994218067834877834      
   103.493099036309573233563602574070012      
  -92.7011006361339115589733111578005187      
  -195.267995958180813492716316635961347      
  -235.397832807974661175669540621134965      
  -236.764683678224632798857043680777766      
  -216.956525061761918514845696014618173      
  -188.133577776732787319355733067952780      
  -157.982050457930735478027138734915995      
  -130.591293316842698343124999054448290      
  -107.549899006851038786574813330613692      
  -88.8798616760876090276123312566880776      
  -73.8633568656856648680091820687690718      
  -61.5654100668582834012042955073262180      
  -51.1855514383787645988405660881942950      
  -42.1601188172578482199810381164724845      
  -34.1899400496010902388724465941179965      
  -27.1524369879092680488478140951787015      
  -21.0373788027085479550102457602314410      
  -15.8550081419802888254370843294593039      
  -11.6041892927581766140108972692068258      
  -8.23569567334833344795194959123329686      
  -5.66508245592805479090633503209882256      
  -3.77275598031254775037787778118691845      
  -2.43141900685565194960419408937546123      
  -1.51224080398474909510002460196044925      
 -0.904919665409323634029379579373118571      
 -0.515588771040548347269954479076402999      
 -0.275161125630445986583246814921829728      
 -0.132738273224837924230419038704568678      
  -5.31006024845892999681999966213536565E-0002
  -1.24622695835748283990564000107828380E-0002
   0.00000000000000000000000000000000000      
