   787387.522489011011458029717929535572      
   688367.253174976096004664324673804069      
   510764.977333095552148917105182373908      
   385367.807045151957296042074529132678      
   293969.904285338922204487210039293953      
   213967.809512874695156570847716293297      
   152280.426759567466303062439563878256      
   105908.945564991351584963325769055312      
   71540.1771109907905108308056722172563      
   47411.0843614029610491117865745021164      
   30851.8207790335522219335876317664469      
   19782.1976101167819141720167929434490      
   12575.5997957309242666300993122656410      
   7924.00335361953047374627091110687359      
   4941.25444018373095311757830598702702      
   3022.53202962579426250805821879228086      
   1775.46098631495823002234824284621470      
   962.379310365463812035774640039528712      
   435.410803232493819624488068536199104      
   103.515435876632329386472801829024078      
  -92.6817274668506916184784132683184068      
  -195.249483144301290549184820852634277      
  -235.382394661090835899153264738960871      
  -236.750693628071886283963226616266836      
  -216.945313894999642867305013836521261      
  -188.123720020601038594009468639141912      
  -157.974329404201860681362335356934667      
  -130.584563336923169270153288526859943      
  -107.544663999164305375973272501203654      
  -88.8752932224916581798601758343278907      
  -73.8598192907823807237035961346831674      
  -61.5623368254881945640602297903675500      
  -51.1832081231085250002060426904992786      
  -42.1581191040007381515986719659153401      
  -34.1884602054547199527779831558454405      
  -27.1512095668278761203594088671072207      
  -21.0365061078022443163949927233176075      
  -15.8543076283019252876989491725261599      
  -11.6037121246111175817296322327376062      
  -8.23532536383612887310709715060740858      
  -5.66483961480697381468575496727719105      
  -3.77257504357622586847011378731949488      
  -2.43130337715537720948618054799168471      
  -1.51216080321683785078427315574801960      
 -0.904868848313043675030801305814587284      
 -0.515559368942319380080257033255208399      
 -0.275142008864187151498809809599245376      
 -0.132731801722265716914150680687292376      
  -5.30956862177399779443984153221263365E-0002
  -1.24638484844246265264465723195368330E-0002
   0.00000000000000000000000000000000000      
