   787393.518077990802931483765563100373      
   688367.607780288102520895356913174080      
   510763.249829572181426868898239240647      
   385368.614339971620991974286202766437      
   293969.651761595492372061381987085479      
   213967.738019285420731767774330605548      
   152280.577199506719369284032260555972      
   105908.985852258706659380871066477424      
   71540.2760943341301142259995059960134      
   47411.1973934188586924042743654387589      
   30851.8916228278495758565582736388642      
   19782.2762220352024024547486832641071      
   12575.6521486823731075740818806155910      
   7924.04843572095799808198952616462600      
   4941.28916971095341512838698383040775      
   3022.56328541396653080012466928484929      
   1775.48721751134325815305858914924137      
   962.405946905377595216196258496501061      
   435.434257338933892268849414814314282      
   103.539062448001810874270742426141486      
  -92.6610461487733954688870119342151935      
  -195.229903143671446458468428646242670      
  -235.365909272616455406301449899107571      
  -236.735904942852316874257295858355185      
  -216.933332582602866301891216942612517      
  -188.113309814539364988755207683947016      
  -157.966067612237804832574193605864102      
  -130.577466020573113455927629737988495      
  -107.539053446820206966956098577610883      
  -88.8704835604191809027564635009328442      
  -73.8560207590721661548104777547841597      
  -61.5591080345228081052410957328810582      
  -51.1806858312747748203209020287197347      
  -42.1560241676048710273685567134740220      
  -34.1868616863244987075012149409296312      
  -27.1499293328353557961121388291995116      
  -21.0355581466772779317090076112500438      
  -15.8535821887918027092087838262359032      
  -11.6031891041946989474810462355552109      
  -8.23494644489384689685940815020277116      
  -5.66456957570561477798742707579140122      
  -3.77239365475198036429111025010192895      
  -2.43117189583002130596987690112537024      
  -1.51208355429726131316564266329440313      
 -0.904809076451517450426826678686997751      
 -0.515533291702507462545388645048869289      
 -0.275118271939371035938949724748235839      
 -0.132727962872049566250461841839931117      
  -5.30889486436820104133097739599900363E-0002
  -1.24668558256415096173294409599269377E-0002
   0.00000000000000000000000000000000000      
