   787405.485731652931525768435325041580      
   688368.312617326542426293507722679751      
   510759.805129839668121393953949824114      
   385370.223619897982521718169680980093      
   293969.148869996995497946445711799436      
   213967.594577065878434595347843618749      
   152280.878109699482551840961872570973      
   105909.065514748937228722895094622333      
   71540.4743585530238993926424567174933      
   47411.4223151857975786027495466090636      
   30852.0336150599107648488975736234083      
   19782.4326113510897937817849593316339      
   12575.7571071765187152722902913086032      
   7924.13801227289322863930119673280630      
   4941.35886659523414641317114837074938      
   3022.62533351381334194167933376496230      
   1775.53988348709739452832765168180097      
   962.458831924720057182607885395714018      
   435.481322131299669099249417580163270      
   103.585989974275253951519753435253569      
  -92.6195625006476653651853240322396762      
  -195.191009543561338502691371173923586      
  -235.332838149514065990329798451623647      
  -236.706538809505492496768617954799430      
  -216.909282774066632582795553814263694      
  -188.092653313886592723154010054423354      
  -157.949468378332802888633531625440066      
  -130.563397440056573625559541244797789      
  -107.527768357375574756978385300786712      
  -88.8609607407765903915135886081881600      
  -73.8483710436956768309064183813573829      
  -61.5527236623796102508395471590935899      
  -51.1755988663328584181892727636155120      
  -42.1518888900975568785320674757762284      
  -34.1836312241651093145537780243731592      
  -27.1474086296060767561870571711250122      
  -21.0336365448544890006522559965298929      
  -15.8521594643159046660048609916577033      
  -11.6021240559643300937499365145518186      
  -8.23420786769103958194980280792012007      
  -5.66401613780936093668541045255024677      
  -3.77204345945817345948389725683518153      
  -2.43090018622167513792364111206290735      
  -1.51193672955762041782225903946708426      
 -0.904684366072184631090770753700160169      
 -0.515485321602498504750015692277735281      
 -0.275068225009235828767306852433307338      
 -0.132722147186926058104008852471834552      
  -5.30745909775310909339544731099577686E-0002
  -1.24733841967117710222300816178883406E-0002
   0.00000000000000000000000000000000000      
