   19909300635.0860389911614725035126247      
   513983750.801968841653388618248791666      
   312663628.135691669324709633632673137      
   149311011.015145922636535093906689362      
   65384608.5242917551112451133147243811      
   31498323.0793676869386215937133795690      
   15832340.3542272011995658804549130759      
   7308291.06942835091950678633388556489      
   3179103.01130622621580571242526171115      
   1396520.06499213123232847782264374420      
   584031.155011376537097346564270667945      
   242054.390383097026208921103641383904      
   116623.112654809160230660088149541566      
   62130.5709712756341229965871281867160      
   36732.8141033481127239850618785603100      
   24134.7244855053546830807757709377928      
   14034.0498289862595039733122913501907      
   7566.43491087899296118410922494342826      
   4101.28822899301286748372194365842368      
   1507.82157101969927494908105882971263      
   184.235851815081215349940145445678658      
