   627.290680825149797616824684611516182      
   563.358047113573841659399896795267808      
   426.727979596463184827684974528860085      
   297.425811398449607873632406312061510      
   195.604201890128958975053653534161036      
   119.483724328472958110649948059467519      
   68.7074614665873291373892810312535472      
   39.2273425891394616958525950750932088      
   22.4017939040235542715665656288179474      
   13.0611749876119648429066880634216834      
   8.07983968928591281110968870952464778      
   5.18049301259882978658976275199782255      
   3.26528441956884806819732976197210683      
   2.03502190311333351128665126342944042      
   1.16907405391313723638228119473566766      
  0.598937261845008929052697147452800742      
  0.274102547604128923592011530275675779      
  0.101861553484546118468966831407983903      
   1.38289068736087206134625678017403382E-0002
   0.00000000000000000000000000000000000      
   0.00000000000000000000000000000000000      
