   80.0870047177723418327087000004588442      
   80.0823205898286675742927550772500640      
   80.0745001370600014834342222347952642      
   80.0635357710335411635237202829128786      
   80.0494201062375907796174630741306148      
   80.0321410268216348033672220074289805      
   80.0116636477237604650634957179057112      
   79.9879004710508697988854732566295629      
   79.9606844521593005251986373905192481      
   79.9297579008176815344255527348454504      
   79.8947790266621162494622696145068289      
   79.8553401378132762137189507569272047      
   79.8109899510471386454946735005979079      
   79.7612545691535780643837951329172853      
   79.7056547015971928277041311838421758      
   79.6437191125525884619260020666909931      
   79.5749954969895006817046498372798900      
   79.4990600808838233385281668269774207      
   79.4155266539342670030429952444572406      
   79.3240549841697844256537840294955172      
   79.2243580028600471513750896909199719      
   79.1162069378517295639260818472590977      
   78.9994336890903024466791427363765983      
   78.8739300634054037142106291181918118      
   78.7396438804175251896471682996711769      
   78.5965723191178275910097402121991206      
   78.4447531311342674706933693086368632      
   78.2842544797946920458358254290799785      
   78.1151641823258405284546982744749497      
   77.9375790617378237492968198402249631      
   77.7515949870867421793191665355771038      
   77.5572980261561118454908460821842182      
   77.3547569774558433141912745322556488      
   77.1440174056264014078618394671620065      
   76.9250971855200332387480787876974987      
   76.6979834692365449784240485764479878      
   76.4626309268629563626747931998882094      
   76.2189610726535032337251761944101525      
   75.9668624696355521817073699007377158      
   75.7061916025221123533534113473210502      
   75.4367742169744714625211683075453938      
   75.1584069388788241021049707769452438      
   74.8708590072669097972564757619364863      
   74.5738739764143332134754046981149975      
   74.2671712647161887094221216916721653      
   73.9504474489239779807438996202554687      
   73.6233772214079011872752830887267729      
   73.2856139447783745094419566011610625      
   72.9367897521832043861310760998763987      
   72.5765151527701493968280945803432459      
   72.2043781101437910754897816876583603      
   71.8199425671791938748090591638065648      
   71.4227463933292229788038776506882936      
   71.0122987306160715408898468099959052      
   70.5880767118375295678264985473617046      
   70.1495215191016409449981737619681196      
   69.6960337425145775308857656923570914      
   69.2269679874783718661548168435786367      
   68.7416266642794264750068811641410462      
   68.2392528749845390550055976763010599      
   67.7190222894306229421250804495908256      
   67.1800338733660940056798949403665361      
   66.6212992963133425330232408840911945      
   66.0417308027779875976949162716529363      
   65.4401272757611119822998772518456809      
   64.8151581530989259868749266680206778      
   64.1653447708893305905318831327931154      
   63.4890385986894750532895539846169088      
   62.7843956908735699160377862631793364      
   62.0493464974326200177589151843152724      
   61.2815599417118521684975707945732193      
   60.4784003628481444298556367032541118      
   59.6368755098661326621601230954275256      
   58.7535732236112830426366267318013830      
   57.8245836948503085200222120317373351      
   56.8454031555379860227451961524748578      
   55.8108134094602872056073677098900385      
   54.7147295139820648078468644481192992      
   53.5500047969521581823677509629409660      
   52.3081775195328618429595539960138033      
   50.9791355142240944389874142939851767      
   49.5506613459991611088966065209791381      
   48.0077955521433131143781010867879827      
   46.3319083772789705060630143210027538      
   44.4992789605603261457950936527727255      
   42.4787991006291946561519231780009047      
   40.2280431733533171608905927368545755      
   37.6861089326937986458613442672007108      
   34.7595134878620481699117501452660073      
   31.2910105692399120182937194097275810      
   26.9765075461184329100334577092481988      
   21.0546362210946671092034031113100052      
   9.17156544114683668797042697204160532      
   4.40899235269322204541271959808565664E-0005
   4.08181119824590608316770920264161609E-0005
   3.88483781138056134285631747101297440E-0005
