   986.777279857984479416089845975794921      
   943.207387946848928278477630854696380      
   874.732082047154291817879250863294927      
   784.496403417978906766220628684590035      
   662.791518914511789362228195965136607      
   546.917312369102955687604438548699760      
   430.505477197648970987206639234941969      
   328.290204528742386807375412535291365      
   242.265425260172580519229394477814728      
   172.411274084139514020259374794220841      
   120.341854346299783824194142265935172      
   81.5313752722336995155541185384064339      
   54.8362846644412019082247340229471091      
   36.3973908784843724433960830949582505      
   24.0945730216371230133068747171206222      
   15.9364152255676530949841403002185337      
   10.3527887011034148335700375968392666      
   6.66352465320633820344341030208405234      
   4.12849335047864649505411473013133658      
   2.56082701917163566088774941578436529      
   1.67470860474697028153621956551427170      
   1.31785643181906622937225061096370232      
   1.33042800285874638419137738048214685      
   1.52645937795975685331457536531696886      
   1.78811619455683393444338975459833964      
   1.98518776491731298114288462912107247      
   2.07119177824430990257110190666359527      
   2.02102005942623522277048916708545820      
   1.86032123686812572653866128257101931      
   1.63132180584368722840881854250219569      
   1.38304792004189720880513859372434532      
   1.15779531357168699532028834243229899      
  0.980886369085703581357954592888823928      
  0.859810993124566971644476770581694128      
  0.787316331131562095262581072905303433      
  0.745184979483933706162557161239291413      
  0.714416280885516637968577870757167357      
  0.676863353745846295513625643135989545      
  0.623135971079633544063205308125520204      
  0.549553726891572962266150719008623657      
  0.460858850991199751680668550277615089      
  0.364383979133285016867990172848235735      
  0.270193818985268574757128625439133388      
  0.186011541474293060154939665473075970      
  0.117648785434440285683200408251206189      
   6.70913444991397102329957147004195596E-0002
   3.33673187557639606572300890400317046E-0002
   1.36494710274847292720450076079711638E-0002
   4.03629554992731702298605746515158108E-0003
   0.00000000000000000000000000000000000      
   0.00000000000000000000000000000000000      
