  0.868893686775493771529788866610998529      
   1.10765716978432098498720222962496111E-0004
   1.02642125065724231954449489825173847E-0004
   9.60730836635124396752874336238172369E-0005
   9.08123818732317679514102233439151538E-0005
   8.66391081573214584454829354746202345E-0005
   8.33577036255353741297160287859864418E-0005
   8.07981457077213595542843196581221869E-0005
   7.88155691066970114902351096135918855E-0005
   7.72890210807896147669870754346485478E-0005
   7.61194007538258357602534186347002543E-0005
   7.52268540892926757936197596941721526E-0005
   7.45479380045877856599213797139139106E-0005
   7.40328396026932934348597926563508971E-0005
   7.36428043656638030391572298543973829E-0005
   7.33479268619629728542748139969153348E-0005
   7.31252582305438800885522804848843537E-0005
   7.29572714955317925289435514021127193E-0005
   7.28306236021485487844710757310166846E-0005
   7.27351927949245028762418914584165083E-0005
   7.26633106294682091415436388318508580E-0005
   7.26091880742882509068233954236535715E-0005
   7.25684426490699718944104158920700271E-0005
   7.25377813011514178031192882160726575E-0005
   7.25147102597431742790412871757921767E-0005
   7.24972830469385737141471635960680473E-0005
   7.24841378635712643294666024314915359E-0005
   7.24741672708515252095015698521521789E-0005
   7.24666388528108140732824394336738566E-0005
   7.24609993564820305080557638165378157E-0005
   7.24569859912880944636150477945770220E-0005
   7.24537009728301367739378565381245197E-0005
   7.24512581317822867490325402852003214E-0005
   7.24494561269094866020358035467572505E-0005
   7.24478226171736344584061952933610376E-0005
   7.24467377766258281608475596828392639E-0005
   7.24463646834308839788970526366189112E-0005
   7.24460115771898541868736667091335286E-0005
   7.24456036018182900865642898870848176E-0005
   7.24453297284971129121770268120940422E-0005
   7.24452410593209454184598949468989809E-0005
   7.24446905644705701047829211775238878E-0005
   7.24441205023825105443270030123696323E-0005
   7.24440939680924783086221977105282912E-0005
   7.24443287240895671903160781718052166E-0005
   7.24445493952695460754724783704419602E-0005
   7.24445099133154083659489201789634201E-0005
   7.24443200160776681219108813815346007E-0005
   7.24439957205759282513091898939272389E-0005
   7.24443138615316757929958012476711300E-0005
   7.24443245086305992587701273414919279E-0005
   7.24444265454319606031450250115722095E-0005
   7.24437694089980801901401414463465966E-0005
   7.24439272835356150328274794438638776E-0005
   7.24434175003991084156792795777082000E-0005
   7.24435308120056806235537354479111045E-0005
   7.24432793731204442024464662859364189E-0005
   7.24432018151522531902170627189906455E-0005
   7.24427220814482085816294804089771554E-0005
   7.24427731121478630504041169300356031E-0005
   7.24422124426491620724130705831335205E-0005
   7.24419741274386997178885847326612751E-0005
   7.24420483412180081165356286322507680E-0005
   7.24417335661569276895614802831699148E-0005
   7.24414074117057282704121012972170445E-0005
   7.24409710924731602670753736425501522E-0005
   7.24400779527115253478093957730263346E-0005
   7.24393709863538675415055584419636453E-0005
   7.24386055713729598889199233126036634E-0005
   7.24375062561431694102035942121071959E-0005
   7.24361202393613786651637322184014142E-0005
   7.24348522222230922641240311346709635E-0005
   7.24328400611142678900442920016781330E-0005
   7.24313961074576233196046051279482900E-0005
   7.24276907061374999230435018029443470E-0005
   7.24231133956622912372398823372102172E-0005
   7.24182992242374494921273983309651215E-0005
   7.24172652630047953682986106404687065E-0005
   7.24134631024317325528829158647110176E-0005
   7.24064969438177582054982428132773581E-0005
   7.23961850857833750002065078003809754E-0005
   7.23790541929538373640140548586189020E-0005
