   7.87377685488512857702883714122787927E-0003
   1.96944303269396910802905258971453277E-0002
   2.11414073527857373715463556942089873E-0002
   2.26944239213974883950439905783737785E-0002
   2.43616495285762229722963239669069659E-0002
   2.61517866974230979805314267751997571E-0002
   2.80741164242881517968149443820307845E-0002
   3.01385465885232921968890702855426809E-0002
   3.23556632992516792777366490817571388E-0002
   3.47367852137491469324316219308626215E-0002
   3.72940209285644496844857868328857579E-0002
   4.00403296083563059392912864768277103E-0002
   4.29895850741302857964092638382617991E-0002
   4.61566436204586596261944274648402310E-0002
   4.95574158706938327955936870684245026E-0002
   5.32089430116536417640959828334842264E-0002
   5.71294777768077125051518138858123323E-0002
   6.13385705717493767349841133844808354E-0002
   6.58571611596587502848035746106460497E-0002
   7.07076763492087554668203799278052719E-0002
   7.59141341543386679233450313719555749E-0002
   8.15022549256476025513375523960467015E-0002
   8.74995799878122795421668561325381177E-0002
   9.39355983572692421571315324059604262E-0002
  0.100841882160248878745302400744722459      
  0.108252231423956297070041960716561334      
  0.116202828974188892663485870966936679      
  0.124732406241994761215620274132718793      
  0.133882420861303739039800483355152548      
  0.143697247030152930354372861364615994      
  0.154224379711745447283795526422228354      
  0.165514653870029153058081972151304475      
  0.177622480069266904798207856936326659      
  0.190606097921776709562364492997351841      
  0.204527849043230507269857279008303793      
  0.219454471375997383878107964630421793      
  0.235457416967831611261861843412294624      
  0.252613195554364420707868595921398483      
  0.271003746586960369354117792586829970      
  0.290716842681491589739660548223783451      
  0.311846527841453366914654368247802040      
  0.334493594234124080767549171148069528      
  0.358766101777353945550661436167596326      
  0.384779945331716299011111548541099613      
  0.412659474890948449987602482272890426      
  0.442538174831821068841318395821254019      
  0.474559409020579008879998347500002478      
  0.508877239384645262119939009885700259      
  0.545657326445503180631332664066042265      
  0.585077921270367597127037444865245244      
  0.627330959334730863406518704561653370      
  0.672623267890177484763736129097319794      
  0.721177899589322014299921506184907272      
  0.773235606320165174199695486699175873      
  0.829056468421455382638453387731476480      
  0.888921695663164656349401923147814953      
  0.953135617538750481087799558169870306      
   1.02202788148684880578827780653523877      
   1.09595587857228799900485823535756096      
   1.17530741684359027567664649195022974      
   1.26050366295428333649091607079597164      
   1.35200237259256553160373346386173451      
   1.45030142969056001967487668431362542      
   1.55594271315831060574952913766190092      
   1.66951630787333976834000242313814554      
   1.79166507371576618610891244210572314      
   1.92308958244251511717965431621251883      
   2.06455342701714707974110794188199447      
   2.21688890156639342654327178401973127      
   2.38100304236564425495698343426907551      
   2.55788401117451000209769591181673529      
   2.74860779193445333623833721944826614      
   2.95434516049329852175326369297285801      
   3.17636887493920665585812798024155301      
   3.41606102175205061411317952894682693      
   3.67492044090723294701502998425352899      
   3.95457014204202973681467248763898161      
   4.25676461472918158853902538939729976      
   4.58339692985599638041164334395356700      
   4.93650552728106955416847529053103592      
   5.31828058865122481012992739958458794      
   5.73106990490224942157660214845565093      
