   591475.117143074145165945486649728145      
   504118.171936122644776458717533123391      
   321314.240497162990709446572719539001      
   173909.162911361998711400316898555293      
   97739.4128434563872953691597295702558      
   58544.0351164979731637134187242919166      
   30974.6692206641015935814363814827621      
   13889.6479511603475815869475347611831      
   6775.20445427132390852054062265654023      
   3435.67660572356034035330462892828472      
   1278.94310957786574330319262043465042      
   566.784617455776705047205109791261054      
   429.045421293624696346533078184428466      
   216.949292670608345811399134775493663      
   106.588114658458515661725333018966982      
   125.620989815862405498980090852942966      
   69.3158244473899258127436474052430948      
   12.9954763660602592813737921760632628      
   43.0366435459120178927398008817607678      
   32.5747435343747597071058567964798683      
   0.00000000000000000000000000000000000      
