   592041.906907435965773980590105589270      
   504577.608371145721402989685138021880      
   320837.568637255276981938850734435953      
   173292.260168489107237155650915228196      
   98345.3489937290163148748281692995152      
   58630.3244310789346687129533394417222      
   30503.4727037471543019204674596671621      
   14067.4107743349280288788116277759133      
   6850.76814092334632391980017059888461      
   3251.78083560682009853946858843837320      
   1311.93781286536350759041894676103185      
   580.365183601075018704232103343442072      
   347.551085185888817845111232577716613      
   211.233070335915013402287125295752820      
   107.164335448180508861182271095193814      
   67.2574465351862561144287534794186423      
   50.3292820628687112498840583835341492      
   13.7062409282787574928059598487504629      
  -4.70092746711344648872870325504007382      
 -0.178550894781109442037205859048864507      
   0.00000000000000000000000000000000000      
