   1032733.41694468119604445616592140116      
   843869.366192519223182248526947263322      
   597656.612470512894004193610406897819      
   525677.253302935147039653265193032270      
   448680.477980972140027073485104563232      
   347530.960896832626432775457841093217      
   273056.904979558285996482091396584292      
   202642.850381574009263097705990293493      
   145257.198916945964165580361175647455      
   102130.284877721061098772241548622728      
   67842.7487286398467006239778314633027      
   44606.0167482769856455369062551737918      
   28260.6254298765435849120469950971457      
   17575.7737325379482941964131942048718      
   11065.1007056382369121445817997252719      
   6824.17886674717496890651222266262021      
   4400.42888694313057596543160048793309      
   2778.05838809023788187523309320411820      
   1723.06198455420388309919091074986101      
   1002.19692365071580828674317576815578      
   461.348993511997763877939800886592061      
   130.153459453416856649036993453246048      
  -81.2502218749415855001035954118318262      
  -157.545186618520927423601087966858689      
  -150.438818690754116507770183730423129      
  -92.1670205512213840599934755921017940      
  -10.4976803230955389637805419081333666      
   58.4780835391215741355931535569332550      
   109.252592282511672520879139816428512      
   127.640505531378894762641970199500208      
   123.544858530854897446811762856848475      
   101.160330710713782802869838056952917      
   72.2207806470852256382397026472341386      
   45.4760330994484562744551534806853453      
   25.1489049793903662892819462578096685      
   15.4520307806456509589036761879003046      
   13.5731196051106081112512127564792162      
   18.2377008815026584022981852707327610      
   25.3554605720219345309353849006448328      
   31.6588446196917827444898773962797749      
   35.8283334450952347774312831900977039      
   35.8620781155334220710446507920029475      
   33.0696624820427707316469084925878066      
   27.5550310603087096474317397360729243      
   21.0219348274104392098318164781302889      
   14.6094216606661053319252854679292913      
   8.97648287361812730227707883850233655      
   4.87379309397142120668464140070098861      
   2.17195187996453660432678423127367696      
  0.636995699587304086447284622362378992      
   0.00000000000000000000000000000000000      
