   1032735.11203566349916366656462451505      
   843868.069826216308785032511707343393      
   597657.076230813207061268765589894205      
   525677.474631519288031631129340566629      
   448679.987946421273435390964387889832      
   347531.378387685232437459854325355960      
   273056.697027294710144106161241284384      
   202642.875448918473067617657516836012      
   145257.265233562922657833409710740064      
   102130.212863506628500730334062263644      
   67842.7807628179116718053534907813276      
   44606.0336045748984753372908890621702      
   28260.5745621679651416046394151250517      
   17575.8379755089921266052935705430209      
   11065.0404886312433294612337272020249      
   6824.22652002520694574511648584668790      
   4400.39568201579770803905355831711322      
   2778.08071621603418057021235311126197      
   1723.04634998935789562686876900542923      
   1002.21043838598318502139742766360939      
   461.335617617655370673267818734553149      
   130.168113751678642710542810146934647      
  -81.2654337676684369379776132733386478      
  -157.529649744978641349745067871994291      
  -150.453447864820367742251395624074025      
  -92.1533496905196787725961843531501134      
  -10.5097103405153459077842581410696242      
   58.4889595272690529376718327687734213      
   109.243179476637379383246107192871835      
   127.649126939959504028809368040687593      
   123.537329120196978903514911463407136      
   101.167386532538628603539561883780173      
   72.2145888721702514319590028356458775      
   45.4819133851963762768366543961174866      
   25.1437686860604150725834355750842154      
   15.4569474049635260553092139612878661      
   13.5688673301839547422758151460641826      
   18.2417924717973411601717683675759569      
   25.3519895527098195406670030262049941      
   31.6621807071885521068566208603318298      
   35.8256034549200595755178698203054511      
   35.8646867323789126282450968855145440      
   33.0676415893880045214550960840398472      
   27.5569632632343797210009304932020645      
   21.0205455224024980166558465486953217      
   14.6107774395150912910591541386110050      
   8.97561308103463941200001974634116623      
   4.87467805361245363146971098205433063      
   2.17151869535521780921713323719300741      
  0.637456043959223396105819932620827864      
   0.00000000000000000000000000000000000      
