   1032770.37830237051417989482418176084      
   843840.960301761586764872668087070247      
   597667.148616048305097822348925121995      
   525681.412835555602139741958173439657      
   448670.542963681530682283023643523101      
   347539.356568682103420933427790004936      
   273052.971321619101679072538873368003      
   202642.890330574595219592537408248801      
   145259.086399653784627368330233501878      
   102128.296840805197588600169106238390      
   67843.8550691338555168651773967151761      
   44605.9752076723502118031870169889999      
   28259.9148461984942927631242559444593      
   17576.7884129602865703521833525469735      
   11064.1479954473624817686843718915920      
   6824.88025107069850578808030376500101      
   4400.01353755680435526709626880217446      
   2778.25675548090965746567957025288166      
   1722.98595774010349385380394531482903      
   1002.24098991384004690649241400536962      
   461.289224401105297582688620963650461      
   130.252078021766870309961114115503472      
  -81.3778568088962894347439900069373572      
  -157.400458645087722080389385131384241      
  -150.579987650069906357880430494226720      
  -92.0374087437842245431513852681951828      
  -10.6068435706136764225691966475568018      
   58.5702724737203106495293105080025444      
   109.178285435294396210951507830489262      
   127.704389521867743699299879910181264      
   123.492069680024413656810601137095003      
   101.208417182444080222523951231069769      
   72.1799136579594597021880301265932866      
   45.5147417862041416350551554964622304      
   25.1157035677118395989952394398996101      
   15.4842398614277651893205930098830376      
   13.5454612948992811350960866148889516      
   18.2649249963562758003762667189846001      
   25.3325125913288996253273010771333390      
   31.6812859590808886371650475607329701      
   35.8104443561581606154902656711923787      
   35.8792011825182537958566008177862601      
   33.0572137391986522232684058193372701      
   27.5669313902684613460007536207075287      
   21.0142000169075231305777720280964944      
   14.6173688499574301761104697400741547      
   8.97187350112318259652455647454726619      
   4.87929549027073324722784498341890325      
   2.16938878475813455841905059816990695      
  0.640401054511667961545714956906297441      
   0.00000000000000000000000000000000000      
