   626.124448110695795617682003520057832      
   563.353044302436218705573630382130242      
   426.566193612319345636877461655534702      
   298.071460525554006289056272752944394      
   195.388361305625804202632320318176745      
   119.398002854706645822833646632031973      
   68.7910052764548385201446225942162466      
   39.2708999158501221812595190305235400      
   22.3712240021306299431223954229349878      
   13.0798981369989052938480324400895389      
   8.11124664254237389925728393320493432      
   5.18530503526020456821745070381059897      
   3.28215046271154677982001561826758204      
   2.04336696091609415616078456725895442      
   1.18019420214191211868421133662664968      
  0.606147623700322094351945717824339627      
  0.280142342104843831344702261104016955      
  0.104653759362962862710459980263092170      
   1.99604264403753207890032758633465799E-0002
   0.00000000000000000000000000000000000      
   0.00000000000000000000000000000000000      
