   298.727448773913740665827810006967945      
   272.291289431797791906628102231043843      
   252.946056862547317753833676937530764      
   228.781784039973453977406154609376496      
   188.009385356239351457416315419655436      
   157.211928803648365911837863126357359      
   119.671942363854401244043903834124793      
   91.0370145833113607778098854544480422      
   64.8528454090689999910043202785979658      
   44.3263116662641637370358111129714243      
   29.3809721259496484110078958194226693      
   17.8051022403725141395972061464273018      
   10.9494855840402620226207735787282175      
   5.89947028405964732415680386905431160      
   3.43819446321045824006691737502751841      
   1.77976672205778398495439688686681076      
   1.02306102549636323344146505782864375      
  0.564840710593241858797943105427770451      
  0.198930199153241887776269359502682506      
  -3.43919079517545221711085030151378769E-0002
 -0.352763609327904476631870990210234368      
 -0.552325070569199954497276675523934966      
 -0.765621502209026143881270559126747326      
 -0.862076785830243253561005787701352149      
 -0.901726819542527906972934435424601706      
 -0.864087053559897056344165960842902752      
 -0.769700756347367075884727090462512644      
 -0.656567562321931925750244670286001784      
 -0.526085509964059331729301878841178369      
 -0.419517792851854544538582718957208886      
 -0.328067689445071207692426061024764978      
 -0.271266006534570921595566482345365451      
 -0.236173924634213618641247147267906658      
 -0.222677478390122071194278935303263728      
 -0.219596308082254146761192162962970599      
 -0.219642628695998091625537479869203747      
 -0.217210104233110268538249285437401083      
 -0.207440210996751172144235049164779097      
 -0.190387533019714026471156329556419767      
 -0.166135657540000592804168934610877208      
 -0.137662356120602328028122320916162243      
 -0.107753722676931264344003468301537924      
  -7.91630264635756322236719746289043383E-0002
  -5.43912100010005041376807486470508257E-0002
  -3.43107585097936198414395256589629059E-0002
  -1.97394663500181823223125104964795405E-0002
  -9.88830267915328700681274429986303683E-0003
  -4.11252997313752247916594764496570262E-0003
  -1.26626497961938014316029201228958705E-0003
   0.00000000000000000000000000000000000      
   0.00000000000000000000000000000000000      
