   19308419051.5040460239259451084638097      
   613501725.417852481157586923856719712      
   366785292.843291663319077640517784173      
   169273263.879967701726845199415969606      
   65426581.9056073372098387315011375191      
   29420190.6899205587591757441133687761      
   16754293.6196419174783678857372292791      
   8000155.56713074679843740667163010348      
   2859442.42379986535753572004119417789      
   1315178.56694158304317824930936721057      
   705777.737193469344207742214922546646      
   173272.578127795147373604289727650174      
   34814.8807947158406720585106135612040      
   74343.8065125062122379869744952796424      
   21068.8667818794613323828138979067625      
  -8643.14569375504445428015881706424911      
   18949.2457498698472751149658239737569      
   13070.9283612205688596350394474146603      
  -11684.4539704101641040836168687430717      
   3705.57761415734292041498803205794943      
   13203.6257042608858708944284821345533      
