   649.056696752992196718540476221628386      
   576.757987235597676929796352638175377      
   426.477797134930534159863381408135798      
   290.024601891715296153725807715094121      
   193.449598945917633441263933891952752      
   117.798168499983791894034340196012819      
   63.5446464799419950790298055091092108      
   33.8003832407414524070469776646566146      
   20.6763045769486157649455758001734179      
   10.2988877586328920799155936829183971      
   6.22748248143490700611403472966538627      
   4.30297251297391718213451522724138171      
   3.90323240581717823859325266103620601      
   1.62579401301632244277816754397574814      
   2.22920340175961648876726849976820445      
   1.17512792784347060778034799702688670      
   1.17159860304587629919412608236475016      
  0.250330527830300517023946325101409227      
  0.991092905156573931840018113952650030      
   0.00000000000000000000000000000000000      
   0.00000000000000000000000000000000000      
