   122.431012999999999999999999999999994      
   122.428912932141421278909691344019847      
   122.428856176959328127320478485639088      
   122.428797887945515553675312998458024      
   122.428738023647561827675424719977537      
   122.428676541492776779173897588928958      
   122.428613397757926091113602335559914      
   122.428548547538137379253452547876222      
   122.428481944714965946140463151077425      
   122.428413541923597499184697477186731      
   122.428343290519164508943404254461570      
   122.428271140542152253382998144997644      
   122.428197040682869946514760235971130      
   122.428120938244961684931846889402688      
   122.428042779107931262938573331992532      
   122.427962507688654205672380836111857      
   122.427880066901849649375678244838585      
   122.427795398119483958266666621193519      
   122.427708441129077207759264146419585      
   122.427619134090882883552084645775372      
   122.427527413493910344790224064605204      
   122.427433214110758776531516231541139      
   122.427336468951230511535673049332446      
   122.427237109214690733339248698295789      
   122.427135064241139681064342048353231      
   122.427030261460962560800372443537443      
   122.426922626343321428044993329131783      
   122.426812082343152339923510549768769      
   122.426698550846730084039239429104229      
   122.426581951115761772134697553337476      
   122.426462200229969540540956234285466      
   122.426339213028121524915852560200253      
   122.426212902047469173256978210743925      
   122.426083177461547827837642687970129      
   122.425949947016296342747380493630855      
   122.425813115964450308295275411793065      
   122.425672586998162225804281269845085      
   122.425528260179800715414723101692222      
   122.425380032870879544528565280504325      
   122.425227799659065934541899994744729      
   122.425071452283216237585617868912678      
   122.424910879556385672151988801805427      
   122.424745967286757365730269393553264      
   122.424576598196434472882866330715209      
   122.424402651838037617512735312251296      
   122.424224004509048347321856549838151      
   122.424040529163837685529867529330031      
   122.423852095323317218671322153190848      
   122.423658568982148468548846120365607      
   122.423459812513444559985295338130140      
   122.423255684570896412656026497959854      
   122.423046039988253853724313000214423      
   122.422830729676090166946266698455490      
   122.422609600515776662018636883452045      
   122.422382495250591863839680557647964      
   122.422149252373887883628930936125906      
   122.421909706014234441056999939489455      
   122.421663685817458857183237467150858      
   122.421411016825498130558615857972728      
   122.421151519351976941753783701280133      
   122.420885008854423103205585349017657      
   122.420611295803029579983645585771430      
   122.420330185545869751161298070714685      
   122.420041478170470059185657784839918      
   122.419744968361641604186267433003580      
   122.419440445255469579698274802523252      
   122.419127692289356713912525217641480      
   122.418806487048014074358151211545190      
   122.418476601105289711877567271684335      
   122.418137799861722659819654846125039      
   122.417789842377706764449384951474538      
   122.417432481202145700489318342062114      
   122.417065462196477319250066943981263      
   122.416688524353942183692611838751214      
   122.416301399613967762653443635349044      
   122.415903812671536282948620698847949      
   122.415495480781400670684828012843927      
   122.415076113557009349307404854791441      
   122.414645412763996899101571014329283      
   122.414203072108093718357781757788884      
   122.413748777017303857467025626101048      
   122.413282204418196121004418221809130      
   122.412803022506149346490831202075401      
   122.412310890509388469015379094443930      
   122.411805458446643565198758964841284      
   122.411286366878259534938457967030787      
   122.410753246650579421776603670784865      
   122.410205718633419589257464244991327      
   122.409643393450450057892527135785389      
   122.409065871202288261832978345076344      
   122.408472741182109302474133171887381      
   122.407863581583570454298825877003917      
   122.407237959200842212522251202516359      
   122.406595429120532558642283035687217      
   122.405935534405285354834845506783920      
   122.405257805768827857163564006006924      
   122.404561761242236256585960677404545      
   122.403846905831181911410367243480909      
   122.403112731163914520747122150672969      
   122.402358715129731901043083386774372      
   122.401584321507679262305333191111186      
   122.400788999585213932296880909520055      
   122.399972183766564340882862891593921      
   122.399133293170504747745329802261352      
   122.398271731217259669656187995047005      
   122.397386885204244233048351857571124      
   122.396478125870338738257133982499909      
   122.395544806948387567871242245635973      
   122.394586264705604197336771660750642      
   122.393601817471555465342866407624666      
   122.392590765153389428467928573370628      
   122.391552388737962052798712817677191      
   122.390485949780508678299954095487216      
   122.389390689879496622983560340595702      
   122.388265830137285466599031158240646      
   122.387110570606211460651901275433872      
   122.385924089719702145877044527777995      
   122.384705543708016612477023505694873      
   122.383454065998195904911524509746379      
   122.382168766597796844016865921882697      
   122.380848731461971006759065605261059      
   122.379493021843438759778642042209151      
   122.378100673624896078647202152626721      
   122.376670696633379391774298604890395      
   122.375202073936100857293596467031927      
   122.373693761117253303895543616736514      
   122.372144685535270533088367705033243      
   122.370553745560014781135942517125457      
   122.368919809789348864055393346904701      
   122.367241716244535868407627353534668      
   122.365518271543894193754312099717131      
   122.363748250054120288877448867355160      
   122.361930393018675542165481337308727      
   122.360063407662617475668527745786001      
   122.358145966273238640615275150315693      
   122.356176705255859407752294874490386      
   122.354154224164103176478040943430920      
   122.352077084703964379832935280034266      
   122.349943809710961025068489934576577      
   122.347752882099644368498363816806429      
   122.345502743784718665020400632599816      
   122.343191794573003743110972172205353      
   122.340818391025452420873465788092683      
   122.338380845288413483125588068941966      
   122.335877423893309068390875183315481      
   122.333306346523872852464686529484952      
   122.330665784750072345979949083864957      
   122.327953860727814930697246579376113      
   122.325168645863512926238369233722906      
   122.322308159442557988367660208441347      
   122.319370367220729473929257342008907      
   122.316353179977535047918176273388522      
   122.313254452030454736153377150953066      
   122.310071979709031823379153894823531      
   122.306803499787725441574732161673547      
   122.303446687876410366493845603283244      
   122.299999156767379421130460307544471      
   122.296458454737672951494278114120531      
   122.292822063805528070781844998305664      
   122.289087397939707740153181467508959      
   122.285251801220436244666417855584970      
   122.281312545950633207653456672383879      
   122.277266830716102941463665972992093      
   122.273111778393299631924067176764635      
   122.268844434103251572248143410826870      
   122.264461763110189372958317577084826      
   122.259960648663383750439867261780202      
   122.255337889780658110051203330040004      
   122.250590198971999661555912622696764      
   122.245714199901650205518424563551870      
   122.240706424987013978923101452788711      
   122.235563312932675015522746286967679      
   122.230281206197770329342896116301348      
   122.224856348394917835545177478225642      
   122.219284881618849247781887453825334      
   122.213562843702848200639394265756550      
   122.207686165401042504218993843140673      
   122.201650667494546708828803915223942      
   122.195452057819397003660671759725598      
   122.189085928214164855690051678698357      
   122.182547751385078674311710878644112      
   122.175832877686424122788358281372948      
   122.168936531813933447723455615619051      
   122.161853809408812319626675913815827      
   122.154579673569989127215878786135725      
   122.147108951272106400198983445910436      
   122.139436329686707003487259731517097      
   122.131556352403998902438447538748579      
   122.123463415552511594855581700030714      
   122.115151763813884690794153539546013      
   122.106615486329954544116121072686080      
   122.097848512499228247138529871532446      
   122.088844607659755637188055992206570      
   122.079597368655329175449512445324632      
   122.070100219281858586733321552853321      
   122.060346405610681934678508061633215      
   122.050328991185487289853621734657849      
   122.040040852089429265980115651949950      
   122.029474671878932388161041853903584      
   122.018622936380578450904968427443528      
   122.007477928347377655469110350501036      
   121.996031721970623316363041425656829      
   121.984276177243427224639916948862054      
   121.972202934171927277818872586110912      
   121.959803406830050657919305684816799      
   121.947068777253604583107023322132372      
   121.933989989169352395733704291626723      
   121.920557741554615398836466079405313      
   121.906762482022820330999210325436206      
   121.892594400030288590152111640760575      
   121.878043419899436192374045229395344      
   121.863099193653422891659908730053913      
   121.847751093657154798072441327558185      
   121.831988205059407119358775533453642      
   121.815799318030692217040996114223494      
   121.799172919791352911606126942254371      
   121.782097186424211789424670303989224      
   121.764559974465954050326822611460697      
   121.746548812271264080403364517014651      
   121.728050891143574327670905779900712      
   121.709053056226119083821363965372877      
   121.689541797146815315330022776928787      
   121.669503238410317620502105923864585      
   121.648923129530414591095266858097130      
   121.627786834895749200100841934148652      
   121.606079323361656189780679699236881      
   121.583785157560714661270415674008140      
   121.560888482924414030460910008488400      
   121.537373016408126072200526780819291      
   121.513222034911364780020786256232724      
   121.488418363385099071526998408575699      
   121.462944362617660816208967846282364      
   121.436781916690562094445182406836559      
   121.409912420095300851350196608847541      
   121.382316764501993019909438761211612      
   121.353975325170421583107034316878915      
   121.324867946993838748395532925879818      
   121.294973930165596239037971538839643      
   121.264272015458410479841446265647068      
   121.232740369105793978846790165275019      
   121.200356567274901285735441780163774      
   121.167097580119747340862090547958718      
   121.132939755403457609282638138864525      
   121.097858801677902909699393616492956      
   121.061829771008757080931813482152022      
   121.024827041233692354493706433527110      
   120.986824297741095291219271173277813      
   120.947794514756345156520178527531381      
   120.907709936122346410282721015561927      
   120.866542055560647324582979671913883      
   120.824261596399107359533607409569070      
   120.780838490751696561990375301296246      
   120.736241858135620633753003043834613      
   120.690439983510565168214823225719426      
   120.643400294724441592583186941188643      
   120.595089339349595284550362037039825      
   120.545472760893002857487801859504897      
   120.494515274363540418598053204068516      
   120.442180641178947383390167996733176      
   120.388431643394640852192034359328475      
   120.333230057236053286234874515523571      
   120.276536625915670919174686224450986      
   120.218311031715441652517237395247537      
   120.158511867314698748532662766376549      
   120.097096606343210080351492744821779      
   120.034021573138411644454020930326940      
   119.969241911685318093815103056717759      
   119.902711553717021808071762230757036      
   119.834383185953095066889289795607617      
   119.764208216452596809689807775081041      
   119.692136740057755813079520116421353      
   119.618117502903755448888180901834236      
   119.542097865969381040836296556272282      
   119.464023767642608744163451802906751      
   119.383839685274514345011765475898932      
   119.301488595694160916779404524896299      
   119.216911934656385367394293273487007      
   119.130049555193645039034190534458720      
   119.040839684842306140561577361662524      
   118.949218881712955348590787027583047      
   118.855121989373493836421912968559882      
   118.758482090512928696438743478472731      
   118.659230459352909610554128033684116      
   118.557296512773168078246961933011004      
   118.452607760116101899356382719321987      
   118.345089751634808278651236232678647      
   118.234666025547904203268702981156688      
   118.121258053663481956354310050212624      
   118.004785185533530066034451227075889      
   117.885164591099104924567907632106630      
   117.762311201785465004953838331478183      
   117.636137650005277288134127018406051      
   117.506554207026873409303541772619835      
   117.373468719163370331632004841535443      
   117.236786542237276233051343454172921      
   117.096410474273975897459993643222686      
   116.952240686376230363598962981520610      
   116.804174651730532007226309050669769      
   116.652107072694827695133522836573106      
   116.495929805915758208212052457371816      
