   1.65205040570835652238997004001594869E-0002
   1.00440261668277299185029330223624727      
   1.01794720157630675307814566828023179      
   1.03167293530759873222605899638825485      
   1.04558232039495714996865637260569764      
   1.05967789157865067604246409584636300      
   1.07396221628872803814044912945415669      
   1.08843789511821912304561139666431403      
   1.10310756230180976610694048037827767      
   1.11797388620008285462759254904911709      
   1.13303956978941881381998072786944988      
   1.14830735115764900169645747493125539      
   1.16378000400555601239853674421349137      
   1.17946033815431537661865763097376688      
   1.19535120005897365336012211445845524      
   1.21145547332805842958483261482003078      
   1.22777607924941628344930627703224665      
   1.24431597732237532284384659853116260      
   1.26107816579632948373499727175484434      
   1.27806568221584236218229221312106028      
   1.29528160397236895958409793969225231      
   1.31272904886269434235820197771988589      
   1.33041117565418885446562209664986851      
   1.34833118465698017346365163440983236      
   1.36649231830314316759615151896604490      
   1.38489786173300919221262841856403782      
   1.40355114338869734622256075063041504      
   1.42245553561497001592568924686892705      
   1.44161445526751719611428815080703833      
   1.46103136432877450101493345921790013      
   1.48070977053137872117239025179410400      
   1.50065322798936787591149620786246283      
   1.52086533783723226560645467165041221      
   1.54134974887692402710435410385263504      
   1.56211015823306309837821509141312106      
   1.58315031201566851832870681550181013      
   1.60447400599248116376966678411763259      
   1.62608508626837222486033449149127869      
   1.64798744997391711980770382358095392      
   1.67018504596245731627874256026100432      
   1.69268187551589510044634623668065052      
   1.71548199305933509449030670263545531      
   1.73858950688462981496060002079888427      
   1.76200857988328971893704495087871979      
   1.78574343028800805231544226418289342      
   1.80979833242407619482108335383691666      
   1.83417761746993491971259759174194930      
   1.85888567422733027164293190390849570      
   1.88392694990113470905963912226081959      
   1.90930595088895399879377770281966109      
   1.93502724358063794145701116243495738      
   1.96109545516782166284702016011216721      
   1.98751527446361421530090373525900691      
   2.01429145273255999210101495295067235      
   2.04142880453099586034885090045588619      
   2.06893220855792810016160454059849628      
   2.09680660851655384951071903627467913      
   2.12505701398655233883378854511984653      
   2.15368850130727175544140481214630232      
   2.18270621447193810234049171844936968      
   2.21211536603301290693218007173208836      
   2.24192123801882708953222406611802435      
   2.27212918286161871710677434181631567      
   2.30274462433712866834136846743315451      
   2.33377305851568898112048714975709460      
   2.36522005472554971818942958760629942      
   2.39709125652748507050775853041649077      
   2.42939238270195509974491510591448002      
   2.46212922824822890916402346249012724      
   2.49530766539585123904011412223418681      
   2.52893364462854402863866476084346823      
   2.56301319572067214177002604806734515      
   2.59755242878641391799043917813728082      
   2.63255753534169581626652628634386358      
   2.66803478937919318984362411087438500      
   2.70399054845628805791302531139861093      
   2.74043125479632097452303959080155321      
   2.77736343640310530604612642237421881      
   2.81479370818895937339567965217241039      
   2.85272877311629549464742013490274380      
   2.89117542335292114914437164491371726      
   2.93014054144117013463644615547998845      
   2.96963110148103466152992655634656959      
   3.00965417032725946965387849904373543      
   3.05021690880077287183938514236661337      
   3.09132657291434990217832277487189380      
   3.13299051511269042147609792706119584      
   3.17521618552712211748144565876394956      
   3.21801113324488214289327027590816688      
   3.26138300759320346216334736863527657      
   3.30533955943826824251890027164683680      
   3.34988864249914069963773680839628260      
   3.39503821467678080721436705931176023      
   3.44079633939823830625924208561164185      
   3.48717118697612193571861245141699722      
   3.53417103598343589899547782151241832      
   3.58180427464385691029273435086693409      
   3.63007940223764135704755366839644759      
   3.67900503052288928454547282467939696      
   3.72858988517295399709040797199907880      
   3.77884280722910510335055314264857460      
   3.82977275456938332116384955759360834      
   3.88138880339318982554456530492117025      
   3.93370014972183974001492890454616161      
   3.98671611091510070614539698991707309      
   4.04044612720375376773736576616107362      
   4.09489976323820560829329756253430498      
   4.15008670965318207781342673096279082      
   4.20601678464851466233254730147257438      
   4.26269993558602790068734612682770605      
   4.32014624060252556318898667598865871      
   4.37836591023886365795322844812259037      
   4.43736928908508802092640543664798490      
   4.49716685744160335186067899298640492      
   4.55776923299632904446704854113508178      
   4.61918717251778500314390137411289812      
   4.68143157356403775568987070804532477      
   4.74451347620742422062147773965018441      
   4.80844406477495394027927985333394135      
   4.87323466960428060881630971732063302      
   4.93889676881510887502130474416847119      
   5.00544199009590161360026829826735997      
   5.07288211250571150719072697787681779      
   5.14122906829096595938496756619324514      
   5.21049494471700042656668533662183067      
   5.28069198591411823668863833348529056      
   5.35183259473794890674417233383555389      
   5.42392933464380694024875166928182001      
   5.49699493157478378212915326935131423      
   5.57104227586327440167812430437263667      
   5.64608442414559833070306561079732017      
   5.72213460128921843443361221131403764      
   5.79920620233243433053870706741697811      
   5.87731279443584287159020263637873303      
   5.95646811884525867379259891826537363      
   6.03668609286556558409175374009253974      
   6.11798081184496799801868312806514204      
   6.20036655116907873671509480099003741      
   6.28385776826424790767625360964657813      
   6.36846910460946463501802274293875295      
   6.45421538775617568740723507659525912      
   6.54111163335527229602802204532438479      
   6.62917304719046231811263150016034029      
   6.71841502721721272424288520762114809      
   6.80885316560637855723032294948713079      
   6.90050325079158580278965214231419254      
   6.99338126951938266456300554741087586      
   7.08750340890110021184607260768714945      
   7.18288605846534493862273057796240780      
   7.27954581220991719648901483483782793      
   7.37749947065190007488258022524243988      
   7.47676404287468394881383695717126308      
   7.57735674857045142878504085958030932      
   7.67929502007672750329901352733903780      
   7.78259650440537983393232122481320078      
   7.88727906526253464089619323274359991      
   7.99336078505760674044435300968698078      
   8.10085996689967114010726980490509645      
   8.20979513657926622514346013427557378      
   8.32018504453361475623678900526714691      
   8.43204866779313834247972942876874897      
   8.54540521190709004051225429957215964      
   8.66027411284582914317843288775801011      
   8.77667503887746966259566915461318274      
   8.89462789241610419031164028910600446      
   9.01415281183908397310982494139599130      
   9.13527017327023748406823929743656048      
   9.25800059232626153975282825448963322      
   9.38236492582298382820649970121175361      
   9.50838427343818196645960097493747708      
   9.63607997932748775542627995332400846      
   9.76547363368970838778977948256966809      
   9.89658707427770259055588710157388326      
   10.0294423878507759247788966523490459      
   10.1640619115643395660074919194170908      
   10.3004682342924139084935649491707348      
   10.4386841978782795106384325027690373      
   10.5787328983083975884437741448749716      
   10.7206376868044650148246491003579053      
   10.8644221708282648619639837549592635      
   11.0101102149935925290498590751604041      
   11.1577259418795483197375141012458739      
   11.3072937327388050393599022566725216      
   11.4588382280946253706688872488278702      
   11.6123843282197392711858922609028304      
   11.7679571934901744843546869147165382      
   11.9255822446065907325601845144965016      
   12.0852851626755863693378247294534341      
   12.2470918891429238164604505736204704      
   12.4110286255704451146732965860787689      
   12.5771218332480257413650430605629565      
   12.7453982326316599440715673740307034      
   12.9158848025983505035562739764840863      
   13.0886087795083055685951125494388718      
   13.2635976560643676752272954670500619      
   13.4408791799585742373363276385847477      
   13.6204813522952012809945223138398372      
   13.8024324257794606929129529512929440      
   13.9867609026606883342202981776334290      
   14.1734955324186128770729563874523876      
   14.3626653091810252349756767164460602      
   14.5542994688608859106665496443941666      
   14.7484274860007757558075844824483550      
   14.9450790703123503021142391877129078      
   15.1442841628983114541272708099986013      
   15.3460729321442020509072342095188838      
   15.5504757692673426840662006558843332      
   15.7575232835100162711847285094490861      
   15.9672462969639695344096262509958021      
   16.1796758390133123597056695905054493      
   16.3948431403827088029289867001094814      
   16.6127796267778729625335635656168531      
   16.8335169121052408481495056381904380      
   17.0570867912576444428793859527036369      
   17.2835212324527372810198824211535681      
   17.5128523691107662588096118115674969      
   17.7451124912580693956546711049321217      
   17.9803340364423569748682404696065021      
   18.2185495801454542264171238352526550      
   18.4597918256785241496257328639330369      
   18.7040935935441256461889902353701007      
   18.9514878102483818095042700211151759      
   19.2020074965454419540109498557514079      
   19.4556857550947772016492695578247249      
   19.7125557575100485222745920445523866      
   19.9726507307761924543466630858214136      
   20.2360039430085328298625410333258265      
   20.5026486885249392869563075236482843      
   20.7726182721983584516602799891000457      
   21.0459459930531794551301139106286810      
   21.3226651270642942418999292542598971      
   21.6028089091128558987929797627174610      
   21.8864105140470996894942332346574599      
   22.1735030367906950347192466516702410      
   22.4641194714346713751969910642917664      
   22.7582926892421537809728832284183293      
   23.0560554154879641884666035158389654      
   23.3574402050479011550735009363234935      
   23.6624794166449991710386815403990534      
   23.9712051856527210049935817587841655      
   24.2836493953478516555935237365068274      
   24.5998436464991448675548977142505481      
   24.9198192251716357877822920767400136      
   25.2436070686213426181484450176675740      
   25.5712377291510503126807956638934715      
   25.9027413357952652610615933407945530      
   26.2381475537016543360169116617772764      
   26.5774855410775889330822699765214697      
   26.9207839035741718907193484322254763      
   27.2680706459866819561327829932685727      
   27.6193731211600497320641708988173225      
   27.9747179760010860162223865216725745      
   28.3341310945160702205740044937586448      
   28.6976375378131120141575487198501943      
   29.0652614810337483890167255211347928      
   29.4370261472075573141888337967813236      
   29.8129537380571933094276789897521633      
   30.1930653618191762130422341524952787      
   30.5773809581876685049478712513014078      
   30.9659192205340623607055720334848185      
   31.3586975156039291804221111349417437      
   31.7557318009440289759038468493848494      
   32.1570365403647316055866638030654347      
   32.5626246177962773443634359939981020      
   32.9725072499495086585605635240607360      
   33.3866938982415875353328628300801293      
   33.8051921804931496589386728386084707      
   34.2280077829436780313984939153242460      
   34.6551443731648419396637625332106297      
   35.0866035144754529896535147124652145      
   35.5223845824749488462258453455248620      
   35.9624846843135769976594572197060947      
   36.4068985813056334577333660766922141      
   36.8556186154665955667420582712997284      
   37.3086346405156345856866444048839037      
   37.7659339578322288982169790573684488      
   38.2275012577905057870027968682306852      
   38.6933185668192245188061933887349847      
   39.1633652004513163222531018076828783      
   39.6376177225375199001151429007272075      
   40.1160499107072427434217821718446891      
   40.5986327280700140365083596712017821      
   41.0853343010665478824948354548134294      
   41.5761199033032487182975789569635765      
   42.0709519451413441359415706429757279      
   42.5697899687646707638444009795015792      
   43.0725906484206457553442951555779793      
   43.5793077955184597218012192160049600      
   44.0898923682773647240460166033041679      
   44.6042924856453334709262353710091792      
   45.1224534452524983234141906826054234      
   45.6443177452216896190699698321360510      
   46.1698251097261335804267162870260694      
   46.6989125182570907826744728972417494      
   47.2315142386362120318299208158182498      
   47.7675618638723455764054311979966119      
   48.3069843530134740793200274835222227      
   48.8497080761739854254645810732436620      
   49.3956568639176671911061544487103729      
   49.9447520611392891154391582043159167      
