   597777.249201304735751414407821816679      
   413774.614843533824224692936050064769      
   178403.091714595352179966894506889703      
   131838.035271015110004340339246338916      
   96912.1293428555799883317648670389516      
   47450.5220180961117954855356031753440      
   30404.0402475647859481604285778765904      
   14750.9368108335949790443543283934657      
   5833.49422254970509566198292204077237      
   3317.82685879625184492331114647773225      
   330.883134675946346160039830868168121      
   339.773124104427944146914419595641354      
   88.1932157094556237371624630167816217      
  -23.8717295691297351401149061131540220      
   219.529029285828903229495007292355137      
   45.0640384638960556355136974163995169      
   114.555688859757856161561041077010179      
   63.6566442185639478524333929334686922      
   12.3677927389209048347773476780334569      
   34.5267204143253746681909470134531174      
   0.00000000000000000000000000000000000      
