   19308918872.5760068820489020860706836      
   613121909.892290189204891774690130810      
   366938005.452094497702068597601840186      
   169265024.484332598116299739992723131      
   65407015.6301545361822325273593916668      
   29422895.4339517194213140730026206846      
   16760018.1767419305597835740833877262      
   7997878.64879707487304849437953314311      
   2858237.80342924532875980410666558768      
   1316259.74929555299757758952030419264      
   705855.952041806653663412182103287197      
   172791.026025296555668119895053031873      
   35058.5765520517709502185858373920878      
   74432.2596200916145101098422255893519      
   20855.6459356154226274048121468309443      
  -8579.27935077861929930947983285950341      
   19095.6392187062080962452568248368918      
   12924.0091749407917504407125398005226      
  -11734.4575070148377230488800469212449      
   3850.14798513711746545633701323310600      
   13228.0616773427733978223595901171534      
