 0.23477948273411E-03
 0.33480610321583E-02
 0.35121559838454E-02
 0.36851041925452E-02
 0.38675114587224E-02
 0.40600404914031E-02
 0.42634178706505E-02
 0.44784419805563E-02
 0.47059920527586E-02
 0.49470384791623E-02
 0.52026545728579E-02
 0.54740299781171E-02
 0.57624859536156E-02
 0.60694927774692E-02
 0.63966895479938E-02
 0.67459066800575E-02
 0.71191914233145E-02
 0.75188367555577E-02
 0.79474140325140E-02
 0.84078098056850E-02
 0.89032672553714E-02
 0.94374327300410E-02
 0.10014407942664E-01
 0.10638808457298E-01
 0.11315829215681E-01
 0.12051318015396E-01
 0.12851858069525E-01
 0.13724861061022E-01
 0.14678672457039E-01
 0.15722691259778E-01
 0.16867506837370E-01
 0.18125055963262E-01
 0.19508803686412E-01
 0.21033952127554E-01
 0.22717681737829E-01
 0.24579429976129E-01
 0.26641212773818E-01
 0.28927994596092E-01
 0.31468113411630E-01
 0.34293767477026E-01
 0.37441571543244E-01
 0.40953190911477E-01
 0.44876062680675E-01
 0.49264214529191E-01
 0.54179192426702E-01
 0.59691109746374E-01
 0.65879831311115E-01
 0.72836306919110E-01
 0.80664069819997E-01
 0.89480916393287E-01
 0.99420783872079E-01
 0.11063584328125E+00
 0.12329882475399E+00
 0.13760559196108E+00
 0.15377798145069E+00
 0.17206692115276E+00
 0.19275584005926E+00
 0.21616437806879E+00
 0.24265240110658E+00
 0.27262432185835E+00
 0.30653372078282E+00
 0.34488825552483E+00
 0.38825483953788E+00
 0.43726506278985E+00
 0.49262081908664E+00
 0.55510009609249E+00
 0.62556287587404E+00
 0.70495708613857E+00
 0.79432453565539E+00
 0.89480676204987E+00
 0.10076507165958E+01
 0.11342142091325E+01
 0.12759710370422E+01
 0.14345157255229E+01
 0.16115678122892E+01
 0.18089756183571E+01
