   57.1013400000000000000000000000000007      
   57.1017238831241057545414075386218876      
   57.1017600350423449323468505725150465      
   57.1017995915415888540518299599375224      
   57.1018428732458149577784719237301234      
   57.1018902309735340955995806619751523      
   57.1019420485813390896104833583359776      
   57.1019987460752424364499263875888755      
   57.1020607830150220115092403558968389      
   57.1021286622391685913203131931682820      
   57.1022029339406276407039486345328825      
   57.1022842001263711632903153007497975      
   57.1023731194969465366940785082667642      
   57.1024704127855533640467436772341647      
   57.1025768685999240636691279284585634      
   57.1026933498143593787676085991309300      
   57.1028208005637292526742851596425078      
   57.1029602538961287267464976919121779      
   57.1031128401462172258934859308914845      
   57.1032797960971110735382192928262329      
   57.1034624750050906715598855180667778      
   57.1036623575683772982619425009888923      
   57.1038810639288866044111422690272071      
   57.1041203668042386479725342629979374      
   57.1043822058564655674752721425346160      
   57.1046687034138820082872051246475712      
   57.1049821816735514347900091924547428      
   57.1053251815237823854664228802310664      
   57.1057004831392198303543279110782163      
   57.1061111285154645049324363306862774      
   57.1065604461258738783442467958588161      
   57.1070520779003996912664291647351080      
   57.1075900087451381941052052292397785      
   57.1081785988418628841748454039313210      
   57.1088226189893426024129428242538253      
   57.1095272892729029470518366208245565      
   57.1102983213756659346171831214902173      
   57.1111419648744203486805550237401578      
   57.1120650578953725172151038352489661      
   57.1130750825403661349583445947665870      
   57.1141802255328266360334875264519291      
   57.1153894445749939374884165678146559      
   57.1167125409543000451173819336046004      
   57.1181602389874002627409767380081691      
   57.1197442729457891352744320414587802      
   57.1214774821675740088685821310464433      
   57.1233739151263317380092704554107376      
   57.1254489433005754290280188051152416      
   57.1277193857667966500770860589210146      
   57.1302036455259681458819674207428725      
   57.1329218586684972956921255617352022      
   57.1358960575866822170552727271850298      
   57.1391503495575840149326840329187258      
   57.1427111121438131068940340244867870      
   57.1466072069960446359223202576481996      
   57.1508702137902326265918879843066695      
   57.1555346861956937163969168484681407      
   57.1606384319488018238730763864751558      
   57.1662228193024223967613318384395116      
   57.1723331123350026223595356346124562      
   57.1790188378371550282796426931704180      
   57.1863341867495222948580136456011457      
   57.1943384534057654384235281782449164      
   57.2030965161409457792611504344215894      
   57.2126793631608570241286012027684190      
   57.2231646679347250201814344167538716      
   57.2346374187751028574311758801715415      
   57.2471906077080016276789318794078037      
   57.2609259842168723135861676718298063      
   57.2759548799698872692617752871036547      
   57.2923991112153226864288281782409026      
   57.3103919661593798232319323621600649      
   57.3300792853296052936787554635688836      
   57.3516206436807626041508384820826676      
   57.3751906440246774055887262891752936      
   57.4009803322679119452427110267220675      
