   7.99324013039228636377782516820712360E-0003
   1.41039823613635062048414223098489822E-0002
   1.51542872467428212670921359588379758E-0002
   1.62785811480351711378455617044060391E-0002
   1.74830988037493814117079058031077842E-0002
   1.87744392056154636080674666837970700E-0002
   2.01595976484837773748713970890538822E-0002
   2.16460009415265251743779022033706454E-0002
   2.32415459170590080563371848431639616E-0002
   2.49546412526675321272703045178827581E-0002
   2.67942525629093772004913657957493682E-0002
   2.87699507105690258115618060922926164E-0002
   3.08919633215974740296640628418132770E-0002
   3.31712295481925277202900338146852534E-0002
   3.56194581980209265646036426620868500E-0002
   3.82491894240423410901332739877500400E-0002
   4.10738602432256099478515999886563941E-0002
   4.41078742190826381097961579640421210E-0002
   4.73666757017982713845525761472527039E-0002
   5.08668290769524843252048383031287981E-0002
   5.46261035214053206838794446880255720E-0002
   5.86635638169681698777184344168137672E-0002
   6.29996678235858902148432588965143988E-0002
   6.76563712698712291131022325506283003E-0002
   7.26572405813133038154583248468971514E-0002
   7.80275745374898783479097001870542459E-0002
   8.37945356306978062614845023535171889E-0002
   8.99872920928220423469822968606969773E-0002
   9.66371716636170007977094293389554787E-0002
  0.103777828298676042920569488869507177      
  0.111445423156759982466118453709915657      
  0.119678821368957668528592163178961481      
  0.128519806278224414770604433791144298      
  0.138013313049928623113373063837200071      
  0.148207683795719488215492468335426801      
  0.159154946627574078696433081054522527      
  0.170911121370349439786708843227661113      
  0.183536555013512327580790861005082536      
  0.197096290380680596264784256450931402      
  0.211660471943298862508146610506030490      
  0.227304793207842278607662936697094954      
  0.244110990666439445238625580554031204      
  0.262167389928964516442695137613052068      
  0.281569510346429003689469798125952690      
  0.302420735201134180628510124242459151      
  0.324833055377675834490312497168572066      
  0.348927895341165998726064505072129632      
  0.374837031232857101085129192690296284      
  0.402703611947593416361755281498336902      
  0.432683295167486116947708617908510666      
  0.464945511486091032017058661920103170      
  0.499674870943154437081879971499892718      
  0.537072727476926451220371172332990039      
  0.577358917957402293905423656263415328      
  0.620773693541248093996203533922373626      
  0.667579862034929165641020219988898891      
  0.718065160701302319047096428621431968      
  0.772544879410037144889821948279447985      
  0.831364754127739677866416616182547482      
  0.894904150356868405352524122318060453      
  0.963579555148228454514186880639837308      
   1.03784839460417775904120737999109594      
   1.11821319122674617017898574490315450      
   1.20522607191927105203903565076716234      
   1.29949363280832289032754724910170037      
   1.40168216121829886669572277484632121      
   1.51252320805039405763072854298064357      
   1.63281949548310837115461609103567802      
   1.76345113539082473837275096508384459      
   1.90538212331156949955851772298060043      
   2.05966706144298918391130026144881253      
   2.22745805235578016782795285603096738      
   2.41001169337115870191845707305285342      
   2.60869609044052475310410360453011731      
   2.82499780058567318983691168831922907      
   3.06052860428577200014762055574045659      
   3.31703200445570039920617790617738995      
   3.59638934769617217771486306728296668      
   3.90062546712680461413437270078012094      
   4.23191375511758644581272773975727958      
   4.59258058933018674541134289279913093      
   4.98510905735270907107317729054627639      
   5.41214195453625630831969794705525976      
   5.87648406711576548704257122643023255      
