   647.090139254372470878040669693463207      
   573.274776397495327388385650520488847      
   422.550624771235854967613656363358087      
   290.782283825180866541020186992820576      
   191.176382458620623938575850802031887      
   113.709563020130061095622864317734426      
   62.0107649015137066216646652897003580      
   33.0452514724703507044022817033368752      
   17.4662250793200007494830912595999586      
   8.74300652799264218297267690540153088      
   4.61268740651688687947369650134167036      
   2.95966134210343523578994492344894774      
   1.66874198227970387842611653786397209      
   1.01067027241793423475267087125457347      
  0.652406229237861993453604072654767816      
  0.226019373903504242395077515133337484      
  0.119957182817937079853764601792526189      
   1.73695377258024629158688883616465925E-0002
  -7.01696465322961909834912900445819253E-0002
   0.00000000000000000000000000000000000      
   0.00000000000000000000000000000000000      
