 0.46323430238583E-02
 0.57222223013663E-02
 0.70406188701242E-02
 0.86420464077004E-02
 0.10595585879414E-01
 0.12987003975048E-01
 0.15921545516703E-01
 0.19527742304565E-01
 0.23962535085897E-01
 0.29417926625500E-01
 0.36129332157365E-01
 0.44385853037499E-01
 0.54542840338682E-01
 0.67037271092298E-01
 0.82406609322402E-01
 0.10131198119340E+00
 0.12456667886073E+00
 0.15317123663956E+00
 0.18835660854448E+00
 0.23163733133172E+00
 0.28487699804114E+00
 0.35036891419293E+00
 0.43093548839472E+00
 0.53005075450594E+00
 0.65199147634300E+00
 0.80202360303755E+00
 0.98663249460941E+00
 0.12138074158453E+01
 0.14933934244334E+01
 0.18375271191359E+01
 0.22611769838877E+01
 0.27828145592206E+01
 0.34252497938011E+01
 0.42166732181865E+01
 0.51919597632521E+01
 0.63943050439406E+01
 0.78772858187351E+01
 0.97074630381276E+01
 0.11967678290593E+02
 0.14761229274279E+02
 0.18217136436776E+02
 0.22496704718856E+02
 0.27801484747199E+02
 0.34382442215885E+02
 0.42549514032161E+02
 0.52679734782753E+02
 0.65221170243949E+02
 0.80690072006423E+02
 0.99661037882313E+02
 0.12275399900556E+03
