   132.150979999999999999999999999999990      
   132.150979999999999999999999999999990      
   132.150979999999999999999999999999990      
   132.150979999999999999999999999999990      
   132.150979999999999999999999999999990      
   132.150979999999999999999999999999990      
   132.150979999999999999999999999999990      
   132.150979999999999999999999999999990      
   132.150979999999999999999999999999990      
   132.150979999999999999999999999999990      
   132.150979999999999999999999999999990      
   132.150979999999999999999999999999990      
   132.150979999999999999999999999999990      
   132.150979999999999999999999999999990      
   132.150979999999999999999999999999990      
   132.150979999999999999999999999999990      
   132.150979999999999999999999999999990      
   132.150979999999999999999999999999990      
   132.150979999999999999999999999999990      
   132.150979999999999999999999999999990      
   132.150979999999999999999999999999990      
   132.150979999999999999999999999999990      
   132.150979999999999999999999999999990      
   132.150979999999999999999999999999990      
   132.150979999999999999999999999999990      
   132.150979999999999999999999999999990      
   132.150979999999999999999999999999990      
   132.150979999999999999999999999999990      
   132.150979999999999999999999999999990      
   132.150979999999999999999999999999990      
   132.150979999999999999999999999999990      
   132.150979999999999999999999999999990      
   132.150979999999999999999999999999990      
   132.150979999999999999999999999999990      
   132.150979999999999999999999999999990      
   132.150979999999999999999999999999990      
   132.150979999999999999999999999999990      
   132.150979999999999999999999999999990      
   132.150979999999999999999999999999990      
   132.150979999999999999999999999999990      
   132.150979999999999999999999999999990      
   132.150979999999999999999999999999990      
   132.150979999999999999999999999999990      
   132.150979999999999999999999999999990      
   132.150979999999999999999999999999990      
   132.150979999999999999999999999999990      
   132.150979999999999999999999999999990      
   132.150979999999999999999999999999990      
   132.150979999999999999999999999999990      
   132.150979999999999999999999999999990      
