   530817.377823527737281429298040221362      
   447491.688794774868775915433661330040      
   300870.172331475412191045536058943822      
   173274.891612169854977752457722268645      
   99962.8087489092385426635672488640213      
   57006.2192656230829962754217878464690      
   30234.7328404956859499589883422449085      
   14821.8684308829482693227944387043891      
   7365.01625230190698121120496815033693      
   3598.99580636389905577465524654330133      
   1761.53990167920363662181033831602078      
   985.478699623474976801946901368384224      
   598.996678335547127221930635702909798      
   358.079744493791492308924237174216997      
   230.340321225229792916119540128816864      
   139.871029322826534455522862757640033      
   69.0833309324696830240107481830258808      
   33.7225657229509811140067502698371295      
   16.1148433535041657965153676380156933      
   2.66124037294447456149213625592256335      
   0.00000000000000000000000000000000000      
