   19921156294.9245742524763384332448512      
   512847554.272483802090149535626557556      
   309848614.760282767199811257764387347      
   150553136.036002438772247988202181664      
   65380843.2545053984812972575636621346      
   31359878.3759485415666420081035125400      
   15834921.5338158190725206985769793694      
   7346953.34165380960071611963534333083      
   3157560.79288986899178798716225601158      
   1400091.61525311815676732842630660982      
   587580.871792903666102782186580647978      
   238770.994799243136901917958954143579      
   117420.113625065007211652517428924527      
   63347.4742649945771629653158949843928      
   35384.6598509316863842007640296275179      
   24317.9394265504576131482769949247083      
   14666.3544146450076268464920274233832      
   7069.84537539110769798176529690609669      
   4005.06769099557076396187042604565038      
   1817.27300170526782230160292920432360      
   234.059299599719933291129113809049213      
