   647.360323155797309646065307588634951      
   573.468221594837703686422014881427608      
   423.592957722894529353859638962304089      
   290.371611112190928748676697836576489      
   191.242537219449385059090188621762627      
   114.458782705658297529448169078409065      
   61.9615264069550026194732979429096957      
   33.2899038288442326552643823905308698      
   17.7404956005256851509899355617627000      
   8.88410535986290399751345397348093439      
   4.85916497295722357429286045002822555      
   3.09632300627399603913227868875425825      
   1.84732629157703437853763338333735250      
   1.17065299838795403117725513718762341      
  0.747723061719370447422714286956523856      
  0.391050562423521549476833918069883368      
  0.169255886762977048440175339181436443      
  0.101715394904501289059990047700877748      
   5.83789339592312164596021447745149745E-0003
   0.00000000000000000000000000000000000      
   0.00000000000000000000000000000000000      
