   5.18830652699365999340774395726775099E-0003
   1.04221745118793350984292890484007441      
   1.05636891717233987049535229094134637      
   1.07070959606645594871890024757477942      
   1.08524212573997647989172000176938946      
   1.09996917869918917565653297807239827      
   1.11489346260986953201452130099118196      
   1.13001772082668944439083381181017029      
   1.14534473292927818413691669628797605      
   1.16087731526507476063283962223447208      
   1.17661832149911126824556983655704280      
   1.19257064317086748617796199611823305      
   1.20873721025833776133569844145574809      
   1.22512099174945205492622306779355229      
   1.24172499622099396993038289278506274      
   1.25855227242515959470933761869708109      
   1.27560590988390209710249221481620587      
   1.29288903949120817588335404804691317      
   1.31040483412345372670505242708343941      
   1.32815650925798739822538365733483682      
   1.34614732360009210318783260662650323      
   1.36438057971847600461654445442208678      
   1.38285962468944601733213320886572980      
   1.40158785074991844747774333154614663      
   1.42056869595942303593502074882544005      
   1.43980564487125837321463408886742138      
   1.45930222921295841202714125396612807      
   1.47906202857623161740481142704723290      
   1.49908867111653616124571672939934622      
   1.51938583426245648679486999765362511      
   1.53995724543504853734309012810475772      
   1.56080668277732296032266037010373854      
   1.58193797589403766191789774762753523      
   1.60335500660197319622288125916411698      
   1.62506170969086662550949819055511979      
   1.64706207369518168255052804419284957      
   1.66936014167689530071441670037648500      
   1.69196001201948285118857486644522307      
   1.71486583923328673579101733359546709      
   1.73808183477245533129735027075973764      
   1.76161226786364165792662596397191565      
   1.78546146634665355666284577358484092      
   1.80963381752724959898185085658049129      
   1.83413376904227742099009447154684984      
   1.85896582973735366689900901238226426      
   1.88413457055728724344765032304917412      
   1.90964462544945012477915641248465003      
   1.93550069228030250365774982895880994      
   1.96170753376528165890019465155127256      
   1.98826997841226649194238780849957380      
   2.01519292147883228867314367270453657      
   2.04248132594351286205412288320859913      
   2.07014022349128984504133382924422760      
   2.09817471551353151215969600403510576      
   2.12658997412260612363389151635610230      
   2.15539124318139738105765115241360180      
   2.18458383934795218839977664711132735      
   2.21417315313549348750107953344232600      
   2.24416464998803350364662131239046326      
   2.27456387137182527760416338583392835      
   2.30537643588289287524116579456053448      
   2.33660804037088314740736563449275359      
   2.36826446107948435726475654223393872      
   2.40035155480365939300631215193489942      
   2.43287526006394363405123119333799452      
   2.46584159829805983532379332740517775      
   2.49925667507010462411437306194141751      
   2.53312668129756336695272969152614013      
   2.56745789449641224716446301748890054      
   2.60225668004456839118485465888152204      
   2.63752949246395078576256082828490518      
   2.67328287672141652433196842047444452      
   2.70952346954883861163445907329450877      
   2.74625800078259311174798781043085260      
   2.78349329472272485921843306282299801      
   2.82123627151206222709372003547651845      
   2.85949394853555257711863912281235450      
   2.89827344184009096610738932787920095      
   2.93758196757511537205544518999222887      
   2.97742684345424284733180540281279641      
   3.01781549023821964843140314273358497      
   3.05875543323946137199515272265294547      
   3.10025430384845616633601571960831195      
   3.14231984108230540740188627392323513      
   3.18495989315567499942974236070761785      
   3.22818241907442957457791739211630585      
   3.27199549025222057833869346688920978      
   3.31640729215029759455052018077565322      
   3.36142612594081025814865252003974780      
   3.40706041019386571405804923896275327      
   3.45331868258860376438346737496386905      
   3.50020960164854858848875006814635216      
   3.54774194850149218683819908767082683      
   3.59592462866416046149277580429212806      
   3.64476667385190807017680592118313033      
   3.69427724381368285027566683980298023      
   3.74446562819249464595885322596982869      
   3.79534124841161724127130134772967342      
   3.84691365958674170853679338627302788      
   3.89919255246430077062984703898287756      
   3.95218775538615954304564889542089455      
   4.00590923628087390160363173432195899      
   4.06036710468169799791835673390014140      
   4.11557161377151417661887686970581566      
   4.17153316245484578524470922439198654      
   4.22826229745710001463875986554042854      
   4.28576971545117347591897532071956130      
   4.34406626521153764128101345564169974      
   4.40316294979590448328877579954135920      
   4.46307092875455457606683698781517399      
   4.52380152036739049770897680905299319      
   4.58536620390875749404991697854587973      
   4.64777662194005102740549299310656213      
   4.71104458263010685018160812547102257      
   4.77518206210334356306439056795530456      
   4.84020120681560021992813180381099472      
   4.90611433595758219294847484993387924      
   4.97293394388579726101886667955253424      
   5.04067270258083042916498797015583584      
   5.10934346413277043342785808288692935      
   5.17895926325356294640479175692457185      
   5.24953331981602511779244504219074996      
   5.32107904141921311550472372611896815      
   5.39361002597978864282656901114530736      
   5.46714006434898185398061560160672283      
   5.54168314295469638315588514714195254      
   5.61725344646824768260480229793175864      
   5.69386536049516746755609755838728750      
   5.77153347428944533918829654086488786      
   5.85027258349051366178586011550251103      
   5.93009769288221197133321050358212962      
   6.01102401917289404807697537327120541      
   6.09306699379576290438123466268422817      
   6.17624226572843661869065999752415186      
   6.26056570433066079523458953736425105      
   6.34605340219899125456252419537579888      
   6.43272167803717305367793199986849103      
   6.52058707954083890445820036271055150      
   6.60966638629504097363417040317960453      
   6.69997661268301510185576252908470506      
   6.79153501080445631982767588214363487      
   6.88435907340145060515378777442146166      
   6.97846653679008245693370477207689264      
   7.07387538379558452119785759816210469      
   7.17060384668875101453286575539933188      
   7.26867041012117554383312994586459211      
   7.36809381405670647325547572655061725      
   7.46889305669633681592385473059911844      
   7.57108739739355770537951269881028282      
   7.67469635955701119946695588658790985      
   7.77973973353706867021736734803892379      
   7.88623757949274529374071648579514036      
   7.99421023023513162991755398848582955      
   8.10367829404328241992215916966519956      
   8.21466265744824954539760158565211125      
   8.32718448798067925332811012721191851      
   8.44126523687711400687327273099567119      
   8.55692664173984460964786473930087137      
   8.67419072914484904092161331821648326      
   8.79307981719202960804524825610234045      
   8.91361651799161865887132319771608512      
   9.03582374008026521167361905952980412      
   9.15972469075993905141629494360341488      
   9.28534287835239467588995465164139446      
   9.41270211436152407601474918961886428      
   9.54182651553549534739121098152438091      
   9.67274050582011771037211107572670487      
   9.80546881819440114827729520366690699      
   9.94003649637877919763741813133270240      
   10.0764688964059436359626556235337291      
   10.2147916880436944897888220330110575      
   10.3550308560586398192694690726899915      
   10.4972127013089841066640949476820978      
   10.6413638416540225739302955101109328      
   10.7875112126673098659912038815258441      
   10.9356820681397944263179225479209810      
   11.0859039803585033779782697983073558      
   11.2382048401456274300818145499915352      
   11.3926128566420887193891533768540184      
   11.5491565568188768525879821436069452      
   11.7078647846986093494476535671843219      
   11.8687667002689097618444183367793292      
   12.0318917780683024236743251313412900      
   12.1972698054243953569275619180360412      
   12.3649308803231558427904029451973694      
   12.5349054088870940565844353878645524      
   12.7072241024391289565658006342960676      
   12.8819179741278561710927156221998857      
   13.0590183350888318871088026802225799      
   13.2385567901153517890418086894159074      
   13.4205652328110434817723710010153275      
   13.6050758401953925986844338673748047      
   13.7921210667320861962875267247863094      
   13.9817336377488072737999266819753850      
   14.1739465422158230502081798132579968      
   14.3687930248494034506493888523778846      
   14.5663065775047626634292669672460939      
   14.7665209298218821190430784059930892      
   14.9694700390861907610135724191203208      
   15.1751880792647118030127558995146860      
   15.3837094291769029700806043808165881      
   15.5950686597580414215981019957745028      
   15.8093005203716365927025250142788395      
   16.0264399241260128087694369911088294      
   16.2465219321488788729805784923110115      
   16.4695817367724350644149904722069790      
   16.6956546435803446594334140281852291      
   16.9247760522667570425099076867557784      
   17.1569814362564860236741565215865542      
   17.3923063210345503112902421313113259      
   17.6307862611324021834906046423449626      
   17.8724568157175681385193535164578371      
   18.1173535227329333059602935908276479      
   18.3655118715316648488627254817116311      
   18.6169672739537981698521300883976940      
   18.8717550337908196374693416969965829      
   19.1299103145852918494266973143106212      
   19.3914681057136381571860010611148293      
   19.6564631867017891449104152021044843      
   19.9249300897255067559134132665640965      
   20.1969030602499426967948084137311394      
   20.4724160157664395101566134349250062      
   20.7515025025888320694511569630267391      
   21.0341956506767307106276330080276952      
   21.3205281264594269337481669285918664      
   21.6105320836414892860043268652157765      
   21.9042391119797930479720297008666228      
   22.2016801840319104950771744407823978      
   22.5028855998875861187843456063897400      
   22.8078849299086382286753732372116150      
   23.1167069555182687153208245020198831      
   23.4293796080985938566267361146385200      
   23.7459299060754710932834778910146802      
   24.0663838902925807055963635876114707      
   24.3907665578024484930433374663119999      
   24.7191017942308552499017745291288369      
   25.0514123049031460912365523220818951      
   25.3877195449562890053470541132034925      
   25.7280436486995958643670984255780566      
   26.0724033585296106146008376990896230      
   26.4208159537510185323367524787087704      
   26.7732971797054507594238504010040801      
   27.1298611776636329811791970388119279      
   27.4905204159932703458577443341156752      
   27.8552856231750250675318222656291318      
   28.2241657233014795236981424504143307      
   28.5971677747584687313164146499911827      
   28.9742969128538334752888060231110208      
   29.3555562972245715019410975062789110      
   29.7409470649184241065279158749819160      
   30.1304682901088874378372593852364613      
   30.5241169514620386875261404153412960      
   30.9218879082278998985474872426084805      
   31.3237738861767053535370847024305744      
   31.7297654745396694725372577377855924      
   32.1398511351430411365384859556960536      
   32.5540172249416623709185610759890250      
   32.9722480331623839941268607070513144      
   33.3945258342569854696085633478674264      
   33.8208309578372724346382676514468422      
   34.2511418767202487501785284255809033      
   34.6854353141469308183395994365261531      
   35.1236863711521419770685053372975924      
   35.5658686749509814695777328358552653      
   36.0119545490650712657350924076888643      
   36.4619152057293299592750413586315188      
   36.9157209608839097500702059922758372      
   37.3733414717443042618284335515428410      
   37.8347459965219596777251069779802128      
   38.2999036752878557763711838054552416      
   38.7687838301576971179315921185617131      
   39.2413562818207127913164952534500609      
   39.7175916777772727877550367942016441      
   40.1974618252699843933142028556239438      
   40.6809400184748949551372139574254122      
   41.1680013446313505458866491590540347      
   41.6586229468474706907272012375104798      
   42.1527842115591623376454065729001202      
   42.6504668350877268832424075206192091      
   43.1516547053201662671673810801880650      
   43.6563335100933817415612012602572073      
   44.1644899525838054316649109029089560      
   44.6761104160850023311058486243585002      
   45.1911788784649875643757762693689136      
   45.7096738371070498613505930589130101      
   46.2315639821989418554196550672448144      
   46.7568023741397643608734255754015309      
   47.2853189759176330331995758934252115      
   47.8170116083173564054367569161250511      
   48.3517357729845766077993904010803134      
   48.8892943260702159549736091648152189      
   49.4294286014858865395574094943889066      
   49.9718130793550340640975674821443221      
   50.5160557791072737375044931275251843      
   51.0617059599733772584708396088726780      
   51.6082693868056965178464117222993037      
   52.1552296843124547862521371248288260      
   52.7020727759630821900594912074415440      
   53.2483106965292693860365650675353634      
   53.7935014321754267424954945604571808      
