   1.68619962127293949785751678611201930E-0002
   3.38720671636078390698951894073024209      
   3.43319898081010457910989494555937565      
   3.47980618721598183333642580461803279      
   3.52703690865492355964809000575051588      
   3.57489983077236482088373217873529425      
   3.62340375348207597904719422822134151      
   3.67255759268674069427020988838305362      
   3.72237038202015409844497926293592227      
   3.77285127461149297205672877226203465      
   3.82400954487211162179810196881038939      
   3.87585459030531933007837648738425692      
   3.92839593333959772434101993473118114      
   3.98164322318571917851022497032904476      
   4.03560623771823040227374440155145384      
   4.09029488538176868280534726076551422      
   4.14571920712268181558309969815266902      
   4.20188937834642657162090065615246823      
   4.25881571090122461179142038802117823      
   4.31650865508845904423249688633821977      
   4.37497880170029933536045597153613510      
   4.43423688408504701500376947687178247      
   4.49429378024069955632943292881362236      
   4.55516051493723495430266582752497689      
   4.61684826186812486678881743368268025      
   4.67936834583158971294756078881911958      
   4.74273224494211483908820907538991607      
   4.80695159287275275656563713790350662      
   4.87203818112874252404857937054787522      
   4.93800396135298358208332749237428136      
   5.00486104766390774636504291634046312      
   5.07262171902629962104864620283714998      
   5.14129842165562240123316767978948935      
   5.21090377145641288772436409228338056      
   5.28145055649531653290586911930413964      
   5.35295173950934046828921614362676115      
   5.42542046044990972732185427622357600      
   5.49887003906331926636286831594697511      
   5.57331397750818189132080633418526784      
   5.64876596301047982671638837996914753      
   5.72523987055683538826153438290872578      
   5.80274976562662405915424876415073358      
   5.88130990696356119669101528388659732      
   5.96093474938740161821780703252726141      
   6.04163894664639941742177929024235879      
   6.12343735431118354120486354990981513      
   6.20634503271071290553225834057511285      
   6.29037724991098313688768694411613168      
   6.37554948473716539142563261754163607      
   6.46187742983986609881276037762361475      
   6.54937699480620493818771693628974348      
   6.63806430931641680167589937042794661      
   6.72795572634669199638433494504373978      
   6.81906782541897741451901201311409420      
   6.91141741589846990181014742815733324      
   7.00502154033954148843736624534420574      
   7.09989747788084461229927410311181438      
   7.19606274769035383437850848368755939      
   7.29353511246110888685151926526900655      
   7.39233258195843215221353100396026693      
   7.49247341661940184453378883232173650      
   7.59397613120537022907393831210144840      
   7.69685949850832416111045876226029998      
   7.80114255311189302727051449378842360      
   7.90684459520781681066650137834848180      
   8.01398519446869446480232831406682750      
   8.12258419397784002837171245130960730      
   8.23266171421708094259637149745995552      
   8.34423815711333980328450480683892751      
   8.45733421014484727135077764136494558      
   8.57197085050784005372832269192594288      
   8.68816934934460370407889736654194498      
   8.80595127603372548781199198820715380      
   8.92533850254342761318096038390027210      
   9.04635320784885579245990745417474381      
   9.16901788241420223805459011529868505      
   9.29335533274054587563557714914015223      
   9.41938868598029563984901531560740329      
   9.54714139461912495918019686747474343      
   9.67663724122628925382836755914158813      
   9.80790034327421385740206021388415230      
   9.94095515802824945898424634862207383      
   10.0758264875074825405920510887270134      
   10.2125394835174925740561303902505146      
   10.3511196527559437481466626722997578      
   10.4915928619918961173782315243779940      
   10.6339853433197168796007537673899313      
   10.7783236994884671822891905875208724      
   10.9246349093076333389831206901291794      
   11.0729463331300635706886600266289491      
   11.2232857184129622342462689686325749      
   11.3756812053577829125884377214756433      
   11.5301613326298496072241470349301882      
   11.6867550431585214998515213639494154      
   11.8454916900187012280746192438451731      
   12.0064010423944692633959172293596866      
   12.1695132916256075993662729844019441      
   12.3348590573377560341317293801214374      
   12.5024693936569105527445785053873408      
   12.6723757955089775045470028766943519      
   12.8446102050050185148983589101179085      
   13.0192050179128401802118031365463652      
   13.1961930902155184932346593851754594      
   13.3756077447574210740113498265439011      
   13.5574827779782488020453049792739538      
   13.7418524667355750475759695630063941      
   13.9287515752163137967366697923385736      
   14.1182153619374973341632937308355228      
   14.3102795868366895706885213485094168      
   14.5049805184523023722172202103993145      
   14.7023549411940191175541746294222271      
   14.9024401627034618556622301802741076      
   15.1052740213051658390678522275963279      
   15.3108948935478472630902264077808251      
   15.5193417018358665799592693458547402      
   15.7306539221507007147664283623857321      
   15.9448715918621421270825432622851091      
   16.1620353176288410983113167085457353      
   16.3821862833876988947862109030064674      
   16.6053662584315039086405387693825196      
   16.8316176055740795758155732100048583      
   17.0609832894020816328254463871199401      
   17.2935068846124426253903521098866482      
   17.5292325844343130891863492862222518      
   17.7682052091341910254370007052218471      
   18.0104702146027632452566267282113444      
   18.2560737010218049684656074682782162      
   18.5050624216092942695573170647586830      
   18.7574837914406973523619637578108844      
   19.0133858963441694008040453753831624      
   19.2728175018671889068329341366419201      
   19.5358280623119056562501699631314176      
   19.8024677298362294392390126537237408      
   20.0727873636174190107446449919534947      
   20.3468385390746475845124159964338167      
   20.6246735571467215773282036349713483      
   20.9063454536208124244532789995725980      
   21.1919080085077264394891511788092922      
   21.4814157554588831643110538103337126      
   21.7749239912197990810312282195252926      
   22.0724887851144830394399466169668154      
   22.3741669885547144667498102668697492      
   22.6800162445677679850345405092499018      
   22.9900949973356496938930371940268393      
   23.3044625017384407972318137050478292      
   23.6231788328938205174576723240599248      
   23.9463048956842960380802961112895076      
   24.2739024342630946517525278744471357      
   24.6060340415290625424834162711334172      
   24.9427631685602863982676066314107062      
   25.2841541339954731782064438811265025      
   25.6302721333514222046573285788342093      
   25.9811832482641777972320504625789485      
   26.3369544556406678647470173014118997      
   26.6976536367068110225422051533693623      
   27.0633495859372075733163579134387317      
   27.4341120198506205223381363757359302      
   27.8100115856544949813555604027278339      
   28.1911198697207593829952432842035737      
   28.5775094058740962261470568323326084      
   28.9692536834727606413318003925772747      
   29.3664271552608619379392619434718607      
   29.7691052449698019171029585667110995      
   30.1773643546452826966423526178345347      
   30.5912818716749532470479348662613081      
   31.0109361754903598790214356899542387      
   31.4364066439153825587093609961117862      
   31.8677736591318037319012094119174477      
   32.3051186132310323923216089268312878      
   32.7485239133193168168786307764846192      
   33.1980729861420070918136716072859373      
   33.6538502821905794126257744862424739      
   34.1159412792541983466583085799668238      
   34.5844324853755733652734604078605343      
   35.0594114411687570644714126149589874      
   35.5409667214543318855332482807431909      
   36.0291879361651359784293768444989064      
   36.5241657304732891477658972874724871      
   37.0259917840867883380147484747755590      
   37.5347588096613497709109419667225690      
   38.0505605502704803857048740933490462      
   38.5734917758739567259943595945328176      
   39.1036482787219828769415566768591970      
   39.6411268676292849100145762336171367      
   40.1860253610502564890688095718914499      
   40.7384425788830556838994150105597980      
   41.2984783329271691088388520614622189      
   41.8662334159155325560513257721496273      
   42.4418095890387036331036087107233882      
   43.0253095678748933143858782406016996      
   43.6168370066358913157602057532998160      
   44.2164964806350259457244100689681110      
   44.8243934668792801379344618555555107      
   45.4406343226836236398497617164200029      
   46.0653262622014249131765843930884909      
   46.6985773307605612146105137702281262      
   47.3404963768904786561451176435498037      
   47.9911930219211168868900048194775361      
   48.6507776270301199732941103621410446      
   49.3193612576103133597914566734227290      
   49.9970556448249346527619642376539079      
   50.6839731442136346201938314862671359      
   51.3802266912078189262832062964062297      
   52.0859297534095416285006702211036909      
   52.8011962794838563371868801000107927      
   53.5261406445104139593487190346726817      
   54.2608775916361201431585955916019914      
   55.0055221698669603881571999819562823      
   55.7601896678335795769410086951562997      
   56.5249955433622885116932869267618152      
   57.3000553486803070963444650876211229      
   58.0854846510820964501878989284879722      
   58.8813989488820332443709541701898525      
   59.6879135824779107588038578155627964      
   60.5051436403498440520194227872925048      
   61.3332038598201638217753605152388983      
   62.1722085224021985106367662715095090      
   63.0222713435693240108545034486231992      
   63.8835053567808147209588494068395685      
   64.7560227916078969567185931163333160      
   65.6399349458123137645831273446262009      
   66.5353520512409284080089936635062734      
   67.4423831334137042257162601298369104      
   68.3611358646993748095398072760900039      
   69.2917164109931375346815425179235757      
   70.2342292718348401795140623119512681      
   71.1887771139343274059090965278165227      
   72.1554605981037091090008169325427921      
   73.1343781996346548860491232207666558      
   74.1256260222030742431949630209377419      
   75.1292976054343733247926796315646169      
   76.1454837263204300340368923725751831      
   77.1742721947452810531713031457977021      
   78.2157476434508872931881816597372835      
   79.2699913128579576023908467655139951      
   80.3370808312502795621807672196687214      
   81.4170899909352247965187950467661682      
   82.5100885211079392673779258679113499      
   83.6161418582736865591930698831286910      
   84.7353109152212344974527225220412770      
   85.8676518496908102300944455558035130      
   87.0132158340427149681275138032632663      
   88.1720488274068071888323903761387696      
   89.3441913519781286240376690858759498      
   90.5296782753188314694784223632946708      
   91.7285386007298084520189629638465801      
   92.9407952679650233767783476124713401      
   94.1664649667749587946886195751108215      
   95.4055579659798573813085668954064546      
   96.6580779609848783462157265936912355      
   97.9240219428538841729710930020184978      
   99.2033800922516257344599563498592160      
   100.496135701740674670279333538477555      
   101.802265130074292398995525282899358      
   103.121737792253925785746087647803171      
   104.454516189214883693750079356012165      
   105.800555981060402705485323496964337      
   107.159806107777747980912297297916770      
   108.532208961335202776227830880569145      
   109.917700612971135412574369867202216      
   111.316211099340808438080217383137937      
   112.727664770977525159603698168709985      
   114.151980706244461425472642346217172      
   115.589073193590689776127631716529611      
   117.038852284461481613639050324988810      
   118.501224418620322367643884415552444      
   119.976093122872706687728169474896474      
   121.463359783168988850942409042514242      
   122.962924488696368952606597678435693      
   124.474686944685531273206347367729521      
   125.998547448012515633277674385325583      
   127.534407915917316571778609573712706      
   129.082172952776136560203869581155345      
   130.641750932127449278271159280777828      
   132.213055060043408604195945361632605      
   133.796004370051889274131609766925605      
   135.390524577254279744863404021909056      
   136.996548687567277597347571361925395      
   138.614017214035112370537824442012446      
   140.242877792290540368293988510611228      
   141.883083907803490660073904095835930      
   143.534592345897367652910960434454101      
   145.197358852276257576094008029165135      
   146.871331355011209584221272875448961      
   148.556439970597912049389427441467272      
   150.252582942146561030113878968545641      
   151.959607715954234172838633120054965      
   153.677286671732307357898621653631943      
   155.405287727031408317669459977406419      
   157.143141262199873975348018803511020      
   158.890206559728201853664229785649464      
   160.645642954829131253561580856763942      
   162.408392507903860708317094316969045      
   164.177181282098639646889602664456849      
   165.950544369913476090030228728836199      
   167.726875507118513683000838097472748      
   169.504496474015478055319445655693677      
   171.281736521880017117693346424185023      
   173.057009763720125504618836469489926      
   174.828879654570136913110357321485847      
