   19916593934.7559752803216439063385228      
   515652731.341146744472489660893925708      
   309011397.343491529557744920711359517      
   150631444.530080019597379439615039212      
   65392987.1594421343126429407630275174      
   31371418.3130147134285892031572773053      
   15824988.6588000184386273203026310968      
   7349371.02497553403778329965399410507      
   3156875.39179899945636905396701625828      
   1400661.62688392046484784958768837070      
   587793.799562303047685897983781947718      
   238163.256235999701047906085918577193      
   117589.777984803601028156363618609789      
   63615.7261139309236707504387922633352      
   35179.3654665782001313644738574452574      
   24249.9264581999642596813686813633912      
   14828.0263642982709521693476685822998      
   7026.05096121347093884801455622156463      
   3932.67742997003360333351816896264837      
   1875.70011476953232073931641263535288      
   272.854915796703444736555398015486182      
