   529965.027994029182394035059511117936      
   447953.197283524368023536112442502593      
   300786.067262324565576382257978150343      
   173276.382605980026784650619066313899      
   99944.1293539950840626675599903178351      
   57022.2030295390437451076324337406880      
   30229.8560911996207428789775437779070      
   14822.2340478875682157196390799257677      
   7365.14809423581784147375344110865160      
   3597.78761817615826826290764603143095      
   1762.50122891127649626518063865168342      
   985.370462974147501968939653255546041      
   598.148737233107017680358610973230287      
   358.223826080545125792868481042148289      
   230.591515871528269137205431346270399      
   139.330409884458466662919252100871219      
   68.9248569981299590475856170963103098      
   33.8868059535179727400051420752453414      
   15.8392652872910078876432947159560169      
   2.42526404308966908439759340142022695      
   0.00000000000000000000000000000000000      
