   625.438748376007184192676813819861853      
   564.919091594207332009766481619813417      
   426.348438472218576182216319400971762      
   297.553698472141051497426696750346486      
   195.313261664245207136015493979219925      
   119.875246287260902052684367878670325      
   68.5972549319362210357763107931295174      
   39.2622967107285800716737610952625628      
   22.4836378940637865868707669889160153      
   13.0751034867790055242115266379873583      
   8.09248742135915351381913640479029306      
   5.24176469161777665192183491064654308      
   3.27512071348554350419320921109651148      
   2.05163809304120589095992231878931499      
   1.20538305168683833294552465396409926      
  0.616846438729474438550644079301410336      
  0.276513652457115221859396306624957819      
  0.126714122298328063101146357727648142      
   2.04800074749794278238018998342152508E-0002
   0.00000000000000000000000000000000000      
   0.00000000000000000000000000000000000      
