   603474.382169755822688265966975848599      
   504888.558239348667521207040931203409      
   315663.566615962755795144596936814091      
   174157.279190215833499113625489869452      
   99966.1848827949690129998934535409687      
   57994.2698042976003161676652536364838      
   30133.8230160027010613677305074358007      
   14378.9691990992415764856966384277899      
   6905.30446957948455858878378747386938      
   3140.96104684662697446226442136680918      
   1323.98103442829123808019952200301424      
   630.194380781126382933405967207926946      
   341.819322967656027982481878723508520      
   195.741798571255818945961847056265207      
   128.159073227652412355422003151028699      
   78.8296136108031489324594787544737553      
   42.6394733475721368947127614015063479      
   22.5478855954703062166851855605263817      
   8.05610284960210151736527923853470724      
  0.309299733066047696361467725313870360      
   0.00000000000000000000000000000000000      
