   647.707192110671147482808497337130185      
   574.309855046030546519850970636550780      
   423.682817626858387400989914789653951      
   289.921174152132676812390212349824814      
   191.592526809343715449345547812736013      
   115.092805719991943076222851276589080      
   61.8810245094108002809310886239673407      
   33.3194325937033785367799514739679615      
   18.1175346976231667251362032523267999      
   9.03451152460223051650363101396027227      
   4.91097016085714754193416611886581202      
   3.29574336339179582725841371662904645      
   2.00527200174149834414202912147861521      
   1.23454704164728512344878827084886402      
  0.884050244566478779994283523424919011      
  0.488162058572443038271760827492733883      
  0.226997569914986547294387060569138724      
  0.162425605782244072276385657722564958      
   7.09676807839202450765535191964667938E-0002
   0.00000000000000000000000000000000000      
   0.00000000000000000000000000000000000      
