   648.108968095740891750954858829928974      
   575.593288411198970048766639250334900      
   424.925908836834891635304875022221307      
   289.965824492932606627893781712100930      
   192.402722566024563615649720110623915      
   116.334290333930069909528524232547679      
   62.5735353613054136677450689872871936      
   33.6603445896279624218047793030094778      
   19.1773381176254983469521032305499319      
   9.63442314222375456079838634585221794      
   5.47361401125398261847641558615889651      
   3.85990706655608001502906444609082247      
   2.71914961522362217297175433868110876      
   1.50825093415922285891131557418634827      
   1.45308272425599426548650682180775966      
  0.843672280053342048217427178380464917      
  0.547518941232241393359462017266658553      
  0.323564210969016853599254926837697444      
  0.405301354477409506325073539223444909      
   0.00000000000000000000000000000000000      
   0.00000000000000000000000000000000000      
