  0.333423615516558026979927411764903850      
   2.41101930304110809244293842141904048E-0003
   2.09040630993054747269100040583709136E-0003
   1.81238320157711774920150382939322506E-0003
   1.57131481514202924952252606220250676E-0003
   1.36230692099458123999893494124995528E-0003
   1.18110971669983552491063028651478876E-0003
   1.02403378538562504202759339793351842E-0003
   8.87876902696226390186571614895296313E-0004
   7.69860297600257330882449042049567981E-0004
   6.67573158515414065289511810429427056E-0004
   5.78924332676111728554029170780585782E-0004
   5.02100300475062639796901439168653693E-0004
   4.35528623810270879404055174285679821E-0004
   3.77846167910582145391651920173815985E-0004
   3.27871481962160098958850113074750340E-0004
   2.84580805984677287299760041294796027E-0004
   2.47087232212721680083323448608572829E-0004
   2.14622612977660189926014771789719166E-0004
   1.86521854999624969224251105114650907E-0004
   1.62209291017924369854773588992549768E-0004
   1.41186840475679313332116689720557447E-0004
   1.23023731877845642589917386652196033E-0004
   1.07347560480338409532865912031293755E-0004
   9.38364917604353114120601540915786663E-0005
   8.22124390102707068968128831875018650E-0005
   7.22350576647611411134923018946573263E-0005
   6.36964179818744732694596971028224720E-0005
   5.64162401184043061528784025601138938E-0005
   5.02375929774623360320769964599129321E-0005
   4.50230213069064695307456200224154853E-0005
   4.06510734433391656103863400199001475E-0005
   3.70133552848865650626678295165926849E-0005
   3.40120714335706310958532599373979611E-0005
   3.15583127590560211333895887108320460E-0005
   2.95710097460446041804771213902909002E-0005
   2.79765147097494338597452861163203383E-0005
   2.67086301493112407201863023418001293E-0005
   2.57087200096248621162937767767821510E-0005
   2.49257041438221709245369311845868615E-0005
   2.43167022157289104151308145112090576E-0005
   2.38453985060780492400060421309504537E-0005
   2.34821932759680577702742288316151349E-0005
   2.32032249234450817713167222240416701E-0005
   2.29896763108298565804009899427388146E-0005
   2.28260125760211940559568635764994006E-0005
   2.27012039057553553076534751326406067E-0005
   2.26059785436836189118413324594264624E-0005
   2.25333826179985141720348089110501587E-0005
   2.24780252016458067277574170554674723E-0005
   2.24358249841351975610629301137937693E-0005
   2.24036499659961461745763148474944672E-0005
   2.23791085507949370466659379779279560E-0005
   2.23603815481412732358302415318506802E-0005
   2.23460830575085637202035615192320973E-0005
   2.23351680067761801683597612090081210E-0005
   2.23268145827043037561274729307343587E-0005
   2.23204218581783239516578010191647169E-0005
   2.23155255306935985440486890030475142E-0005
   2.23119662055759557657431960013921161E-0005
   2.23090756776842724786748708343144177E-0005
   2.23068783873021813121249959477211903E-0005
   2.23051249925300955925757924492529289E-0005
   2.23038712767192969510793116097013046E-0005
   2.23027309660887594729646876671182455E-0005
   2.23018140511149920016878698478004265E-0005
   2.23007343626567637638036364538310264E-0005
   2.23003170795203430431162608354876676E-0005
   2.22996359636624598966432752940147496E-0005
   2.22986391787192758557533824631005607E-0005
   2.22976478305485589090938382003121176E-0005
   2.22969174373205956731995148586038313E-0005
   2.22957923208155591835862640571892994E-0005
   2.22942988588240462767185026146738766E-0005
   2.22922137379442037295381438260803543E-0005
   2.22914212668546156878536753958322914E-0005
   2.22906178586734886542331586796274858E-0005
   2.22888407348782466467020165747538655E-0005
   2.22858668546616661990056362070220550E-0005
   2.22805316863636634470795994059439911E-0005
   2.22698951481885272245078737372181416E-0005
   2.22550207945777388165805218230914391E-0005
   2.22320966344324812038402168497628577E-0005
   2.21923552868283340501606867889234351E-0005
   2.21188346146560671823608341236022835E-0005
   2.20168806909872366137705423199028795E-0005
   2.18600387082350486434646502017587503E-0005
   2.16676869526721804790629090290062495E-0005
   2.16682019030092019295163574474544461E-0005
   2.16230473774924054904565226551660139E-0005
   2.16823340264882216039918718426273609E-0005
   2.16963255594134278043405814366207982E-0005
   2.16853624296498235630064208597588269E-0005
   2.16627453465056941019669111046089734E-0005
   2.16553859780685647854270024070139371E-0005
   2.17192527222341635616293017580818145E-0005
