   1.10827013582694838875492517651012511E-0002
   4.55404031838184119557665954967528364E-0002
   4.89084669630962020931239641628786310E-0002
   5.25264266524291158284688780905085950E-0002
   5.64126199128542885657386203950813259E-0002
   6.05867025270405671740590406785056655E-0002
   6.50697413232473630024832863427560020E-0002
   6.98843131185491937948631566897180568E-0002
   7.50546100578934651305736687645721602E-0002
   8.06065517442032447602734431623244432E-0002
   8.65679045721966005512145114460429125E-0002
   9.29684086955278093459220686469545025E-0002
   9.98399130736590665021627678845131596E-0002
  0.107216519061755903680982310284240106      
  0.115134733023951987753771029544280811      
  0.123633628467554613661877560195227489      
  0.132755018213114478657857990678648948      
  0.142543637132682380761197459659669786      
  0.153047336005926686093156167266014847      
  0.164317287060978518596266907977426774      
  0.176408201783843491321357513843297875      
  0.189378561596698881471940666409407095      
  0.203290862021682939296799363360225052      
  0.218211870962202175374330412382852791      
  0.234212901748860849141020012906136451      
  0.251370101611407485790817228201968890      
  0.269764756251742850757751401053127304      
  0.289483611206004036411544584318943208      
  0.310619210696073841349598010169956884      
  0.333270254682643169965081011467080426      
  0.357541974843304507366228664036666236      
  0.383546530210254584423367451404248260      
  0.411403423213308275260188065544023420      
  0.441239936885273033940933618745468847      
  0.473191593998962242507023792760497240      
  0.507402638918319456352200351720992906      
  0.544026542961251913975444146590174633      
  0.583226534089246648196913931434853164      
  0.625176151759533671359574986079579178      
  0.670059827800457186370628351411525697      
  0.718073494200542587644921326323683954      
  0.769425218738163191914965563600982903      
  0.824335869422329594326658966412103782      
  0.883039808767989735881376683197742971      
  0.945785618992361743727878974655513214      
   1.01283685929435366302607847729875457      
   1.08447285646789129565827142441120700      
   1.16098953020587919312192889927286033      
   1.24270025457352129634389199234441023      
   1.32993675727298690213826083562557999      
   1.42305005848622927751565331233188360      
   1.52241145127168593998381714340692292      
   1.62841352570670188701606067765716825      
   1.74147123921215084090893208150321319      
   1.86202303577189986408827614164416628      
   1.99053201706951363765477156971726473      
   2.12748716891025093896334694408267708      
   2.27340464668015046324830105932224009      
   2.42882912401772730207246049024948235      
   2.59433520933947317043269107908808751      
   2.77052893536938585328801224010128248      
   2.95804932737611335723992023823498319      
   3.15757005642025308795281095915504318      
   3.36980118455844374833649095499295814      
   3.59549100964051255759614536216198436      
   3.83542801807021966934656785203715547      
   4.09044295467830611989912108695785679      
   4.36141101967887014001914126651024896      
   4.64925420354703265035017307311264400      
   4.95494377157269539110465725676199523      
   5.27950291082149426835719021727068478      
   5.62400955329023921092838570278382030      
   5.98959939021486141199954370590537679      
   6.37746909383171849590531574773261349      
   6.78887976449314333938276671099670117      
   7.22516062301763120089250753312628904      
   7.68771297066756788811412337606823359      
   8.17801444236129051602628868639695967      
   8.69762358276719586074560623964197847      
   9.24818477975996644048268336918319147      
   9.83143359491834632450836674072657595      
   10.4492025351510413300290393951670980      
   11.1034273107998511691945965188654089      
   11.7961536197813351327461044960368877      
   12.5295444792593160446340533571144704      
   13.3058880911841632951217370427417278      
   14.1276061756819464803594434015884434      
   14.9972626477993410467396410911036444      
   15.9175724751624762752090258736487362      
   16.8914105718212463968863271759863783      
   17.9218206746296449416061146109857404      
   19.0120242818932617094171600606192182      
   20.1654298347054586879814470895809381      
   21.3856423365670315747424461289886507      
   22.6764735753639821617990279136788937      
   24.0419531337732202733370566125400578      
