   19317402183.4398221112907931545842317      
   606657830.391486427737710734901345893      
   369563128.363563728657648936919760201      
   169107386.941929463714076520047694022      
   65070832.1937366111915010833832316318      
   29477262.5224681569952878403568092971      
   16855454.0538678401210802620901436420      
   7956777.26860005895402301795198513420      
   2839604.73648830650322469346321965036      
   1334462.53399418866054764361970487912      
   706562.702618233429363334578282524479      
   165098.296320039079906640712334879420      
   39417.3632993318076839262833499063979      
   75198.2255436456726750983787263753905      
   17629.9470339734256788703121470987398      
  -7165.35440553919737944268911185781555      
   21166.6035744900286138116955873433200      
   10230.5674538689521781363560675576114      
  -12063.7915212372861743107414104658119      
   6299.73299813407992737833310768398201      
   12980.9689986842396130929126931730335      
