   32801008217.5615428441147823534744513      
   8855201208.05927290185981817925241597      
   2387555277.54381455762924591580811990      
   512234959.605778460586912552309172783      
   608933941.297670215009946141487050964      
   446427114.537491261385510720523363970      
   343113625.871093715032933597585465128      
   260033818.118821641600024154297524069      
   181998129.895732349679398688477526987      
   130647490.889396278092276769238670275      
   86090146.1343135621217912534640236524      
   57092348.5079658750988915258699949748      
   34967376.1996069119473195313414918546      
   20991821.9611925057755506794718746719      
   11847764.4847010899913274599244229974      
   6421244.79271939177027492019227892769      
   3475127.86976267479454514710124808814      
   1830949.08511603665193051978227951453      
   1122187.82546277610789492550787706656      
   696387.036378888858927888500730904034      
   516774.397604024046786409829002285658      
   343980.496411692280205904390815571943      
   220292.112710944764868601216852006326      
   100311.834098206623676517040450618684      
   9717.44774229693072662617906050478460      
  -46390.9252023838752595998887970439627      
  -73923.2682722396158907405847759701863      
  -69820.7375021045176225815762858078916      
  -53169.8467754534160795716568855532770      
  -26474.4056494104669522422879434969645      
  -3986.96902198109228424428423114623299      
   13065.5437958855644918281910602480071      
   20643.0166218781693795345327193621695      
   20742.9219971281582635632791951360201      
   15640.3876312350284550610507333689744      
   8090.52300711836902296798723986696624      
   1123.21782480771765509053483154717938      
  -4097.61809913977678151428693707142500      
  -6457.83817135854540584941169626626534      
  -6533.09333638888127807015963600486560      
  -4800.32543599759926062368545867997782      
  -2356.12928307823184286793227401369475      
   60.3562074044476423336062492856205820      
   1856.41914930980124650389938949604333      
   2796.23527695030725699864362010340571      
   2947.72229752760868154771604570806981      
   2509.20005713721412169332657257886469      
   1802.50702833271247101174981759734070      
   1070.75147551373988084467739509748465      
   471.959748914036388154761683403985086      
   107.590959660452266442246991398608673      
