   32786660959.5823601041750650342243779      
   8866210222.38474624249454106185152123      
   2381584062.39694353812292567879665012      
   514862371.067992834579857804853718564      
   608219499.872321989369685587480553274      
   446391480.729181939860593002707861411      
   343385996.702522885352159035838935533      
   259730196.473089704912021411265832550      
   182217819.370493158917286042815721991      
   130481650.394892672715509381406414468      
   86180150.9948160405239238209233370308      
   57039407.0096604184608017888940867022      
   34988830.8031743250998733461790337967      
   20990016.6323169350190404124420497287      
   11845401.2879839324526403892686119024      
   6432529.75139352710117013158470272416      
   3468210.49774433983570402090512046256      
   1839742.50070976708019758713657066660      
   1116742.33033763840919666009010825946      
   699957.551731567441603071299085963307      
   513829.592594674281159523640496747342      
   344290.994565644829468951684448365713      
   219341.305159318515675346583986228509      
   99634.6712500645435300781150436396864      
   9921.66168217747474753896133158825685      
  -46899.1437031039427943233674461145057      
  -73334.7948743864123330711455271446041      
  -69975.9032335466146636025063864968540      
  -52699.2538882017810916521468438505568      
  -26470.8152521440852051791212325445910      
  -3804.27080585439262990011653981192121      
   13066.9063762082087578177594679381013      
   20609.3532633475037426360759601596018      
   20715.2151630032423920732908488565168      
   15539.6732260514629746287071764475650      
   8070.44706501934427928444741056290517      
   1057.11911262514427672278248372937184      
  -4088.69116842199445577305289035172888      
  -6469.25838205020940680916904139216863      
  -6507.65692138431152967764383538271117      
  -4784.85617841664838999304063267160126      
  -2337.02677525023569703363204183199840      
   73.1388355291118494715708737773650572      
   1859.31427746797883818321818437721060      
   2796.68459765988538321315963064820830      
   2940.25317005341785260980066679960554      
   2503.00734111980277149425894251707081      
   1795.01610057110527893300651671688033      
   1065.54100218579731044931620739250810      
   469.169545763432042822657824464015036      
   105.917171733421853518830733462823925      
