   32801937542.1083761558041985184800669      
   8854484978.96949932509265998464641093      
   2387946054.25914362393740211440095391      
   512062956.488668440120848098963356451      
   608979981.869901770946603941272089742      
   446430998.234946413593241845546264861      
   343094041.878684002588210592610011930      
   260055266.470129661372294678736507633      
   181982481.615997343379256030208532062      
   130659200.098302695690740027755253132      
   86083695.2224424346797700620676750564      
   57096092.7531950315675042873661790001      
   34965853.1231001791190696019130345273      
   20991946.6743205863598018433042771900      
   11847972.1009054346225534568030526197      
   6420442.63449992630886472997158664634      
   3475651.72269372235590998670548659560      
   1830325.90014432950464680234838153237      
   1122580.27882820882334471336101543583      
   696138.210376548811653733261554299631      
   516969.011925858655945595858242453183      
   343966.960725453227282348172522647040      
   220339.555408393469628521721844319835      
   100370.738700589749293632919256651860      
   9687.45742551329326518598073141060947      
  -46344.3140113712722598791939046893046      
  -73973.3731663698221216365918081804800      
  -69801.8515216637833882844019434353884      
  -53206.4850715635440793301676631328745      
  -26470.3696979773851689990331158384295      
  -4000.95989566868603391564178535339549      
   13066.8202717280009087901740896464985      
   20644.8851840244201150589975589038374      
   20744.7872018092442757579994989475961      
   15647.0593548214564135162737456228007      
   8091.61974318293024342879450599212091      
   1127.55042541779001730240406934615300      
  -4098.25130454871074591967194634608060      
  -6457.21367666644929801340139431970646      
  -6534.61051495753549423733155447353079      
  -4801.51283647853908813344023478065219      
  -2357.16810081609874519009685795970514      
   59.3672703687679996180050636580602362      
   1856.38312163604854812803852666094635      
   2796.11857899075622021009963469401979      
   2948.25850543230055909206312905809892      
   2509.59830532891301534372059191652747      
   1802.95021985412657156033738488914314      
   1071.15995926479963948824871173289724      
   472.033847183542066942179779611838122      
   107.822286784162305988119549180321422      
