   32801936618.5128919577598952133405803      
   8854485690.97432884509626296474096091      
   2387945665.64914329467405292294234750      
   512063127.535841443488108877145206403      
   608979936.138677310085800540155249143      
   446430994.265214882568458646912286273      
   343094061.474596775993401906550957753      
   260055245.032457085747549961474541292      
   181982497.265093805835374158554086859      
   130659188.393811899246733617045854342      
   86083701.6779265184452572512545849701      
   57096089.0079960495332761751581250142      
   34965854.6485557524095750674086608612      
   20991946.5470555694827691952654870697      
   11847971.8935995392399095227659343704      
   6420443.43393711841839123479545881859      
   3475651.19944405051908108896660969211      
   1830326.52078955957371538840184646123      
   1122579.88832212976513602858962474711      
   696138.456807878835444936601107647130      
   516968.820164871748723012968563741899      
   343966.971963776019540673812726177026      
   220339.510838420339236017084178293170      
   100370.677646536575676328776737043331      
   9687.48972104887488789935297379342247      
  -46344.3625038347256244797696958459578      
  -73973.3214345241847169084524528044591      
  -69801.8719150507255866892125953030815      
  -53206.4473085760046756575292243644086      
  -26470.3748495811964394596423898985911      
  -4000.94506390641905655534428340357244      
   13066.8181956210945094542500307615248      
   20644.8840077130868306376878492380509      
   20744.7847360264849558433955978071759      
   15647.0532756621684849854692757445855      
   8091.61814786508571646344900952711164      
   1127.54659599706113302522787430591183      
  -4098.25111578095531760734287771637183      
  -6457.21387919698577394464680695752897      
  -6534.60939520513586590740423834837617      
  -4801.51129400248588629083223843534644      
  -2357.16740438483810819168475750863961      
   59.3685612495436073113437069790931935      
   1856.38287380545025175776222832492532      
   2796.11895239177705295630102088475313      
   2948.25773788444162808004775645495055      
   2509.59812204080975423077411886192455      
   1802.94958727945365769278045192155632      
   1071.15972741307391484426816909570700      
   472.033616576291994261567687807485630      
   107.822199112268097005981167892813968      
