   32801923761.9513496223952213313295288      
   8854495602.12877512457374168329345288      
   2387940256.20052278365686889420628429      
   512065508.512084582122731281803578844      
   608979299.548717988310387765067982627      
   446430939.029332822186278087149817101      
   343094334.224127023426703324345005830      
   260054946.643090671737683494867536901      
   181982715.081824423490437580825752849      
   130659025.480272654841267703500956464      
   86083791.5294662571755546313446947357      
   57096036.8797310828340664299486892697      
   34965875.8802783243956394491123619246      
   20991944.7765550281267212281660663180      
   11847969.0077291270068670451924135943      
   6420454.56208117342282246056699487888      
   3475643.91595190245447329413497599198      
   1830335.16030960893416028779878810138      
   1122574.45219913290266460520185921919      
   696141.887664585998129194682659302351      
   516966.150166251997480096740071891779      
   343967.129176147909908750373214987509      
   220338.889574677611310106770385160671      
   100369.828591675929999216768516076834      
   9687.93846392091091145847695331229724      
  -46345.0367818604452752343494613753864      
  -73972.6020103892917551218170887458911      
  -69802.1551737745734756892579135382981      
  -53205.9222013486274373050194403912916      
  -26470.4460506238117673284996282735494      
  -4000.73906514013463230375330959649772      
   13066.7897279906956938560861820632881      
   20644.8672317275278990387131886952218      
   20744.7507953594023388861085397665633      
   15646.9682861644970945759800497075825      
   8091.59629436488928262951629373939368      
   1127.49294615191988052253481613534494      
  -4098.24815531644061811816969420800277      
  -6457.21702307662311398516535996985110      
  -6534.59349314865696990341960907946078      
  -4801.49012883439680240356763391912748      
  -2357.15741244689247171019635774930440      
   59.3862419325810792268800245084949017      
   1856.37970432147631416896580519623701      
   2796.12387831640404408180308395615639      
   2948.24731769053383615631990633841898      
   2509.59531397398238872726368114304784      
   1802.94103138198766590608342615096642      
   1071.15625687925738874079088423827351      
   472.030643382538688556592321990066831      
   107.820747496610454857415041754453482      
