   32801909122.3578498879899638506678490      
   8854506887.73724570672772515858768901      
   2387934096.64765319219543171536533535      
   512068219.649301855377969600810474397      
   608978574.659421830022367564807249622      
   446430876.185641365864670411045572218      
   343094644.737013348783691679172395763      
   260054606.929208275560435984373369390      
   181982963.060197668800637610777914006      
   130658840.005341754360966349393291986      
   86083893.8206136342729717530206597132      
   57095977.5339747788644695306004943603      
   34965900.0503632570014546984001876551      
   20991942.7627026327072978728846086886      
   11847965.7214714079608996150991260561      
   6420467.23310111700277225746790554245      
   3475635.62298480624183841092789715242      
   1830344.99798105899525343795490496345      
   1122568.26181079795885393353786413655      
   696145.795301071763886644400681619661      
   516963.108545189060901887542645253940      
   343967.309774528922483640402548018076      
   220338.180405936244737664614059412252      
   100368.863485160597782419194399703972      
   9688.44776282671372384683221666059018      
  -46345.8030574371607733865696510215257      
  -73971.7842065974223843025383127842129      
  -69802.4764797141199843246692116973489      
  -53205.3253665595762746020963968533540      
  -26470.5261375425195757826020044772530      
  -4000.50537574071685614447768138262732      
   13066.7581253051604576542612818017711      
   20644.8473846840790105964581846640400      
   20744.7128511371736690844319702467839      
   15646.8708430381809959201364561917739      
   8091.57204707715740981216902901618796      
   1127.43124019807431555668311988264924      
  -4098.24419319941762726669851680844735      
  -6457.22117607538271653481926544197772      
  -6534.57483396182689620363892641625217      
  -4801.46656092650924757363428305892129      
  -2357.14552149517843672914317366877278      
   59.4058812848277244945351252929389832      
   1856.37657065084495029816301588403876      
   2796.12903072800963258580945589773574      
   2948.23589211096835964491532939407200      
   2509.59169316256651043416601707527783      
   1802.93169673844486329626778898227811      
   1071.15191136525549215549251501753819      
   472.027637892271158995426474984720756      
   107.818726847034352920514687437620133      
