   19288405362.9263664440547408507975456      
   619541460.618669184180962914394861078      
   372769059.675082448868919192257148794      
   165202919.959255281168151485983545945      
   64749239.1811811173453017925374740790      
   30908291.5769872603574862614294872436      
   16534812.4766583693204036699807865447      
   7561840.46932892671209292531068571071      
   3097684.72523329629350965139090460181      
   1374575.55496727530245672861300391962      
   597005.813230615925863842572990477706      
   195812.631044110205932691249062817743      
   70336.5261702691615544335416516766953      
   46175.8439243421572753818632958951062      
   17392.7098565766906075348072447602466      
   9476.57790573656000801964776914846256      
   11427.7069322213017872308883094345025      
   3464.57324531682498600341430959342868      
   1321.13784904273029231360992447164759      
   2871.90775189555591042809493003306903      
   1114.31208113856605655119338356387368      
