   594669.118020969078853508024218476938      
   504805.325605994690904872577746282286      
   319317.367884704253016374775411472671      
   173455.033835356873023842539722168989      
   99046.8249734675614456631959742493356      
   58345.2630982272102660437032348045139      
   30361.7371525526848197558116412871153      
   14252.4322275141272697054126212633572      
   6836.00520015128061334677184734850923      
   3238.44765233816391400137089585342486      
   1337.70084269318779707106992324418785      
   585.086663134818898001772765109686534      
   380.398684709775011678877420701635591      
   209.955018935719974277527669339918051      
   113.605787977246517568975976064629940      
   101.735757508632369733865462111442391      
   50.4252750713594810371012403526793900      
   20.4741930773671244315708824577725452      
   24.2492492768963199204504807549452658      
   9.90196813515087536804767373528293456      
   0.00000000000000000000000000000000000      
