   647.572178065334972558903952155726956      
   574.424917663582942423420444351756202      
   423.214255573781776601182806490712642      
   290.587257321623606408865088430447280      
   191.940877126639279236059420194487330      
   114.504012924347941616574962254003988      
   62.2847369083565897559623018949217602      
   33.5393805175407820972261312105716815      
   17.9438366449793049168787959621024234      
   9.23358425033622880532649797555475862      
   4.99004603562664926087331237868872468      
   3.28824717169983859612174276113614751      
   2.12962234918975687064242330481914646      
   1.25945418658103853383439651739409082      
  0.916548906450041463705596770855175442      
  0.552573728055949091182990444103060072      
  0.238310523059158998813160356778892902      
  0.193993994215170559363603846039562126      
   8.36166198079407253301803559868336692E-0002
   0.00000000000000000000000000000000000      
   0.00000000000000000000000000000000000      
