   19258788259.8914749932631435563065299      
   634107324.355990843670866613623302627      
   372142001.285982263455321147167418408      
   163269654.270779806909511784835786533      
   65218933.0461227175480379344747451064      
   31142946.7769415117846961531902642022      
   16432579.0420490079991383606182098366      
   7516957.66465244332507472340562111670      
   3124056.03925195765463951838604140859      
   1395444.76961841859509248568034072912      
   574124.345678534632996407615514963200      
   197618.761757916823983600223265671251      
   80297.0178573032289754894918862481794      
   38543.7951781182362733910335407787661      
   18154.8161462184484839771841062251083      
   12835.0133197199350624995612971159443      
   8099.87548109251374446170415191515670      
   4372.78885556861721125171570097336647      
   2875.08336481820053372872329134425400      
   980.379754518142792961876318714939596      
  -42.9109005247769894137321806318876276      
