  0.106970084815825738206083457634972262      
   1.52468816602543940581726634122670344      
   1.54111861194500496086989965235771368      
   1.55772186624327556667955996381306788      
   1.57449989815473807011529367191207584      
   1.59145469602815255753783569359686834      
   1.60858826755539069498489629971377419      
   1.62590264000282983773291057950311286      
   1.64339986044527753819187045523884138      
   1.66108199600240499170157267063452773      
   1.67895113407767158896720234532334152      
   1.69700938259972611016823829769097849      
   1.71525887026627321775571933974053518      
   1.73370174679039679885213144916872077      
   1.75234018314933439016201637111642753      
   1.77117637183569940289346232178793192      
   1.79021252711090463634067376555353171      
   1.80945088526226311290230985400315602      
   1.82889370486007784274752069700682329      
   1.84854326701965327282741874621651996      
   1.86840187566453480611629449524001530      
   1.88847185779246645314650867421593367      
   1.90875556374382897087160921623348908      
   1.92925536747256945139831094304758347      
   1.94997366681963455134213981147290375      
   1.97091288378892068536811278311526345      
   1.99207546482575555148283263861476484      
   2.01346388109792631713087585431116122      
   2.03508062877927067960671237810784471      
   2.05692822933584782698247598960244020      
   2.07900922981470707156137797080772436      
   2.10132620313527261112876921557604865      
   2.12388174838336349815011136313643407      
   2.14667849110786846723580450381023732      
   2.16971908362009579018356206163817617      
   2.19300620529581879881320702214677941      
   2.21654256288004189251141681371465182      
   2.24033089079449010687818212137679718      
   2.26437395144787958008863083477834686      
   2.28867453554895754562134727145835408      
   2.31323546242234882116100279093907410      
   2.33805958032722977579755261704007093      
   2.36314976677885214233378222105764967      
   2.38850892887293965045087344180676782      
   2.41414000361298059822454896923871219      
   2.44004595824043959262964216837479544      
   2.46622979056791177524141340021692504      
   2.49269452931517996616327129859676282      
   2.51944323444857264580781388806533050      
   2.54647899752271781465514507880612310      
   2.57380494202594335868554663321430050      
   2.60142422372843486177757946765602955      
   2.62934003103353590187477835233090277      
   2.65755558533215428485314156001296036      
   2.68607414136029730820151702849027989      
   2.71489898755975901133420813931060163      
   2.74403344644198221080608770010456126      
   2.77348087495511793685403652819684789      
   2.80324466485430468243353486649839973      
   2.83332824307518964707735100266288458      
   2.86373507211071390523185071723294328      
   2.89446865039118315191688797701291622      
   2.92553251266764537724932720432006303      
   2.95693023039859649513221515831120565      
   2.98866541214003459976676990866327455      
   3.02074170393888314605512907127717663      
   3.05316278972980294583153719351705183      
   3.08593239173541244054061306821879968      
   3.11905427086993525178914114099258483      
   3.15253222714629352335051551363439910      
   3.18637010008677324643546332112182608      
   3.22057176913663447408854241645418925      
   3.25514115408228291611463291887423319      
   3.29008221547190220472828968233111863      
   3.32539895504013811961063176466390844      
   3.36109541613622432329929760538100218      
   3.39717568415566723631374575251931294      
   3.43364388697550352464011247080083615      
   3.47050419539314288424292951553385516      
   3.50776082356880798029649100942524414      
   3.54541802947158253150887874695072268      
   3.58348011532907762086874770702444464      
   3.62195142808072536192453400285074545      
   3.66083635983470805280841953518541931      
   3.70013934832852863754854948920848257      
   3.73986487739323053582640148721353818      
   3.78001747742128068784631528328098652      
   3.82060172583808828410220944564544691      
   3.86162224757719966737793197561961017      
   3.90308371555917567650721420736929046      
   3.94499085117399752698689174628075415      
   3.98734842476739537799583443910266871      
   4.03016125613056846031335192722810999      
   4.07343421499368823021868558443189912      
   4.11717222152301979401746145165821460      
   4.16138024682168007230237186994207249      
   4.20606331343402301539119417510659766      
   4.25122649585364036591519905230482917      
   4.29687492103496959044767455638203295      
   4.34301376890846469598912081634878562      
   4.38964827289938195490002526355437210      
   4.43678372045007214359106538814862023      
   4.48442545354581709644778306156680398      
   4.53257886924418991725752224437125102      
   4.58124942020784192352567676693258736      
   4.63044261524079265674680980304548444      
   4.68016401982810780443669321419988343      
   4.73041925667896607611066247911074662      
   4.78121400627307178458904555841204104      
   4.83255400741036632692068337340874635      
   4.88444505776403299926455160365908471      
   4.93689301443666376385185017806949094      
   4.98990379451964203547086972807911373      
   5.04348337565561815693763302065232536      
   5.09763779660405078287491578754791883      
   5.15237315780973757086446113239063616      
   5.20769562197427886417826067874734350      
   5.26361141463042748222827200116228690      
   5.32012682471921564831785570850910506      
   5.37724820516960557433000680753796211      
   5.43498197348178664507748905787347563      
   5.49333461231100089955841448427651395      
   5.55231267005586794185397719138034682      
   5.61192276144815380582094079890855184      
   5.67217156814453215155019264046393782      
   5.73306583932147734350374154913847113      
   5.79461239227124556008773256225663740      
   5.85681811300027874323571386699424820      
   5.91968995682941319256293185468443639      
   5.98323494899534998524228208379900027      
   6.04746018525438374261672991418776610      
   6.11237283248764425668613935553901431      
   6.17798012930565198825772241355736291      
   6.24428938665700801637682525964580008      
   6.31130798843579874465998211722298964      
   6.37904339209061321798837358003365441      
   6.44750312923405544443820615234016186      
   6.51669480625267132411198934363308599      
   6.58662610491710414992945987703433191      
   6.65730478299227721240624587292391449      
   6.72873867484737467371760600518415149      
   6.80093569206551625633482097811287549      
   6.87390382405260543777564293969210484      
   6.94765113864547892912126020568937614      
   7.02218578271891722660550077212590708      
   7.09751598279119956232054065759430615      
   7.17365004562805740574462934408041037      
   7.25059635884469955099768653167928235      
   7.32836339150561155921236785234430669      
   7.40695969472180172321674776723795240      
   7.48639390224526715378227815965004143      
   7.56667473106017569640152291904574402      
   7.64781098197060300455334724031828717      
   7.72981154018461272193628996737215999      
   7.81268537589344863064909426923369342      
   7.89644154484683948550720388701313837      
   7.98108918892277220857586927806145375      
   8.06663753669207312949823402610150462      
   8.15309590397704798233429874406101933      
   8.24047369440365962007212052884577002      
   8.32878039994716772394402687667522760      
   8.41802560147004386723646337196012269      
   8.50821896925274063278416321687749757      
   8.59937026351561699658026667444848459      
   8.69148933493223614645259950174964877      
   8.78458612513322303385167632206762831      
   8.87867066720016965798976029616124361      
   8.97375308614885148204917577243362789      
   9.06984359940132301354008628491653299      
   9.16695251724606448672551806003532275      
   9.26509024328553814258167471376669984      
   9.36426727487099397051531764240461783      
   9.46449420352200714389192592195863498      
   9.56578171533296597086794024619337561      
   9.66814059136302598221417173440655594      
   9.77158170800972155128359662340753331      
   9.87611603736595481253714832038843585      
   9.98175464755856786861040799543629069      
   10.0885087030681526711685246924394621      
   10.1963894650288766298818136659753282      
   10.3054082915077740043352518875514703      
   10.4155766377618963609467229845964367      
   10.5269060564728181758722757807830450      
   10.6394081979571854344115293588170511      
   10.7530948103521951643871553007556433      
   10.8679777397748862968687092701457154      
   10.9840689304543111033793977141261410      
   11.1013804248346197689705099000648192      
   11.2199243636488719335776748374240413      
   11.3397129859611788032720671653792639      
   11.4607586291767785897211018038035377      
   11.5830737290178512255160951601721048      
   11.7066708194641640343202969521840164      
   11.8315625326567824892076692227369056      
   11.9577615987635802073382602869137372      
   12.0852808458045459851063443356693197      
   12.2141331994357307082942751619242004      
   12.3443316826899969119606420699498454      
   12.4758894156725650584728851942118632      
   12.6088196152102421468393710916445923      
   12.7431355944518180440090467811048284      
   12.8788507624183213040575782208851404      
   13.0159786235009783729976014559063407      
   13.1545327769050497772472079934688631      
   13.2945269160375457011310998224973799      
   13.4359748278369022372186957261319144      
   13.5788903920423341235776295233200006      
   13.7232875804011217622744623150018703      
   13.8691804558116664531622419985667249      
   14.0165831713999053892234738933353789      
   14.1655099695273964707901510159439298      
   14.3159751807284051128553934221283190      
   14.4679932225743077145807385562070205      
   14.6215785984627991071539814079389618      
   14.7767458963298309511624138054895339      
   14.9335097872820795548051196345210696      
   15.0918850241476046102219635462370011      
   15.2518864399427380390213978588942754      
   15.4135289462528181700105294651979564      
   15.5768275315247429444741586787002772      
   15.7417972592687939834734307173439880      
   15.9084532661682750408526371635423886      
   16.0768107600939661448313961010958903      
   16.2468850180219630447103635018278567      
   16.4186913838523169877381437074059757      
   16.5922452661264682420284217801499660      
   16.7675621356414526319383706763645963      
   16.9446575229586037027763139928749103      
   17.1235470158044120164689835479491244      
   17.3042462563617881013932058801567534      
   17.4867709384489784494432998007451487      
   17.6711368045841641173571855683476969      
   17.8573596429327908013766224843785617      
   18.0454552841358608321457923811145108      
   18.2354395980157133876455040418437847      
   18.4273284901568137574181063603697690      
   18.6211378983582473319551080739164983      
   18.8168837889547339946506941206094381      
   19.0145821530023060491911722307553566      
   19.2142490023246511141005501907989942      
   19.4159003654157509756534906386059973      
   19.6195522831938313110611266925870529      
   19.8252208046013635889414832689036529      
   20.0329219820450197280497377397816242      
   20.2426718666691705921627558810438366      
   20.4544865034554391714744741839553217      
   20.6683819261407568660685774309023739      
   20.8843741519446816043825500399572850      
   21.1024791760969363600491006283648178      
   21.3227129661543510864387258240936541      
   21.5450914560960509990982697409488389      
   21.7696305401848097482962771817806215      
   21.9963460665810655012221737703683631      
   22.2252538306957856853709160010853354      
   22.4563695682669789817493526869002793      
   22.6897089481439477111300849030634160      
   22.9252875647623802930820387479201082      
   23.1631209302927868581298419776285606      
   23.4032244664437459861334094486344318      
   23.6456134959009708449760865779596782      
   23.8903032333828802317842236584783838      
   24.1373087762924178976036339524463542      
   24.3866450949452965030185399836256743      
   24.6383270223546003524887389581108327      
   24.8923692435515164125768750034111534      
   25.1487862844231641125977967215057999      
   25.4075925000484547843232085884633516      
   25.6688020625144213448591106883595719      
   25.9324289481964532817546209429278119      
   26.1984869244877106052832623805938577      
   26.4669895359646365954670038809243212      
   26.7379500899781485242829329013789487      
   27.0113816416624555328385663752005842      
   27.2872969783564095563902677384612589      
   27.5657086034358583642788218982557642      
   27.8466287195589583630923386988235872      
   28.1300692113302791831482845736976034      
   28.4160416273940237238928290134593986      
   28.7045571619709474031686046021439638      
   28.9956266358584778268940811889935666      
   29.2892604769181879022173995891637865      
   29.5854687000799571568232002763201366      
   29.8842608868969071839560536462121851      
   30.1856461646904311573970159579579870      
   30.4896331853291680944462464473100108      
   30.7962301036905957031066250201375459      
   31.1054445558580531603692632181002650      
   31.4172836371100659791540196363557366      
   31.7317538797619941819099730448457489      
   32.0488612309230434713073195554596979      
   32.3686110302335455737278059361407222      
   32.6910079876488855754733210863313365      
   33.0160561613367111169333543386666750      
   33.3437589357536993823959905698994961      
   33.6741189999665587405223855566730040      
   34.0071383262794711493621345513736875      
   34.3428181492266591153600237700140053      
   34.6811589449841386831024213363457104      
   35.0221604112492569180008628560412756      
   35.3658214476300653043084339180226623      
