 0.30575167201738E-02
 0.80985913503310E-03
 0.80553046008737E-03
 0.80122601492310E-03
 0.79694560809556E-03
 0.79268905184862E-03
 0.78845616199491E-03
 0.78424675780003E-03
 0.78006066187073E-03
 0.77589770004695E-03
 0.77175770129747E-03
 0.76764049761931E-03
 0.76354592394045E-03
 0.75947381802605E-03
 0.75542402038787E-03
 0.75139637419684E-03
 0.74739072519873E-03
 0.74340692163261E-03
 0.73944481415248E-03
 0.73550425575139E-03
 0.73158510168826E-03
 0.72768720941739E-03
 0.72381043852039E-03
 0.71995465064049E-03
 0.71611970941924E-03
 0.71230548043544E-03
 0.70851183114619E-03
 0.70473863083010E-03
 0.70098575053246E-03
 0.69725306301245E-03
 0.69354044269213E-03
 0.68984776560735E-03
 0.68617490936034E-03
 0.68252175307401E-03
 0.67888817734798E-03
 0.67527406421602E-03
 0.67167929710519E-03
 0.66810376079629E-03
 0.66454734138590E-03
 0.66100992624961E-03
 0.65749140400671E-03
 0.65399166448610E-03
 0.65051059869342E-03
 0.64704809877937E-03
 0.64360405800920E-03
 0.64017837073329E-03
 0.63677093235875E-03
 0.63338163932213E-03
 0.63001038906303E-03
 0.62665707999873E-03
 0.62332161149972E-03
 0.62000388386609E-03
 0.61670379830481E-03
 0.61342125690782E-03
 0.61015616263090E-03
 0.60690841927334E-03
 0.60367793145830E-03
 0.60046460461393E-03
 0.59726834495514E-03
 0.59408905946605E-03
 0.59092665588307E-03
 0.58778104267858E-03
 0.58465212904523E-03
 0.58153982488078E-03
 0.57844404077350E-03
 0.57536468798811E-03
 0.57230167845220E-03
 0.56925492474319E-03
 0.56622434007571E-03
 0.56320983828942E-03
 0.56021133383738E-03
 0.55722874177471E-03
 0.55426197774773E-03
 0.55131095798345E-03
 0.54837559927949E-03
 0.54545581899433E-03
 0.54255153503789E-03
 0.53966266586248E-03
 0.53678913045406E-03
 0.53393084832380E-03
 0.53108773950000E-03
 0.52825972452018E-03
 0.52544672442356E-03
 0.52264866074380E-03
 0.51986545550187E-03
 0.51709703119935E-03
 0.51434331081186E-03
 0.51160421778269E-03
 0.50887967601675E-03
 0.50616960987469E-03
 0.50347394416716E-03
 0.50079260414939E-03
 0.49812551551582E-03
 0.49547260439506E-03
 0.49283379734489E-03
 0.49020902134751E-03
 0.48759820380492E-03
 0.48500127253449E-03
 0.48241815576462E-03
 0.47984878213059E-03
 0.47729308067054E-03
 0.47475098082157E-03
 0.47222241241601E-03
 0.46970730567773E-03
 0.46720559121866E-03
 0.46471720003535E-03
 0.46224206350571E-03
 0.45978011338579E-03
 0.45733128180671E-03
 0.45489550127163E-03
 0.45247270465290E-03
 0.45006282518921E-03
 0.44766579648290E-03
 0.44528155249729E-03
 0.44291002755414E-03
 0.44055115633116E-03
 0.43820487385962E-03
 0.43587111552199E-03
 0.43354981704968E-03
 0.43124091452085E-03
 0.42894434435826E-03
 0.42666004332719E-03
 0.42438794853346E-03
 0.42212799742140E-03
 0.41988012777202E-03
 0.41764427770111E-03
 0.41542038565746E-03
 0.41320839042107E-03
 0.41100823110150E-03
 0.40881984713618E-03
 0.40664317828878E-03
 0.40447816464767E-03
 0.40232474662434E-03
 0.40018286495197E-03
 0.39805246068392E-03
 0.39593347519231E-03
 0.39382585016670E-03
 0.39172952761266E-03
 0.38964444985051E-03
 0.38757055951401E-03
 0.38550779954912E-03
 0.38345611321277E-03
 0.38141544407166E-03
 0.37938573600113E-03
 0.37736693318397E-03
 0.37535898010936E-03
 0.37336182157174E-03
 0.37137540266979E-03
 0.36939966880537E-03
 0.36743456568253E-03
 0.36548003930648E-03
 0.36353603598269E-03
 0.36160250231589E-03
 0.35967938520915E-03
 0.35776663186305E-03
 0.35586418977470E-03
 0.35397200673695E-03
 0.35209003083753E-03
 0.35021821045823E-03
 0.34835649427408E-03
 0.34650483125261E-03
 0.34466317065303E-03
 0.34283146202554E-03
 0.34100965521056E-03
 0.33919770033804E-03
 0.33739554782674E-03
 0.33560314838360E-03
 0.33382045300304E-03
 0.33204741296634E-03
 0.33028397984099E-03
 0.32853010548010E-03
 0.32678574202182E-03
 0.32505084188872E-03
 0.32332535778727E-03
 0.32160924270729E-03
 0.31990244992141E-03
 0.31820493298456E-03
 0.31651664573347E-03
 0.31483754228624E-03
 0.31316757704180E-03
 0.31150670467952E-03
 0.30985488015880E-03
 0.30821205871857E-03
 0.30657819587699E-03
 0.30495324743103E-03
 0.30333716945611E-03
 0.30172991830577E-03
 0.30013145061131E-03
 0.29854172328155E-03
 0.29696069350246E-03
 0.29538831873694E-03
 0.29382455672457E-03
 0.29226936548132E-03
 0.29072270329938E-03
 0.28918452874696E-03
 0.28765480066806E-03
 0.28613347818235E-03
 0.28462052068502E-03
 0.28311588784663E-03
 0.28161953961299E-03
 0.28013143620511E-03
 0.27865153811906E-03
 0.27717980612594E-03
 0.27571620127184E-03
 0.27426068487777E-03
 0.27281321853967E-03
 0.27137376412838E-03
 0.26994228378964E-03
 0.26851873994411E-03
 0.26710309528739E-03
 0.26569531279002E-03
 0.26429535569752E-03
 0.26290318753042E-03
 0.26151877208429E-03
 0.26014207342974E-03
 0.25877305591246E-03
 0.25741168415323E-03
 0.25605792304788E-03
 0.25471173776731E-03
 0.25337309375744E-03
 0.25204195673914E-03
 0.25071829270812E-03
 0.24940206793488E-03
 0.24809324896449E-03
 0.24679180261644E-03
 0.24549769598443E-03
 0.24421089643605E-03
 0.24293137161250E-03
 0.24165908942826E-03
 0.24039401807062E-03
 0.23913612599923E-03
 0.23788538194563E-03
 0.23664175491262E-03
 0.23540521417369E-03
 0.23417572927231E-03
 0.23295327002123E-03
 0.23173780650170E-03
 0.23052930906270E-03
 0.22932774832004E-03
 0.22813309515554E-03
 0.22694532071609E-03
 0.22576439641281E-03
 0.22459029392011E-03
 0.22342298517483E-03
 0.22226244237536E-03
 0.22110863798087E-03
 0.21996154471054E-03
 0.21882113554290E-03
 0.21768738371528E-03
 0.21656026272338E-03
 0.21543974632095E-03
 0.21432580851968E-03
 0.21321842358929E-03
 0.21211756605780E-03
 0.21102321071206E-03
 0.20993533259855E-03
 0.20885390702442E-03
 0.20777890955895E-03
 0.20671031603519E-03
 0.20564810255208E-03
 0.20459224547685E-03
 0.20354272144785E-03
 0.20249950737768E-03
 0.20146258045684E-03
 0.20043191815768E-03
 0.19940749823873E-03
 0.19838929874950E-03
 0.19737729803551E-03
 0.19637147474383E-03
 0.19537180782877E-03
 0.19437827655800E-03
 0.19339086051879E-03
 0.19240953962454E-03
 0.19143429412141E-03
 0.19046510459503E-03
 0.18950195197723E-03
 0.18854481755273E-03
 0.18759368296567E-03
 0.18664853022591E-03
 0.18570934171504E-03
 0.18477610019198E-03
 0.18384878879808E-03
 0.18292739106157E-03
 0.18201189090142E-03
 0.18110227263034E-03
 0.18019852095685E-03
 0.17930062098648E-03
 0.17840855822183E-03
 0.17752231856148E-03
 0.17664188829776E-03
 0.17576725411315E-03
 0.17489840307543E-03
 0.17403532263146E-03
 0.17317800059951E-03
 0.17232642516032E-03
 0.17148058484666E-03
 0.17064046853164E-03
 0.16980606541565E-03
 0.16897736501207E-03
 0.16815435713182E-03
