   19309909525.7325268949323531263405618      
   612368752.718542899944115862124441418      
   367241362.631365101499714052772565441      
   169248316.681965387730987853100470706      
   65368175.3640526382338650786474542213      
   29428407.2119876226946842292681962842      
   16771340.7256371638706018380326735236      
   7993314.36863126020591635050664806448      
   2855882.47738222489500185930797348106      
   1318404.47648816889833170920962726356      
   705997.568845149702101629886121517502      
   171844.029486457091890099939696396111      
   35547.0361456032278276219463736869201      
   74595.1634575552924291235598469483549      
   20437.8843106994583448533030750480250      
  -8445.62047522723686905927150523083890      
   19379.0358943242889523900635205421629      
   12628.3389699530024428884489247628803      
  -11824.4925824262547652925523221493482      
   4136.99963329499940181207723918874375      
   13266.0191556957133772183016706711849      
