   649.203274598029012560190017165823002      
   576.783788422350306214061594540027946      
   426.474233411647992143149937717733433      
   290.074657516701834227468168534092461      
   193.536161080623138967562320741378575      
   117.837628909913708180766038982528700      
   63.5506467900676175315798546899884959      
   33.8726190249923014181791250487314621      
   20.7109761957692473605892501219134479      
   10.3391614722609931221490793610615276      
   6.24835380562638452749508750806898556      
   4.36065252421988263443150327274009541      
   3.91202784769942525329507237090492244      
   1.66710388750456460802534683412158030      
   2.24628038730385490710590808652991895      
   1.20638922638431182290605575732873059      
   1.17205309759509801175621569684142829      
  0.279467009794212878478423481876486919      
  0.995802860407182840564707631138367796      
   0.00000000000000000000000000000000000      
   0.00000000000000000000000000000000000      
