   158.135489812644759609211231613230042      
   130.825954517905085518658688991660273      
   103.084212232640134664763103689827929      
   83.2200379953939340618564599969682584      
   50.1677476263711397014765282779516946      
   31.8609654157569201829850409174085841      
   18.2488626599773441068552389370343956      
   7.66331319654167088807593555401586352      
   4.54302000854308797066075359501305582      
   1.28367478392549264269143392170799109      
  0.736239775642365326585844152085924376      
  0.740536787462178106261597555321924630      
  0.271287928931414013969616880817754329      
  0.642502971513114742683816584013954551      
  0.258713415526003122087168390833726532      
  0.295180741613543790024045192645478020      
  0.151549932712876683597339964045482361      
   5.52297670939902523511321497782554446E-0002
   4.57246827334234015663358632727324442E-0002
   0.00000000000000000000000000000000000      
   0.00000000000000000000000000000000000      
