   597915.638216562743501680160219367822      
   413761.863962789598282514577594369949      
   178279.617452542931766702511813565956      
   132015.086944917283140544274557803511      
   96875.5209805259491034222189202788801      
   47360.9775143035690824654861326670321      
   30597.1242617964201947497339985260585      
   14603.1198563434240744120438971410942      
   5918.46516671895355391862225760472576      
   3354.14129751230238906084801448467776      
   253.754217608463345246291871539894698      
   457.894589577326416665989003343459286      
   17.9582124125599487014331560967894875      
   25.5472570577694553143517158877122937      
   239.272578632376071101287738678099855      
   19.3179140732006057827618714199014741      
   173.026675357947480183747125935324658      
   40.1082300693446633732399900305748514      
   38.0951237427666263691686421885143284      
   53.4161414610106808268988230744969678      
   0.00000000000000000000000000000000000      
