   626.458979682971408767512168110972626      
   564.361813005625416245905903273577501      
   426.526429192990367335636283517297924      
   297.308658991808681020673202238523279      
   195.458869919645035679449624354900084      
   119.800960351507665349712342923517789      
   68.5770167266920133457396576539674786      
   39.2448737182637498216529913448472496      
   22.4526620718621310923646873419509069      
   13.0712749328056726877260012514512982      
   8.06935379903244213232068034110800404      
   5.21856447311749631054563684460140887      
   3.26323658269506510184403139378543791      
   2.04270923271098000420674942460596240      
   1.18695681652574340028793264024689391      
  0.605243971657751583086503207620772274      
  0.273635511354987215827386726992905080      
  0.116256623857868848593175142076041190      
   1.40428110436600322320993434125519649E-0002
   0.00000000000000000000000000000000000      
   0.00000000000000000000000000000000000      
