   19884865350.5938907101177499968159705      
   521345868.584915181420571953758813168      
   313714116.782474733542945787735962098      
   148315713.626842383551563167880539686      
   65397840.2737923328894012873134673190      
   31649872.1672863545930649822940157048      
   15807693.4148103533323148170538508670      
   7284649.64661900084865003920785930078      
   3193576.45864607402461803791505742161      
   1395216.64431982867773736152267840240      
   581373.389848109342697820808284299469      
   243409.624601674054833242761555189160      
   116328.724625954714024126918665427733      
   61836.6788287110592289259227208996473      
   37200.3099022603515090244511396109761      
   23914.3844988851244187937016722270660      
   13994.1434839004643262247401017855697      
   7739.73098508006109465651126270604988      
   4019.19714715127803858929645577568727      
   1473.16605047429179921038029837913554      
   246.937692394466219053648435642216121      
