   627.750649124499597771317851839433755      
   562.688124546702287726455518408136258      
   426.773596392838919775091374905715197      
   297.702243789919647544478189628864772      
   195.651907464526703996109599996347269      
   119.293528062535549595453819522574963      
   68.8109934905293471354836377973293344      
   39.2352431375923743123915122822578801      
   22.3790100185923753044908456141494104      
   13.0716912839884589232932361756812133      
   8.10049228040158866173940557018717592      
   5.17110978172312066011015070913672835      
   3.28127242997732464968927403752340992      
   2.03710131360640591902027037774273205      
   1.17047292243597148477894072317923218      
  0.603827593253500527631973846061613940      
  0.278057859742560903981078113942159086      
   9.95205645720793963686206703665775391E-0002
   1.85356319131104492642892300021426844E-0002
   0.00000000000000000000000000000000000      
   0.00000000000000000000000000000000000      
