   590752.217620066268098704196659448121      
   501952.096507603595383945858787017816      
   322254.258352593393559765036842313836      
   175634.993461022537468967854171953814      
   94391.9172200222104102386385014224805      
   57431.9331616402318509104724052589637      
   33090.2683586129862043477724224433324      
   12610.3056650340663188887536407635721      
   4846.03199201292933414112681457580610      
   4004.14464390654791767519322051360870      
   1308.16513019335089344874728638961445      
  -759.244299631329034068991473225691430      
  -158.963283570543111714304739054960635      
   205.552008422433278059593495466171412      
  -269.744734045698932577744402516535826      
  -893.116713269251260415034245657435956      
  -422.429696842241519979522421407254398      
   138.352736410008942743424743904313482      
  -792.929449795190044908192585383807371      
  -908.698796776233184214495303032143099      
   0.00000000000000000000000000000000000      
