   19873163806.2345670491637191416361472      
   527631411.230621422517257485874088476      
   312225958.144229444289020082863340381      
   148340273.800850999657173470598008260      
   65442334.6252591406179117117817528114      
   31675496.0694398793455878058557782229      
   15789514.5436776812199661688211872395      
   7286280.49037536852920585183860429633      
   3194544.41785058240456991573955972470      
   1396194.75358245457699438297103709435      
   580324.394571699428747454248514871905      
   243390.629938305260034923220970802490      
   116638.507979466621426507735113887626      
   61815.4720397853475059299685322145205      
   37033.5411257489533953683618889133977      
   24015.8012515375083113502284328337596      
   14028.0377605174218163262976790259311      
   7682.77819269876460147155824795303056      
   4025.70893242052757789454769432282959      
   1500.92749461676069768306404042714624      
   251.580516509630546880554684987886720      
