   627.096491274458889544891942508258469      
   562.939839405047211558065973383305860      
   426.693918010494986446498951768396042      
   297.865949590933737063416301367699665      
   195.531792242940739114666867764396438      
   119.339556542406557737707407811410771      
   68.7991931489038059352060998354289706      
   39.2566200328185276746037131083447962      
   22.3680398983849068098056450874048029      
   13.0782287162785122719916918240799062      
   8.10436312252591215236732481842158832      
   5.17648062124902339781269021634354049      
   3.28049671787117796547911503268541897      
   2.04056895495304815470932201391900709      
   1.17375793979445887230900997406828322      
  0.604309044022114608276607824930151359      
  0.279112133247761901948315155622474576      
  0.101395935587573375769652486649740645      
   1.88840731473240526778871387574486008E-0002
   0.00000000000000000000000000000000000      
   0.00000000000000000000000000000000000      
