   24337220626.4849814209775124728978950      
   3157957299.33034774575152240134217915      
   1050202787.56534396869360817763070252      
   205887030.165188415291302090230438253      
   158713754.599318776739436989543802646      
   98552577.7591258015896265462132482552      
   41817778.8564605186362992765612209550      
   25888325.0770326320604441536054699054      
   10772738.9791329311590208297775916165      
   4712087.96869550637777830284470427970      
   2078072.15927568466764089639585951115      
   276214.943365090633297962324491863767      
   176243.445030134660119403465850298598      
  -69646.9600144932154427046718759898598      
  -20379.1316330112718496239530754450123      
   31123.3793290520758837589682103873376      
   7494.55585881281871582534105731262750      
   37192.4177374481288618000416856448563      
   12667.7040483774784791272828926672712      
   9206.10805059651694541518399409000091      
   6376.19569456401120369340015553635779      
