   19241177454.7699270591267327360591073      
   639688200.793444368434747378334215993      
   373675046.985428163354852386099202298      
   162209538.441176455536967696681598408      
   65019639.3420835699894553865879439967      
   31467072.6971254099339088203653525094      
   16355829.9471274495619593198654828032      
   7488498.00520453650908746365184080558      
   3144161.53053695017737715223607230064      
   1393628.41174398328123971264351888455      
   574336.362190733310500268814674356014      
   193793.293599791787428688432459351274      
   84654.0498383278857609506544021015756      
   35980.7075515544776155414265967213190      
   18577.4392772713859065584441160062545      
   14018.8893655284471573907704541924432      
   6260.94926187761340210477676024138343      
   5844.02201162382236211445378019477135      
   2451.48412503705098847718278685564987      
   429.511340278421821623315110013110055      
   836.147390275222680212983298606670610      
