   1035620.83796845747373803287967739410      
   842103.119756030735834752124632873467      
   597440.271891421677668024190264678722      
   527071.034009703816927890089448185572      
   447257.932706621316073159481237455432      
   348340.576643621745043525868115278841      
   272901.568168278623034903617638857124      
   202402.463002731434471777398245456295      
   145610.406159725563935993244832324583      
   101849.038831399664524420194014889209      
   67991.7245931240213431805500598867234      
   44574.8271571582463305753369596677793      
   28222.9578702856786381892649030418645      
   17635.3319592574383875095984945430567      
   11013.0857574170306133162488952932236      
   6854.93277307476978700180643787557041      
   4389.49504948348529131149452425322737      
   2774.74825451239737438658928015238557      
   1732.74927604748932099702770509372712      
   991.821379504331688883882599077141241      
   469.623958327623878990881388440811452      
   125.380058266380587966339757824036554      
  -79.1096265818030906345214143767348694      
  -157.605106132573203675289926741666619      
  -151.354132577255470620370182995564705      
  -90.9183923869173942007206222471578758      
  -11.7954843211140381431762691439851011      
   59.4579902849048336426797601846940455      
   108.466345710426972460360932952724140      
   128.075411472890369070850706356189983      
   123.354220508148622320899816852094881      
   101.139637466123085778536973768083786      
   72.4363445663345650980194227269359242      
   45.2265350577326505279151110764090175      
   25.4478787926232255265208961580522845      
   15.2525612205145878644321913391032207      
   13.6941293001473382632942428038552983      
   18.2373605754714815934421633159469737      
   25.2650069185579849859760255953277379      
   31.7987569595618116831052564098274426      
   35.6740014558762957345243071489016855      
   35.9903177110307731528871593269764189      
   32.9964651954265532014227251219871300      
   27.5865939927095836420890619563343803      
   21.0519153990734250392711142888785344      
   14.5754464163716437007193376706348893      
   9.03485869960368853114204964898934572      
   4.85116175632754855534910057643896359      
   2.19304091737710509283967348934130714      
  0.652469363364759537082052915983136702      
   0.00000000000000000000000000000000000      
