   1045641.63984260766040673579033164935      
   835141.100681685488971569570922849973      
   599501.962889079698824822434369601150      
   527992.032518809800419620785696236418      
   445588.049748067206517288490373350175      
   349527.793528161594097647227913592892      
   272394.203186573450964789780166809979      
   202432.301617137120589545513257859395      
   145791.505066130106222609357759608863      
   101657.227388724754784981794146481137      
   68130.6222965157451964708069053963288      
   44516.9064258881778063118086878537889      
   28231.6351718452113321036659465758871      
   17654.3365479416404038034050714351472      
   10984.7636203182711930193256892109232      
   6875.15119781610919837041866475780699      
   4372.81280149307811798806396222974969      
   2780.26267916024332149802202002658870      
   1729.85850957104386721081288411274421      
   990.934668536237534060320885644968408      
   471.705896760310661473483620193213851      
   124.452472260942920786372523925015377      
  -77.2334452573508153553263335022758315      
  -157.631700083439547434590714322227623      
  -150.859728814248449108526876895815443      
  -90.8238839344110672192764720945614838      
  -12.2222151487069215894760204783696284      
   59.3438324425150252488700659409164191      
   107.833606501801827061237625010252898      
   127.917123867578096171117056780979415      
   122.964609944923084178656304731796922      
   101.100810079387310443489395092074268      
   72.3657036718180277054968825214424143      
   45.2838008423940485938645049710397975      
   25.5331858492537916502314628060170502      
   15.2995371648414925118277729930741629      
   13.7529912257354618400373471758398454      
   18.2175203716925119908943657838052179      
   25.2307065213990455915441450936633594      
   31.7336025319956776051775243751407137      
   35.5881287611771377644516682218314478      
   35.9289861246248610534307253946504513      
   32.9260484462932054844742719238677789      
   27.5566294392545641870224617448492368      
   21.0244241357569140675147803154884312      
   14.5764021415825725450891645242163637      
   9.03196719993565146852899832834556995      
   4.87169713722474717104651205005821125      
   2.18919227322855160428255263544123996      
  0.674025382733418298270662239059077991      
   0.00000000000000000000000000000000000      
