   1121638.69112792978788008919391124259      
   795741.086139830694506323515585287000      
   608445.789721236840808230311650401835      
   530272.746964513295179625918193676527      
   441001.739356728328292541459355507312      
   350945.603407715409050965341010348600      
   270988.807676631395056809487783155782      
   202141.638278247896335308398403489366      
   145776.293810700981688556151831037838      
   101580.820208452112417729342295358347      
   68466.4123524119879867887760178722866      
   44772.3571721530257052997365353185110      
   28540.7200982680709945818699826012286      
   17867.8798739727934064934123462350663      
   11092.3843434001502045850927252553922      
   6893.27926098701776617265083551496812      
   4303.83772303076638948678606599036924      
   2675.22859838366537358983791913170885      
   1610.86466309426865173337315925046800      
   890.841180201497164625547121818981524      
   403.397498919773395094804724793657554      
   92.2350303477544066975186517697084242      
  -77.7229184782262998374628191761494514      
  -138.024904706272050142617001746242814      
  -122.268235277245116037374035363146040      
  -64.4099071609496985119629637704038362      
   5.53913484294027909542316193428065464      
   65.5291133662445977420927543774128349      
   103.286379635982381954814163695276058      
   115.930731330378158870254349864991596      
   107.560829849233882391876854357181375      
   86.1990291674792535288660514386551757      
   60.5412884778756948685706049671974973      
   37.7751580268098686378664974546218779      
   22.1417110769059511369644301732170801      
   14.9414154068994044759187188908390213      
   14.9078279811399502269251389502498210      
   19.4685504709446527493416835638506398      
   25.5352310408040018859089820286756937      
   30.6452294885408610375969569660015587      
   33.1173583025921721308716344285554071      
   32.5230905477872394854669832430304202      
   29.1224393836217118277880579880499396      
   23.9492997737761125881107716330807370      
   17.9833962175296096875894985452536278      
   12.3408039101496200548844547850595334      
   7.55514657629067958746868141780182421      
   4.09322171098673472302338381481378605      
   1.79903876981952939435001367414251298      
  0.604613013080166657680922933693116031      
   0.00000000000000000000000000000000000      
