   1778919.88609553146174690922048641216      
   1000111.28320867633283122346395333806      
   761185.669059398038894457684646959151      
   585119.909544523099069400625096181783      
   439102.906646731184825589741914003206      
   321114.375140954651933381901893183375      
   229828.439320564841708835771890788136      
   162189.400144478152499705996822089639      
   113687.338052484473982515455106931451      
   79506.5364072648855025605600084081054      
   55430.9285841192117656975511730757023      
   38269.9861146388724225710103825063368      
   25870.1546783820358543636749831156185      
   16884.3506832580418713703155020546866      
   10473.6212495401316579485204166600517      
   6059.01978027902499915259190467507568      
   3172.11100966954731198921158178943136      
   1397.66636544798390450445186658334487      
   373.933585878610249955729988515276449      
  -187.752596261938751371281358195655405      
  -490.414310654525913111749306041673686      
  -656.182842425205217565612443757496597      
  -745.542886192620162833409812902899650      
  -782.271505616835550300619925332759546      
  -775.170603262236104733674660247142838      
  -731.724139365694049890267445322373209      
  -662.986825512242785221789071467923021      
  -582.491856237593029918443031415750547      
  -502.612561566072681529435498672760147      
  -431.595332251458655887365117036608755      
  -372.446823518800987025476752391767513      
  -323.977744955522945481509654404286754      
  -282.762930381914010255694268836288655      
  -245.331247924698999896661989795229685      
  -209.404369238227066624736861472937839      
  -174.425459603865537632045202622734928      
  -141.049438987709928030106766582847011      
  -110.578885599453909819495879798827676      
  -84.1051026566283695353766232275956877      
  -62.2818543458027730828746230831947273      
  -45.0299897215985410577197660624658098      
  -31.9051771813113536184021319534619706      
  -22.1027893547151275436003800674368069      
  -14.9383201313746972778617691493405830      
  -9.70248503400681116154110731466548231      
  -6.00025377527583527859018233203467816      
  -3.40359097911343692233886085886239059      
  -1.74755886048867600475111340687551051      
 -0.719252071972977380129550246121608214      
 -0.231604747082019945683344375742943561      
   0.00000000000000000000000000000000000      
