   2112162.58089604439150345507346527676      
   1169179.57391998645433624112233804933      
   841937.659110062033546246946994483772      
   616037.209426782025006395142623943844      
   443323.709023643416356908340090541519      
   313333.125785664206432766519410723905      
   218702.408480284959155661265917446529      
   151616.416732758124499780299421154388      
   104644.988691346457219163974018613368      
   71708.6524208851237767883630137952011      
   48406.6066436247412942855220224718078      
   31815.6321232770757600595195687230250      
   20058.3284345716672871025701562532246      
   11883.4448871081389253381675662070015      
   6376.45409804622968693029598942575640      
   2812.12531257000551157900562134461329      
   604.401128711287370468252631828790367      
  -701.503026399570462010346210978473707      
  -1433.41823293078848093765514302481229      
  -1808.66912443248878653849303820615203      
  -1961.19408395628077556471738325748901      
  -1970.93375730393772528919743544011481      
  -1887.67447668287425441564518676138198      
  -1746.09685576215851331709491112253419      
  -1572.71447458895293099094078636465788      
  -1387.90259067761779483874008191820045      
  -1205.96300842061772280207989815300711      
  -1035.46060030979343796987798793997692      
  -880.236395522591914960590794369612364      
  -741.121227288795185015277494271030346      
  -617.443151621706027312626685635649911      
  -508.251101992847481051884762803339477      
  -412.713621029380551631853743989551050      
  -330.281178821541484046779525577854232      
  -260.352416798908407521130878809763559      
  -202.223193937348286437176296774431778      
  -154.823273330354388836957832290249692      
  -116.934318771713373222372847355728643      
  -87.1034281654403230723316104170253542      
  -63.9969969868757119673715266399510680      
  -46.2686721823847280962973498361620006      
  -32.8773261307121484433179399618654648      
  -22.8236560496278959323220093814027101      
  -15.4400911296668241996898420635495837      
  -10.0416935112316183192481374274370515      
  -6.24991802266723528137781737161076323      
  -3.59422452933136858726054227920134663      
  -1.89326630462569298305798204224130382      
 -0.805325179695018294300221211252525014      
 -0.269412696042864769693783416964698763      
   0.00000000000000000000000000000000000      
