   1035397.84703910103221473249856712882      
   842259.716601640513975797414548028776      
   597402.428010123392352491197360878497      
   527028.670300431598222010102145195812      
   447322.179050429512191281905545633832      
   348291.128215215307661274355249659890      
   272927.058263027959571069127434543353      
   202395.293459317924226362273434570600      
   145608.452204271586225647945890146468      
   101852.687106199684075042900681750078      
   67989.8091445170320255186520198228685      
   44574.0594796046246780087344854120410      
   28225.6187266229950198882053496075170      
   17631.8949289844722185058926267631694      
   11016.4363691789060018190031270677473      
   6852.27007754486352561497992433336771      
   4391.42457582093418222371486118888561      
   2773.53074246762552288898490821806689      
   1733.49571125348051406642205125426217      
   991.363624463238886668777029536384869      
   469.926468911442949610307147697982928      
   125.115314068995761553247442018893692      
  -78.8783844769174090132694803902039439      
  -157.840198085884656100139496130377953      
  -151.139362083199775168427700869696782      
  -91.1092370900427013884105399523293870      
  -11.6281310400900430812959515621769826      
   59.3290834495776444756398117794363915      
   108.575268043130198039100813326933575      
   127.997109521386219377016370462229556      
   123.417123907337393352308514502018047      
   101.092968996640593089798859925511656      
   72.4705960941867538581758866560675300      
   45.1985567706847334611701586666454236      
   25.4667993764724087596929198527873653      
   15.2361119372708280466530184385235119      
   13.7058035032174603804023954436159409      
   18.2278116807256628829288955156611195      
   25.2732503970436067172439418153900947      
   31.7929072817604178430191059291188511      
   35.6798554211739797215757377258611682      
   35.9864495396149720408918706040178979      
   32.9999559056251299309655912659164136      
   27.5840687253107560586622562371293348      
   21.0534048737787601500249902816865321      
   14.5738512161571373509079116753787633      
   9.03533967515065964244630835963509103      
   4.84996573267472711242669492980123851      
   2.19336727892153569795052360703231577      
  0.651568599124394121932781908441170572      
   0.00000000000000000000000000000000000      
