   525208.272485777110114912486477326939      
   450523.399052257776080389615259074834      
   300309.637388587250389327864985661815      
   173318.023028137121689971633424033872      
   99802.1823569596749741923386532679391      
   57130.0208663986122641108633770576155      
   30199.2803276636348062066734593962665      
   14828.1942330107402592124830259575562      
   7357.46416538727087330591299957414176      
   3597.29821067584233796643260535810995      
   1767.96308899401810575768447126707243      
   981.627909078825294133115762446975204      
   595.033250916700067964417998129582573      
   359.843985482480300580543550855517733      
   230.950963941273106981729794682072450      
   136.187457502715651532094705049701658      
   68.9116947934041791663221331662668285      
   34.4113626157067143985512655544433756      
   14.0482080596204796108625427587527229      
   1.48898940810939697809079242445163292      
   0.00000000000000000000000000000000000      
