   626.858929170098273302398206106961950      
   564.129865667546318830961416468203940      
   426.626307369094817266669488214039813      
   297.187965766579874040447758703171128      
   195.535609998245321680040643648661351      
   119.761863798651562975216934430694786      
   68.5800080729150722042387250329777665      
   39.2304495915485368253324718723047461      
   22.4478482368816580644665556188875928      
   13.0705770035049070535781145404855758      
   8.05865539417828871260082519745515579      
   5.21296327464260436132173911263192159      
   3.25958561645958727461670369215883245      
   2.03945260308687066551150978927414776      
   1.18048703367192331570689650943806365      
  0.602424383007837999847413289030141457      
  0.272570650320485638826265142440052615      
  0.112385664476963836886900342070021775      
   1.25736883351460189261000249175915664E-0002
   0.00000000000000000000000000000000000      
   0.00000000000000000000000000000000000      
