   19322869832.3133490821582173665071778      
   602485810.203854737171144607156133618      
   371256985.301760594458744969275605746      
   169025862.487392694257013503302595865      
   64818904.6533595004273004039583745266      
   29542298.2512085656740849788852420560      
   16900585.4284268344042005216142803370      
   7937733.99121864234234585715252616841      
   2823462.56945895408959817184057185259      
   1349031.59704126572190273260915041490      
   705055.864072493809672094334241630133      
   161036.701973920665649246286990826355      
   43005.0774412152205820182331294887085      
   73403.2834569516069287275065911914831      
   17970.1895015369768301173776837495064      
  -7705.72152672474334651458683380980133      
   23308.3187792987265272397371852136445      
   7574.54393695389370813440750172006299      
  -11602.6000823710582692282819895223354      
   8673.70887042737481469189599538300479      
   10098.4631800644716764322194096088255      
