   649.475554531095463663766695995533047      
   576.962046306668147884712370507646068      
   425.482435233635210222831468486159342      
   290.385041553053769327961607150640288      
   193.511370838360901859954893140823494      
   117.884903323133421047711250541582048      
   62.9676498060025187457108952444962554      
   34.2001256363410003321161096312179985      
   20.4187485124748884358435278577019835      
   10.4254382677462992803368029726319566      
   5.86896503090647613356848893409180516      
   4.68983761582256587694010868284402081      
   3.40564317416020963894187506561715028      
   2.00599708683377214998588923590868971      
   1.81962871973006689282451296043882111      
   1.51376374836601277186253272281193454      
  0.735012464801251052513539595918060754      
  0.585938103998589458617546878670547824      
  0.758064500750109291243552668150059741      
   0.00000000000000000000000000000000000      
   0.00000000000000000000000000000000000      
