   19319560857.6989862401424963091673175      
   603466296.187713755067072249098354206      
   372587476.262379548126509433295923703      
   168250781.942989742152040146415982386      
   64360832.3038900846620160923048786417      
   30112321.9045074848472805462648455974      
   16862851.8135274214536320992972354243      
   7701694.94702589159836637599688008296      
   2953871.42516987967048924334219092488      
   1383687.92162104053689686728468331778      
   632268.510043368689399024103327316346      
   183425.070016596708801741583011311719      
   65554.7862392045534232564713879896733      
   48098.3965278298333984947696176741930      
   20450.9365913427296814228599244682017      
   8071.01703224159103262388241570800965      
   8938.54759157426831423733568173498687      
   6398.12518248263440217058283125993026      
   1651.48024183645176487435685064753032      
  -206.101260079007983696072305964221216      
  -107.680192988727557458318298898350323      
