   646.992517919779090628483466863587637      
   574.801215336884622234439474046296230      
   422.796443160430849563858910861838782      
   288.560079787690098779557193473233209      
   191.793385686620331439181665734670352      
   114.894466147546649157652002896507855      
   61.0533120968666591469036324847453007      
   32.8394372414065966288437959068924177      
   17.9164164233439873463177229548426091      
   8.62679589306533530866369122483201094      
   4.46530959031838050837706543821593961      
   2.95988445038198779907594687732717435      
   1.76325419300754154350623721350383505      
  0.942228607706579452290949730311601905      
  0.589969598087291746843088765554880030      
  0.317470082732729011160633730290932657      
   8.45131239676133346477171513075445061E-0002
  -1.39180457616283341305340491943406675E-0002
  -8.07761580878580091734107186808958382E-0003
   0.00000000000000000000000000000000000      
   0.00000000000000000000000000000000000      
