   20425511284.4451949409180558315760171      
   691517570.573920077460122463222723141      
   378750443.257118820663976435682204235      
   180665031.843150893434652950477802096      
   107123894.318756667619133668832362295      
   70845143.7414404376537295023570998170      
   45024620.2212598700319221405542047339      
   28835766.4951196167118282611024535920      
   18280627.2843561412248167574246903467      
   11302305.5189290457037664073375690535      
   6907204.37145707227268693726916644730      
   4153678.16227250050384386710482317921      
   2470443.09277227826350449708942457004      
   1468136.53462712762339031454678983888      
   875257.775699399236361159534785020903      
   527629.397524701891862642722208747293      
   321897.414355553686383971855585860639      
   197065.381123535584858501564077153365      
   119285.812638711221872290174047447717      
   69485.1226651602397499908347931941207      
   37344.6030259821379291952171558293604      
   16987.1663905942489404724715880967321      
   4714.95786654435631274879035571509034      
  -2005.01930265608687034475805099861278      
  -5066.22060733481920868989028172091757      
  -5897.85111537446976623906263766371332      
  -5533.24562885175346059884240585966143      
  -4669.91208097275544405423347540778050      
  -3724.44682979485411775377676712919516      
  -2904.18509330133287521287843156135637      
  -2276.33904367383376812997857271674656      
  -1828.97090393541202544478181825208272      
  -1516.12738976029865258808475107192167      
  -1287.62642270217421520960777075220404      
  -1103.56477452220619369672267138262152      
  -939.523289646296176555029604811050628      
  -784.579976539016040067453317286892961      
  -637.412965992497114169211475634598390      
  -501.290441581569653576115760633177752      
  -380.733561959011026741005310118130058      
  -278.942821281820252521587154186958907      
  -197.187532608827157419642560128146673      
  -134.557355318467353549742740320467264      
  -88.7579798008787144233272613008593207      
  -56.6276598525404334229034590878558014      
  -34.9919619949368259494082362369884675      
  -20.8053005566849490575882719172708048      
  -11.8156254424055626702040923456194798      
  -6.26197292903599237666053768307221995      
  -2.71222240579802698502041118968674249      
 -0.620448813625995054808621286525329332      
