   627.189575864958974688281879283501869      
   563.408912635872143825516693673586325      
   426.704811169860538840016057128759090      
   297.457040909162890849702853406128840      
   195.581820531708349577816812292913267      
   119.494365370859064644025621744792300      
   68.7036483562366995990167195266882357      
   39.2325763240083188067169415103422838      
   22.3995396804756676804877861764682253      
   13.0626074750990635381161763843704666      
   8.08065563132063860257920698624122463      
   5.18163963942034267729800764443723327      
   3.26520302539745247821929945900447474      
   2.03573250306162699404693620384763448      
   1.16983382031645988983531580272330076      
  0.599142669733762831260545115579409811      
  0.274265830407892954153347732476661379      
  0.102371281397628313727262510756093401      
   1.39129484630067165120322963452808025E-0002
   0.00000000000000000000000000000000000      
   0.00000000000000000000000000000000000      
