   24298743256.5186739274232182375408829      
   3352953898.52896087123282753592090201      
   1164367498.73242601223371370268071674      
   374254856.347536939388211112833513365      
   340164406.343327299494708623851919732      
   258269311.818154634323098268351849853      
   183426384.701718075152712436765872759      
   136231174.193623236759157564300809261      
   93826984.9617066014391312630509079447      
   64980805.5393574834359156834841693961      
   42705125.7591539103937064131295408253      
   27239334.6112013650829648021957945533      
   16829640.8802228478739439297661255198      
   9950361.40064058207817114121549315834      
   5820395.97328465209366046603318115474      
   3307237.25329692070914957628010027983      
   1933526.42358620172989714583931059532      
   1163476.96331048976261704764914617941      
   740584.198610658191279229558576506413      
   490809.838519068622743569921227576465      
   317118.793756059701548422845226422162      
   191879.002974800736803702296489002567      
   92799.8237497217722919981961144897866      
   23558.8423563756488291043570376490837      
  -20101.3053168052239198716304196999993      
  -39906.8546142036638779425199990858189      
  -41395.7038489701305764661726040150245      
  -31868.9364525642366386297041288168161      
  -17374.1192704149394662488260399471430      
  -3620.94330994039272173146697983162671      
   6533.72373305294273608804868253348545      
   11744.5125909933778826675919541880496      
   12493.6719537829498632614158617483662      
   10126.9343527414368865908777158505739      
   6258.91577964895259963019435294399660      
   2368.54870135374084743641062161600041      
  -600.254614126546804849660255345752182      
  -2208.14170579962933538109041160745545      
  -2507.65345478634271913338383395784284      
  -1844.86677657426037722226854660475698      
  -688.407518274668054527788106558203154      
   524.412100727739178616122841332558587      
   1476.95708548224991486802288886154397      
   2020.13553324385464866296212209539115      
   2140.94850275236917542607323598254610      
   1926.28522535179253333636455102616517      
   1527.21406993678333009466855997156894      
   1050.15419260174405669879575491837954      
   634.829934123449612152098204031981457      
   326.456674533206752854774106565288758      
   92.6672515067428487170138651043861891      
