   24298740762.8696203109434277000978675      
   3352955424.14048648058468195718889408      
   1164366964.45484427584856678902910389      
   374254974.331883295056063267063092723      
   340164440.432331631022765906039014702      
   258269257.850953335757131202658073379      
   183426422.060430972115247068433125266      
   136231149.157287735123052009809471217      
   93826993.6448738203174993249168631457      
   64980801.0544057313399833179871456299      
   42705124.9368718403979263945611004072      
   27239336.1002743217473544286836642002      
   16829639.6854997031145052636016998800      
   9950363.05763996761177064439369986540      
   5820395.76583730682707315023382848800      
   3307237.90117085544410458695983683075      
   1933526.57309051350364139621124357330      
   1163476.93570072817295349044679542827      
   740584.264409358285278226784790657791      
   490809.613235919676016001471696716091      
   317118.752541646982719875043104418019      
   191878.843043204894513556192793494869      
   92799.7811195224661942620194235336574      
   23558.8010155500156773853906149172353      
  -20101.3017241353566757899156839512791      
  -39906.8286279826923379547739308403695      
  -41395.6746414014653552844913963307217      
  -31868.9047639087085164976932878417829      
  -17374.0976889726159919084275925351753      
  -3620.93377210900281135240991168859785      
   6533.72655125336244396608430837632186      
   11744.5041571971890928362371883620274      
   12493.6646954008876179774410821309596      
   10126.9228861941013733663176051313308      
   6258.91005696219765784970927769826921      
   2368.54329076801177652935844107419507      
  -600.254637963699829472714731375319665      
  -2208.14120959869196638734089877258875      
  -2507.65032438984842368329258726416413      
  -1844.86469163633931003753880803307783      
  -688.405009789773437757356054457358730      
   524.412700023207994335388884867652424      
   1476.95751522315812204023557779992920      
   2020.13445361567574280291818983881788      
   2140.94762266722232204380078022432007      
   1926.28376244362144295991323342580005      
   1527.21314128466160810234323170612693      
   1050.15329380808327277591823028138319      
   634.829577592715839439824208094397468      
   326.456296993415120967899533681293589      
   92.6674081195308203670292591690268355      
