   24298727429.1193621356654891786324945      
   3352963581.67157145111764207254772647      
   1164364107.65181676407605031531207517      
   374255605.212680757541434901676695370      
   340164622.687850084126963690641491668      
   258268969.305483454531316146460155719      
   183426621.804775593375855478319737471      
   136231015.295496077159759322538951829      
   93827040.0694751544809533365646591601      
   64980777.0748055632837816038541891964      
   42705120.5394958778555298943475829832      
   27239344.0623263622611461818651433965      
   16829633.2972428045975345401365995136      
   9950371.91791138887929052881844726951      
   5820394.65622504280582462981164782648      
   3307241.36600872832480456185090669106      
   1933527.37188418070877827658257579112      
   1163476.78875110568078386412296458447      
   740584.615646642659968645133457708310      
   490808.409175500845923672350202478424      
   317118.531697496784914859299504709593      
   191877.988269955867302445535210786166      
   92799.5528178566907423804311572065027      
   23558.5802613364972594343171364029002      
  -20101.2827965564086398990906238856956      
  -39906.6894258464713317352417936941726      
  -41395.5187058680380449600328755638776      
  -31868.7350971269366176882749892897829      
  -17373.9825013465797673862812439427341      
  -3620.88257131475464179423694725179335      
   6533.74143465270601409672779739311869      
   11744.4592378759358436541644506187785      
   12493.6257202946833503650738832055757      
   10126.8617275475134152461447897529314      
   6258.87931311275099158160678088440953      
   2368.51449411604697623807700316499344      
  -600.254891890546100233711543125697418      
  -2208.13843860227353767150323581020262      
  -2507.63369676719875812958608426713059      
  -1844.85343953876433553587961398116963      
  -688.391693966106689589134078181504223      
   524.415995842241269801428454180812534      
   1476.95972775141962713066067128156965      
   2020.12876082725993904163844188612281      
   2140.94284204340732379747358345884496      
   1926.27601001319719210254605539118769      
   1527.20811052464642349427647227168637      
   1050.14854856780263544200953419835360      
   634.827614660425526423421874443801667      
   326.454330739662858197551458080549069      
   92.6681968042368977618983489224187135      
