   24298719897.9021040069147874021526359      
   3352968189.20703480204470395218358811      
   1164362494.07977738596516298825991846      
   374255961.555475743020098805864904575      
   340164725.614265548446170077995968089      
   258268806.344313308646498433106813109      
   183426734.613328906755503153057576158      
   136230939.694326968163074413015644897      
   93827066.2874547855789721139803349720      
   64980763.5319044097313779443450342268      
   42705118.0553388927288497649600314538      
   27239348.5593676746868993695529462484      
   16829629.6890302478962280885736377912      
   9950376.92251384176757127951988811457      
   5820394.02921640211974393566470238220      
   3307243.32347415661655603163024413067      
   1933527.82260604705482215898338924478      
   1163476.70625370881182878726155068454      
   740584.813596080775160604728805992539      
   490807.729496966706836126674656725959      
   317118.406615836482505129742309803211      
   191877.505763381346872617229234665512      
   92799.4236077454964050363605542508447      
   23558.4557926734416454136739691256514      
  -20101.2723126248780438293366160002145      
  -39906.6106174003516250526534802905558      
  -41395.4308048814820323906427287971632      
  -31868.6391011960091789857622568674052      
  -17373.9175939287122512083051861229222      
  -3620.85350515533013888885386576525358      
   6533.74970579424627932246482791316872      
   11744.4339952593556490668395414036400      
   12493.6035868877925940231117772347755      
   10126.8272957271771622953643409346049      
   6258.86184339343232927078561043248342      
   2368.49832665318013136479144939512352      
  -600.255127237487892291308022560993378      
  -2208.13678791744370167782024860415157      
  -2507.62438563009233270591007744283784      
  -1844.84700873250981571412443662194252      
  -688.384243497190477261352632791248412      
   524.417923723843231232089480965194584      
   1476.96091547676759108503965659439209      
   2020.12560355984100847154812034422694      
   2140.94008755038124765898960408808958      
   1926.27168201625648599277335927563899      
   1527.20522165826006528839733227552812      
   1050.14591247179087113907240578629589      
   634.826464814959560918203134065586737      
   326.453258369766494134029223742467841      
   92.6686067493813444319406708545745501      
