   24298750232.6050317156962394781145117      
   3352949630.55464327939721925107631285      
   1164368993.40354657820220482400119377      
   374254526.284149623844953316117344568      
   340164310.971275410619052129141883655      
   258269462.800419791737112609162419418      
   183426280.184218408669783100296786696      
   136231244.236811904949971705505025048      
   93826960.6686131478541103846659724597      
   64980818.0867650638347066751271190281      
   42705128.0593430232709340532761259287      
   27239330.4454146591413402129064190189      
   16829644.2225169076325765261695061967      
   9950356.76516741439528292796366844227      
   5820396.55350816565423533991766518549      
   3307235.44103305811137732878095312964      
   1933526.00514626691753912708004089527      
   1163477.04076525768153539276290873200      
   740584.014348426289838706005729570223      
   490810.468931048170793870858350116425      
   317118.908907195336715102984077457622      
   191879.450515080704542973259771236006      
   92799.9428970066442656189843073863624      
   23558.9581039900892362313512411492775      
  -20101.3154573569579218024892789938494      
  -39906.9272316082182985953067027683512      
  -41395.7856347106443263048066764792615      
  -31869.0250312442235647673552617677721      
  -17374.1797123720233119447128472271084      
  -3620.96992828946390981733510199938414      
   6533.71578978228815809982296463230577      
   11744.5362413003146368939585442867097      
   12493.6922071025851948386177095947068      
   10126.9664800092320949604445207280218      
   6258.93174308524282675452311605219639      
   2368.56388053982655677597525378660309      
  -600.254587819368824707783680465719694      
  -2208.14305633575010320083252081686617      
  -2507.66224759885205269258215190074510      
  -1844.87257614851911578851061848330288      
  -688.414566907490563458010008153170033      
   524.410453317198735519768301736047206      
   1476.95585604611617403042360108937805      
   2020.13857907522367760815737208924643      
   2140.95094101593180252429658953799940      
   1926.28934013966189561132201122146173      
   1527.21664714683445129963945605924880      
   1050.15672629727504199056754502731190      
   634.830913591447627278746164489468831      
   326.457747349064179115847622204809111      
   92.6667979564291966512542599273015261      
