   24298587343.6766868492668304662115596      
   3353049281.11865652731804177557418819      
   1164334096.29321853077998541785425119      
   374262234.167987350096991155586684044      
   340166535.322795827536174683338191775      
   258265940.023978539352235094556427291      
   183428718.730095971687880760904038788      
   136229609.903549707600590274184005059      
   93827527.3042427886466073475558915441      
   64980525.3225878387529434801573700058      
   42705074.2877701534117942932194094563      
   27239427.6925935541600494567245740375      
   16829566.1892859030579913876397831957      
   9950465.01595039343984299783529744742      
   5820382.96504841968743632766225127967      
   3307277.82466269672400218884260983639      
   1933535.70547640154054367067736670469      
   1163475.31008138308386401693856724524      
   740588.249444147169287276207351494228      
   490795.810939254096566424835652090180      
   317116.167823427395216654092807520948      
   191869.044317485312748883326011359009      
   92797.1218573555351519073376959406033      
   23556.2878335984826887788367158198477      
  -20101.1092608286175137095367566022647      
  -39905.2046997401025247835725003495956      
  -41393.9015876081361499774408850212779      
  -31866.9328264144037260341238156329434      
  -17372.7906693209639235558398394438638      
  -3620.32712405918533832855434533103107      
   6533.88174816434615846787786989757668      
   11744.0025601491910925485027675295150      
   12493.2022195580429104581294727342446      
   10126.2322938834582433366651787314010      
   6258.54411278578152516971908648313963      
   2368.22323638514848808964506071420182      
  -600.268146501252583841046593325933139      
  -2208.09953411846886421903652310924769      
  -2507.46818520491556709139416943010725      
  -1844.72667979339907899910760790535870      
  -688.259766230364944015550024154177638      
   524.458074788736469599326605948162404      
   1476.97604638364075002904251161552334      
   2020.07542641625588719795510142652227      
   2140.88660334662575798804597407994734      
   1926.20016015855529328776293717863823      
   1527.15005644538935069243633087354067      
   1050.10351567449672022672429456689067      
   634.802517007115000546722906456902623      
   326.437811026185146297858169797016352      
   92.6726524575856596923622662494680905      
