   24298466465.9085270237948805105378978      
   3353123223.76858242185290360426164275      
   1164308203.50520022683618088198593990      
   374267955.465420154379750351221436858      
   340168182.560158436246259283533088768      
   258263329.313107261426105598664698194      
   183430525.796634731599956137477455018      
   136228398.622313855362109212130495740      
   93827947.0017530648433066978007808539      
   64980308.3413634339018252324698139967      
   42705034.3112084888138137325372614780      
   27239499.8168908118695447586443170590      
   16829508.3038708903370830316694809041      
   9950545.35577243616099490350035570886      
   5820372.83732390540652680986468588720      
   3307309.35828861557168423346616845945      
   1933542.81956441931436507421239435346      
   1163474.12094318857890071952391833068      
   740591.310960111170666767051668860033      
   490785.007629203141178161047527739640      
   317114.072095391150697158945827123774      
   191861.372210149338615839610345072267      
   92794.9842807634458066735633607894173      
   23554.3417208552395958925996554649243      
  -20100.9895116907579372318276023858151      
  -39903.8978317372533642998323210120142      
  -41392.5305105737741826749625340570448      
  -31865.3552268360510334303596168944849      
  -17371.7828524217960258327398015100966      
  -3619.82822458363018010014455246128277      
   6533.98517495535293141889333094909980      
   11743.6251634720643856176381149699303      
   12492.8217236476381566978101595785444      
   10125.7030657826429825707714686226524      
   6258.24210707578127020819345079773646      
   2367.98351231310578576477340227421620      
  -600.290341268903059087126280865320836      
  -2208.05619607538734772734503094487423      
  -2507.33440954185578180523527261209979      
  -1844.60902113558320747998025009951735      
  -688.153529733883840970411186995154495      
   524.501391221040488329400646135221786      
   1476.98373318726569567072344812008599      
   2020.03529250306889548085900865382356      
   2140.83271208416659436093938371390504      
   1926.13961448164187279694355068307679      
   1527.09549472638135939286655922616549      
   1050.06871140831506958642548418605809      
   634.777174426159675023216678427446871      
   326.426884718433719332769754713469078      
   92.6734867480470807759163316491020677      
