   24297890611.3384757149655908782583756      
   3353475403.24480020197708412697929863      
   1164184897.71435239291156927051897297      
   374295227.101562177067686913425524884      
   340175990.282599236489999660622183811      
   258250932.504635071042134114257436157      
   183439105.143759792415549772692336583      
   136222645.793499622894669763760373400      
   93829937.3964690315012774075934994908      
   64979277.6204582032978260016022593478      
   42704843.2439034999504149624587795391      
   27239842.7009848078069306638409873184      
   16829233.0174932503621493339475114454      
   9950927.97417585181796281900165437479      
   5820324.28330310081724501348044871134      
   3307460.33210882464476405502504617921      
   1933575.91743792611401242278674871478      
   1163469.38287014868351730422750880918      
   740605.123277847265431193302942042327      
   490734.238778662843123892166072020988      
   317103.530278079786863479394100827564      
   191825.254536932426519650731244904841      
   92784.4334628045486245577376847894263      
   23545.3433080071831835218435494483870      
  -20100.6722054000179958912071428579558      
  -39897.4675731363262651397194707867623      
  -41386.1906447512928811513401474199801      
  -31857.6663629702145694262077102343392      
  -17367.1364397506484826209245413811122      
  -3617.30447220780028090785985038561817      
   6534.35117474122928272944194712098361      
   11741.9459792347094442550243886539631      
   12490.9063523094557081143189415348327      
   10123.2739999896873366353209883012785      
   6256.72160434472277278050580634549142      
   2366.91231367946624013336949875597989      
  -600.459992206773676582105485763359594      
  -2207.79476035202863068733471308913986      
  -2506.74636489394608080611076822881921      
  -1844.00555645660185848624545775159832      
  -687.685024189912272143007513820280317      
   524.740929192891039691728731953167651      
   1476.99192702519432652688293082632371      
   2019.86900421242085654657021923574301      
   2140.55491280893704314540680578104047      
   1925.86911347368285405735975452723299      
   1526.82056718000848053850934408725839      
   1049.91515913327881332514028024014855      
   634.646449551209916960996729892621542      
   326.382601454495147974882209962406349      
   92.6715008666323366998231518648012748      
