   24297616178.0541596925548868059696669      
   3353643194.43268995133197992432693401      
   1164126161.05471422270215259942264086      
   374308232.810692490693814847199226809      
   340179688.366407801525505465454316983      
   258245047.916214691391088157488572583      
   183443176.853178914610154678686177725      
   136219914.298254864801903008738480367      
   93830880.8292276745669872344705802461      
   64978788.0339298853167542045444527112      
   42704751.9184500865349806700949864281      
   27240005.6086354786780488352799627245      
   16829102.1840266470711218820206074517      
   9951110.17095944836485740982686219996      
   5820301.04239812989135914934236436801      
   3307532.64379002709338929962394192992      
   1933591.29905828598251413820073838182      
   1163467.59827905105402993782749767335      
   740611.317915391838385984210689149843      
   490710.392302948147265167101553483994      
   317098.235405575433375566108815004205      
   191808.243355535942975112608332587209      
   92779.2380631692469069448767231468522      
   23541.1701487487285424048578134579891      
  -20100.6275683764526351387644075260798      
  -39894.3222844877888125341560881443929      
  -41383.2452482479519208904224160610794      
  -31853.9346490373705319089766950696977      
  -17364.9809943992844478898575135916866      
  -3616.04529583567368277223335766733977      
   6534.47899194321354915222289808950089      
   11741.1895470191548329762863011463107      
   12489.9572702557756503961541618199885      
   10122.1481978077754038298993055319748      
   6255.96962771561489367176846827036430      
   2366.42431094236713183774090718226024      
  -600.560724237716855784347728214399008      
  -2207.65415221657705534053605430414419      
  -2506.48006780038068952535137666348770      
  -1843.70650190392952624537264751798684      
  -687.471223625153168266212157322164296      
   524.863045310604647518865398544503734      
   1476.98964010452111294475594788669802      
   2019.79484130161166827464702264178561      
   2140.41878748733175070182008122084369      
   1925.74295052511694958333300786013716      
   1526.68772014461006436565986527189534      
   1049.84294784474490505353938755058846      
   634.583804699610044246702832257606816      
   326.361199574985231355510881173056505      
   92.6712944263944364932696370186241912      
