   24294204432.4246119614391754496428014      
   3355726696.37669995987244977783737827      
   1163397407.74266865117625597565170571      
   374470368.449926704539488355394676335      
   340224473.139048790786447438942072885      
   258173110.132506040339089504144356589      
   183492914.744506073150318894599560806      
   136186478.216342904864796930163494011      
   93842350.8572542655653524197598220290      
   64972775.5283053280119327885256184976      
   42703613.1194219946763651555399058567      
   27241994.1710067830093536780592817078      
   16827504.2003979455161809219400833111      
   9953358.49311561465209233896023829089      
   5820015.11736688698385852056825914542      
   3308443.07443937906950193024770977511      
   1933768.92706136038997005752445191339      
   1163464.01197018268326220245662115827      
   740673.675645136931683787396796047913      
   490427.094532521769785243014982086572      
   317022.821331911279362642098121577439      
   191603.137846869474208052357619971811      
   92709.6474574534711439383942931708972      
   23491.9039436426991341653924738462554      
  -20102.5756249291915212694083624565952      
  -39853.7854992443870775617630780099996      
  -41348.0838493770571960667008449759865      
  -31806.2896012428502091719826415943898      
  -17339.2134299356515943807493353233369      
  -3599.27902910665283131031714434818996      
   6535.28323485934330001807318661780528      
   11732.6029461661060731343110402637745      
   12477.5773096304722530843552122076960      
   10108.6470169425435031202835629274692      
   6246.22631703716002735958998745976895      
   2360.61869818137552592233488175203996      
  -602.048621396017346726762030522076820      
  -2205.77346443882939384052940191379468      
  -2503.28536092030189756254833769231304      
  -1839.92043163212705598753703346474276      
  -684.852372324409246955939271502991177      
   526.409163047530971520464173098583302      
   1476.96447702857049521362175319555562      
   2018.86752821165315311882415681522811      
   2138.75230968496111490232477977357771      
   1924.14247832891531260914970347948079      
   1525.07570661005802173727818584098098      
   1048.89736598192726889161545733490838      
   633.852418800322644558606445952626808      
   326.043387402927377950972222927260701      
   92.7173274882012195655709140982707524      
