   24254462837.0415085461428663719477372      
   3379668994.83870488816270406751941664      
   1155111524.10947122185668424652048085      
   376395218.006371492802992407678114118      
   340616936.198550640745208724641023948      
   257470872.902919463133086960078126058      
   183974982.237968386537792467528426072      
   135853326.304340110317093791711620512      
   93949351.5358119206176624940755791605      
   64908359.9056536128107858760552528334      
   42692296.4019303825684488759585255588      
   27258652.5676089020308434783171704378      
   16814182.3123336724929474451054491114      
   9975676.60996054540920367361253359981      
   5818834.95414063905613048917622130642      
   3318749.89273851915272688219295913067      
   1935742.73786365941505989486075687773      
   1164348.18770211274792185786785859004      
   740759.430616428312683293961281479378      
   487815.916814366126531280657040227332      
   315714.326692951771432392561204576295      
   189414.021369075973441203318820578047      
   91745.9080939197849540057175566787464      
   22868.7963224004492648934518713794111      
  -20134.0518421149300205340531586992221      
  -39457.7291511008239535385844980469968      
  -40907.4639258060541681688650500680352      
  -31278.7666394289984901674755369467434      
  -17012.6054248376942245198659871973480      
  -3397.11347357933879025024693684861147      
   6556.86553822043995093999513906825868      
   11644.0410987757388214794287071621120      
   12334.9869604680016785009844935046596      
   9954.39536724027347979906041754554160      
   6130.32698865500501376096370322548178      
   2289.50254650693546735882176992324517      
  -620.975094956986814000146247511883507      
  -2188.17346797519126375378745885225865      
  -2465.34239021926970101383364226914499      
  -1798.09981616150817210954081959473821      
  -652.250011704719189017230069431540433      
   543.820627021900390736420017526131373      
   1478.65630323926632341838790264173805      
   2007.79891041900023312252029919121967      
   2120.56660831638051862649742270725565      
   1904.82368891896932020633753460329497      
   1506.94573552296067114170515228378083      
   1036.98978090354691778200804123783328      
   625.655813324072238597961022194028607      
   321.842105868161877618081453900506689      
   93.1789952944256457823188596953204351      
