   23996025477.6195618026679609357958435      
   3523418734.07854340358295921737979621      
   1109241243.87173162411736801315670566      
   388252981.565072935760715106419820302      
   341037513.244370481559079863862171145      
   255523210.842657729870394649986016543      
   185237021.247075326591106575190182959      
   134771484.344005934985581892693672735      
   94121079.2490880958139191194886327187      
   64597435.8845432198604719755151945721      
   42624777.8013790098742949607593841903      
   27248767.8288481855040483273063820296      
   16811453.7790239216005729866962812369      
   10045688.3998173880851956899861628176      
   5857867.47497131780228295923716504635      
   3371571.86236080376227728199905843251      
   1962034.45252826157308106575759068986      
   1178869.68987095949462915944273889754      
   741127.704632256676698253219450981596      
   478666.056959221144710165511775131646      
   304061.279754647699724032200670857880      
   177005.672804712117222435430322078444      
   82919.2022750103209095449940510112873      
   17512.1700478055957604335677166965761      
  -21612.3470393046747731257884877592477      
  -38259.9150814639708475695221159066853      
  -38251.3918536559411464364824357462696      
  -28269.6393366364190722782733445314524      
  -14566.9108356199486633255968642733757      
  -1872.36229926383627447618719756553964      
   7055.03823965368852071812685920615843      
   11349.4992225808099738270734493597928      
   11565.3273874825945041095851266128495      
   9051.20108871146254577703152303485569      
   5354.33755839951952609515411578823468      
   1784.22025249508728960663491035992273      
  -821.553445805045928984474610704465495      
  -2138.19344329290486577958293312017843      
  -2262.43938323895742467520896471211491      
  -1547.86148675864262173150018053367849      
  -438.176474840189953412697483828606848      
   671.483013596415786535383507665295367      
   1508.98398522457253548861695888335667      
   1954.60679785701940058420400189191584      
   2015.28338923523310667287982610067214      
   1783.68492205975755468661489469954602      
   1391.94366189017550731444721303976762      
   953.329044201979773534203495136561559      
   569.589419528379280305212016284652325      
   291.323344483596815049117268386589625      
   89.2650911854797670561275773985242084      
