   23864444993.9925572986536060133191834      
   3590433854.05606283010538533092364698      
   1090041183.43347311166066722015546847      
   393432701.103743710406741552536127150      
   340937775.350294262132834186064969639      
   255150075.336253592767225165417053129      
   185443697.171164184042547776936310951      
   134479686.906948905479740973387938852      
   94076492.5242852069223771829294317776      
   64467957.6254655423352549488729624411      
   42571818.0637913788594560994740887841      
   27222230.7714648557193604458722538961      
   16814819.8716598183809372672674395278      
   10068236.0346495552493755483719115520      
   5884071.50758077308564447675144029011      
   3397188.90534566471450197124958892168      
   1979916.61958522160105865694446382691      
   1189006.38334707298748738762691977036      
   743623.910055016438485342649415033334      
   476005.107270609894915057597762617404      
   298636.075776207769166452936595637106      
   171045.999964135295129000121897102364      
   77960.8966434753078184274713639624740      
   14294.9982150499245128426453620454896      
  -22980.5287119988460870760461338736562      
  -38151.1698526257186091704226069064373      
  -37232.6439940080044897525499071286284      
  -26926.8180581897347189574810902963304      
  -13351.3628325582208025040040095004892      
  -1048.05000255925997411490767018444746      
   7411.87622397591852724901079992635988      
   11303.9735855686401971305853943315478      
   11260.1492684325837192439206598688708      
   8646.62209642607700749185687494839634      
   4982.41643467346876595407802443492784      
   1526.17452149064684440419853001790973      
  -939.573347818726797771114161644041774      
  -2133.38430808185969301533956821862945      
  -2177.78818063727615736511935861853827      
  -1432.88396303082253463962411781021671      
  -334.798931845356226796442874249532447      
   737.148694619819296501742668590384421      
   1528.35112957256956153632820403878842      
   1933.15900856798914558315741123119413      
   1966.82597100209697897544832571308067      
   1725.09626866593377393965093243336471      
   1335.80643556820988991415849539270904      
   910.275700503189132775282568911695067      
   540.833529686082915143075722194436948      
   275.200835584209552403060693234280133      
   85.5454059807428351953077221377727425      
