   24298749123.6167246772088365562814769      
   3352950309.03571249715852529209387490      
   1164368755.79497122582394956794997428      
   374254578.754053484835934069393861445      
   340164326.133223890639740897931212172      
   258269438.798103526125569632915696323      
   183426296.799851369207427354351290267      
   136231233.101751594440629535743922860      
   93826964.5306408363868072972263282206      
   64980816.0920477590154638161232358783      
   42705127.6936997095711131159226630551      
   27239331.1076539023609898158339034287      
   16829643.6911919037784998883754566811      
   9950357.50206338413902386725022361605      
   5820396.46128183459530698031856443191      
   3307235.72910980269805900867147082822      
   1933526.07168496766406271570724843812      
   1163477.02843100616733926944085059929      
   740584.043659130703987014644901693905      
   490810.368697366921705135526571802988      
   317118.890616242593042697954421868700      
   191879.379357244346378348617660365377      
   92799.9239672926364043150867324206424      
   23558.9396941938970645889993637993628      
  -20101.3138364113547185872949620544040      
  -39906.9156955573891042304292000771150      
  -41395.7726256693073580298084850949240      
  -31869.0109569907768714516535616308934      
  -17374.1700972791792717105364560711524      
  -3620.96570312449523603623828611668572      
   6533.71705839375047912483267345143828      
   11744.5324760217541858574519982559578      
   12493.6889926159436991418899614423427      
   10126.9613678697184410526023966498056      
   6258.92920993826480757547097846341542      
   2368.56146325859258641444647728891569      
  -600.254588000226648722390578367518850      
  -2208.14284536745798794012316130002697      
  -2507.66084629842981541585299493315970      
  -1844.87165747188015974591885953366275      
  -688.413443311824715740983790400995269      
   524.410712320146418058536817430926487      
   1476.95605418412206790270527306698997      
   2020.13809235315138723746116545013585      
   2140.95055576089900286163850845599079      
   1926.28868381242521827308466940098645      
   1527.21623949706490320340832137633004      
   1050.15632161083260365825399463062845      
   634.830759656668372557891807623304102      
   326.457575162748367513415142767124104      
   92.6668715771371825766443598727064779      
