   24298746583.0539177108386107117838456      
   3352951863.35485050568846339614012663      
   1164368211.46250193852655394958285431      
   374254698.956859982181087967532897022      
   340164360.866544751507298408798158084      
   258269383.812550587113654078375451506      
   183426334.863631971141231559424027065      
   136231207.593049631410155974771759697      
   93826973.3778745362865232099913684322      
   64980811.5224632660344625403464399168      
   42705126.8560282751061597371592810761      
   27239332.6247607677770552283009916343      
   16829642.4739891128260702986936583724      
   9950359.19021337896311970211423146542      
   5820396.24998523458795345585355334776      
   3307236.38908684356030022549076544033      
   1933526.22408981049386186333486986615      
   1163477.00020501753060136097630377617      
   740584.110780079921602599374599108230      
   490810.139098101016256841714294247804      
   317118.848692938501721453413238238761      
   191879.216360597157786416886068359435      
   92799.8805856416779057791125261722916      
   23558.8975329216011845603054946703368      
  -20101.3101357259759273377966765025389      
  -39906.8892564765860670917368833640196      
  -41395.7428342758688905983730913754938      
  -31868.9787043817280291755880745739947      
  -17374.1480797015626340709056761535124      
  -3620.95601469039003806975474977428394      
   6533.71995625055753336445879155159367      
   11744.5238581916712432686868256514727      
   12493.6816211988418076840137293672779      
   10126.9496635082971477105655530017887      
   6258.92340028073344902045245848960959      
   2368.55593161447593606771289619157640      
  -600.254594129321644863668315717466454      
  -2208.14235674154407640142664274931502      
  -2507.65764109145800386886949642534194      
  -1844.86954820464565797331780051324522      
  -688.410873675669756032448781028243442      
   524.411309786097764460023783859302423      
   1476.95650424832901060408840709459332      
   2020.13698093581512492525234670801557      
   2140.94966982454653944654506246833435      
   1926.28718338184725509873322776922692      
   1527.21530269546890386387370190035371      
   1050.15539723836483905331842236049909      
   634.830404484489318834483492841034718      
   326.457183042823155788820764682844589      
   92.6670380680025796937540937217869422      
