 0.67517890135767E-04
 0.67939824468709E-04
 0.68377344926100E-04
 0.68831478900563E-04
 0.69303353800189E-04
 0.69794210145953E-04
 0.70305416853675E-04
 0.70838489148366E-04
 0.71395109668885E-04
 0.71977153462782E-04
 0.72586717755746E-04
 0.73226157622087E-04
 0.73898129002945E-04
 0.74605640947072E-04
 0.75352119527486E-04
 0.76141486677770E-04
 0.76978258285663E-04
 0.77867667415508E-04
 0.78815820714006E-04
 0.79829899209808E-04
 0.80918419361141E-04
 0.82091577170581E-04
 0.83361708857100E-04
 0.84743918316068E-04
 0.86256948565354E-04
 0.87924419135025E-04
 0.89776628215025E-04
 0.91853255595152E-04
 0.94207558768453E-04
 0.96913159610801E-04
 0.10007557947282E-03
 0.10385308668850E-03
 0.10849743662752E-03
 0.11444213950288E-03
 0.12252323833095E-03
 0.13466524575393E-03
 0.15699694816329E-03
 0.23736930024136E-03
 0.67154209203592E-03
 0.97799354745991E-03
 0.12107516635380E-02
 0.14065355196754E-02
 0.15791272211686E-02
 0.17354558660178E-02
 0.18795843710996E-02
 0.20141353284811E-02
 0.21409173926991E-02
 0.22612398583677E-02
 0.23760863807950E-02
 0.24862179951218E-02
 0.25922377015198E-02
 0.26946328056222E-02
 0.27938037146834E-02
 0.28900841341195E-02
 0.29837556080338E-02
 0.30750582261452E-02
 0.31641986638950E-02
 0.32513563248287E-02
 0.33366881052688E-02
 0.34203321408946E-02
 0.35024107889468E-02
 0.35830330282957E-02
 0.36622964104090E-02
