   80.0870047177723418327087000004588442      
   80.0823205898286677879664604152394442      
   80.0745001370960168239319451597716105      
   80.0635357875591747882324272769681981      
   80.0494208040762882368689770120827029      
   80.0321498661554001614931278096442213      
   80.0117195566825651524177989674419325      
   79.9881286500312467858988977681128469      
   79.9613779033344126186510188860985338      
   79.9314689070951129609735049781944220      
   79.8984017159030345443000369298184566      
   79.8621714177754271872780185604100519      
   79.8227641960925697899733460696982672      
   79.7801535657435146519481249609241759      
   79.7342973433101493622591280962927900      
   79.6851356873265840885301888911578007      
   79.6325903430813764411903694282277359      
   79.5765650878019223973917598523749471      
   79.5169472774774352366820920546083824      
   79.4536103168956986470462311249115507      
   79.3864168004250473397410430110612936      
   79.3152220143183905479236195371670314      
   79.2398774696618649320087492177873939      
   79.1602341582951508140159650420488379      
   79.0761452882526115380412116000805951      
   78.9874683457711324862018670878984536      
   78.8940664286050859455292812572178596      
   78.7958088831327214431818777452950750      
   78.6925713440738044624509737757105731      
   78.5842353157777629536284118522997908      
   78.4706874488538484295686420511624414      
   78.3518186599802973921346540826934877      
   78.2275232223194953177991720543467568      
   78.0976979254408386709212341962636983      
   77.9622413724481261659470276263478483      
   77.8210534521689270558456161992689321      
   77.6740349983829294919368402149103281      
   77.5210876274714108722053895558622076      
   77.3621137309143797788286698676814695      
   77.1970165894373163979097219196820276      
   77.0257005706172511958733645200919726      
   76.8480713705209693677416235047206405      
   76.6640362615583451194718253657119189      
   76.4735043123439080840088106180518013      
   76.2763865502333930227381610140483818      
   76.0725960427325043549834994065698449      
   75.8620478796858426779051381229466893      
   75.6446590436879952165841617495666831      
   75.4203481612624072691423849799045093      
   75.1890351318598693033884475345844055      
   74.9506406355395800390525572787615509      
   74.7050855232689168789044329021773978      
   74.4522900961119129921506852501945504      
   74.1921732812000100424107418078331085      
   73.9246517133427669359221323688265436      
   73.6496387315048148896078116547086770      
   73.3670432992205468856397436800475554      
   73.0767688574142810247283903053985286      
   72.7787121171136208737451242800912887      
   72.4727617982563163275719718709323333      
   72.1587973192570334254836762349308470      
   71.8366874402731606599215984701280488      
   71.5062888612304209332703388667173724      
   71.1674447736721410129535649304172968      
   70.8199833634007231962666662500361609      
   70.4637162586957593606694082688165683      
   70.0984369166178357789219131152881479      
   69.7239189375257020275334772177750548      
   69.3399142954210378471230828877543471      
   68.9461514690493849005313960517978099      
   68.5423334557753669943069817439219385      
   68.1281356470458020717061846594891897      
   67.7032035406699023696887531915345822      
   67.2671502610743811158895471739432004      
   66.8195538540008454151700588784624446      
   66.3599543166404741391695922582710939      
   65.8878503177446241162262733725038121      
   65.4026955545584742167392232306649894      
   64.9038946841829627978138273750419467      
   64.3907987557807260512213377312302165      
   63.8627000563990492901549104390578656      
   63.3188262664393583934666310175758897      
   62.7583338001223161961768943492845806      
   62.1803001805909206812761277944955336      
   61.5837152671318043707880673620496348      
   60.9674711114838387371592654337544696      
   60.3303501688132496281139514497096886      
   59.6710115232542244122683295551964306      
   58.9879747032939576889306552507584399      
   58.2796005523172633894900322755632340      
   57.5440684754018878011710766879511136      
   56.7793491923906769352228347750061407      
   55.9831718713795891976100495254311343      
   55.1529841699736306172896169828667712      
   54.2859032355388489678445490609176275      
   53.3786550525701967541024967155105481      
   52.4274985870490394275557882326931129      
   51.4281298265626149276947231155863639      
   50.3755588306841710096893763781940515      
   49.2639499267898555660533630969797588      
   48.0864106000347257573361296057055924      
   46.8347073630021112014392102325979203      
   45.4988750122092900779634936598443768      
   44.0666655269277682314669520209240499      
   42.5227472137225411712419065374167226      
   40.8474985070587030056937338884433753      
   39.0151108363767454511638497891992468      
   36.9904419948376203485917281805614062      
   34.7234390252527817672489688158139091      
   32.1383714669987271137482442843878084      
   29.1104924462482023771267083106969515      
   25.4060254992833220310662172785201261      
   20.4759384056565389948239882014968111      
   12.0281470142664450924696365397199408      
   3.69243829702246188193404399159551052E-0005
   3.60102153332128685800460025204949665E-0005
   3.64652963746703507109534572365988061E-0005
   4.03591718597222071174616658184505591E-0005
