   127.853235500000000000000000000000000      
   127.851042424373901521807648121307969      
   127.850983155619325415400092456942243      
   127.850922285102718305965194319907040      
   127.850859769535814355751483443870628      
   127.850795564460464858660050651465388      
   127.850729624217021683213074914782359      
   127.850661901911866265298682800179841      
   127.850592349384061058829734189439194      
   127.850520917171099728387219866807861      
   127.850447554473731726986388002175377      
   127.850372209119836243849686464069752      
   127.850294827527319831026996768177133      
   127.850215354666011323389672695109900      
   127.850133734018526953446818562624017      
   127.850049907540077830082941018262235      
   127.849963815617191198174771441363274      
   127.849875397025316123576795850896422      
   127.849784588885283454620502292330870      
   127.849691326618589096487372482430202      
   127.849595543901468798010768034972782      
   127.849497172617731791041995363734372      
   127.849396142810319739869798128904679      
   127.849292382631556551682625261103412      
   127.849185818292053668064595810872363      
   127.849076374008234501357046572107535      
   127.848963971948440697717929007950098      
   127.848848532177581900172766244336482      
   127.848729972600289649156163315990445      
   127.848608208902534994255375670281602      
   127.848483154491668298330666224392787      
   127.848354720434838593124158950335242      
   127.848222815395748693081668263225208      
   127.848087345569701090581024485600709      
   127.847948214616888440244054464045737      
   127.847805323593881191643194610840459      
   127.847658570883263647609931562860981      
   127.847507852121368408599111018447158      
   127.847353060124057811224214842406339      
   127.847194084810499580192259984368073      
   127.847030813124882486445309023189249      
   127.846863128956016339344296825107485      
   127.846690913054759136168151792164036      
   127.846514042949212646977048804586407      
   127.846332392857626125904183053083384      
   127.846145833598946210067110363316808      
   127.845954232500949393368370606483806      
   127.845757453305891743295381770207815      
   127.845555356073608763208877200749503      
   127.845347797081996489271830507544725      
   127.845134628724803048827310906411453      
   127.844915699406657994359624730803516      
   127.844690853435264762808222064154922      
   127.844459930910679592551216470364259      
   127.844222767611598158400262624485008      
   127.843979194878569056977469438970834      
   127.843729039494051089364681497710325      
   127.843472123559229043371627796137428      
   127.843208264367500372565899294188001      
   127.842937274274542801705122627514569      
   127.842658960564870456726389322150794      
   127.842373125314783620250819334690723      
   127.842079565251614648876194798133225      
   127.841778071609169954534010455239366      
   127.841468429979265247005876166178482      
   127.841150420159248456404175527574222      
   127.840823815995401901047443044931804      
   127.840488385222112335672883946441722      
   127.840143889296694505242799514807179      
   127.839790083229750738578048999483018      
   127.839426715410945941491885246681981      
   127.839053527430074088743946627494936      
   127.838670253893288965668261622401199      
   127.838276622234368471369552100577225      
   127.837872352520878263483279632720653      
   127.837457157255096897145044749486652      
   127.837030741169560885434520273087451      
   127.836592801017084282498760300165886      
   127.836143025355103461098560846793101      
   127.835681094324193720665107494750429      
   127.835206679420600217232459400286371      
   127.834719443262621449876955436556370      
   127.834219039350679166520196482158446      
   127.833705111820904062028856336292149      
   127.833177295192062030279178807738760      
   127.832635214105640995967313808517116      
   127.832078483058913488070689552417761      
   127.831506706130785121541450010282164      
   127.830919476700234023488165580903178      
   127.830316377157140971128103318229076      
   127.829696978605304597422273072948268      
   127.829060840557430462690934136321124      
   127.828407510621877082695937768525064      
   127.827736524180936141609065778287513      
   127.827047404060418097793575931491818      
   127.826339660190308207127988975140866      
   127.825612789256251638299547978762087      
   127.824866274341619832573710880937097      
   127.824099584559903562367416205869812      
   127.823312174677171263754258374840062      
   127.822503484724324152916957710617868      
   127.821672939598872380512233210390276      
   127.820819948655949025765219693094998      
   127.819943905288271078565295749318760      
   127.819044186494748697449761424117421      
   127.818120152437435958546286086295026      
   127.817171145986508019558428472854455      
   127.816196492252941107824650348264674      
   127.815195498108562996304594326534554      
   127.814167451693132649827814355003952      
   127.813111621908098499692398004485465      
   127.812027257896675331164149266455475      
   127.810913588509870038864072541893587      
   127.809769821758076512523602601039032      
   127.808595144247849653027156728225223      
   127.807388720603457978751891216409337      
   127.806149692872803457459533787031459      
   127.804877179917286081696776654234194      
   127.803570276785179287912848926673718      
   127.802228054068070593185773319399010      
   127.800849557239909780223242182839669      
   127.799433805978194592605442616837358      
   127.797979793466811199269479688417606      
   127.796486485680033640964533736058956      
   127.794952820647173072555644718396659      
   127.793377707697353854093406916686519      
   127.791760026683879410710729139374266      
   127.790098627187636266605542307785249      
   127.788392327698969751297669085094807      
   127.786639914777449566407797263163299      
   127.784840142188927677508906130063915      
   127.782991730019274846963624328397644      
   127.781093363764165538600693154354516      
   127.779143693394263891805451269281434      
   127.777141332395145968989774173400094      
   127.775084856781275514025557252014754      
   127.772972804083332007295774227720530      
   127.770803672308170852416223371560939      
   127.768575918870676066932510370022007      
   127.766287959496745860559612378889916      
   127.763938167096630955590467052528060      
   127.761524870607824420356210135800466      
   127.759046353806680133080172563027043      
   127.756500854087914754731557170522049      
   127.753886561211125249737696533341122      
   127.751201616013430536413386715079440      
   127.748444109087321758030474749869115      
   127.745612079422780923448303463065720      
   127.742703513012702255560430189163999      
   127.739716341420624488414358878283811      
   127.736648440309755551169608057461478      
   127.733497627932243550014458965654846      
   127.730261663577619688187241356902946      
   127.726938245979309729239023520173072      
   127.723525011678080788982736930518363      
   127.720019533341259615992713800523838      
   127.716419318036527067268866083170330      
   127.712721805459061182393206340840690      
   127.708924366110768083210517074565674      
   127.705024299430305853166284887634308      
   127.701018831872571556702476528814728      
   127.696905114936285619659438726716592      
   127.692680223138270880901694412495757      
   127.688341151932985717127498396739646      
   127.683884815575831710078124926910653      
   127.679308044928716340445840375974159      
   127.674607585206310127253962830554426      
   127.669780093661395456144444515982155      
   127.664822137207661024864904066154157      
   127.659730189978251348494278449797545      
   127.654500630818335078948071159337609      
   127.649129740709908970569375560377254      
   127.643613700127006132771194643382658      
   127.637948586319427717477987762895332      
   127.632130370523066358322588650544168      
   127.626154915094837474040174164344464      
   127.620017970570180933138409656057609      
   127.613715172641040512583515062122772      
   127.607242039052172030766601829753680      
   127.600593966413572954185747791564801      
   127.593766226926766626792534758943778      
   127.586753965022613008386534284468840      
   127.579552193908254890230418249480155      
   127.572155792020743937457502436014911      
   127.564559499384824542898874893596326      
   127.556757913872285318473170497826305      
   127.548745487360218049787401005195663      
   127.540516521785452047310956721611192      
   127.532065165092357992280528427740101      
   127.523385407071139544863110742330761      
   127.514471075083653102120241109600609      
   127.505315829673716108594598174147466      
   127.495913160058782175998634272173942      
   127.486256379499776902105411257458702      
   127.476338620545801632526821747314806      
   127.466152830150323420995029323106567      
   127.455691764655378050755096342861514      
   127.444947984640219116735952064416829      
   127.433913849630749768542151130224594      
   127.422581512665974709445376527873721      
   127.410942914717608366044721271873299      
   127.398989778958870714798013954934437      
   127.386713604878395000938191243776627      
   127.374105662235061436107289605588200      
   127.361156984849457835033080463994625      
   127.347858364227551968289779441003107      
   127.334200343012041085000501385091959      
   127.320173208256721511398138342921075      
   127.305766984519095371312740735486915      
   127.290971426766302213391642119537588      
   127.275776013089330575258918333065944      
   127.260169937220328172474447277276784      
   127.244142100847689373099533098792791      
   127.227681105723454807335083777100551      
   127.210775245557410263797781280682556      
   127.193412497692120334503716237249012      
   127.175580514552976481663096113447924      
   127.157266614867179200164047513923695      
   127.138457774645409626354249789522034      
   127.119140617919777179557131355075514      
   127.099301407231456497667442210872121      
   127.078926033861248918898483363190349      
   127.058000007796120941708253095396713      
   127.036508447424584334101191799692436      
   127.014436068953589728359346071529971      
   126.991767175539407490666290043165796      
   126.968485646124766256207560614987762      
   126.944574923974310624514908660108652      
   126.920018004900224968511401222598285      
   126.894797425169649971338579711933653      
   126.868895249085292210910422444513750      
   126.842293056230394702311965541465123      
   126.814971928368997617364099961353190      
   126.786912435992173259164548283222053      
   126.758094624500667602855149639332139      
   126.728498000014122143212737120965436      
   126.698101514796784231031718395734558      
   126.666883552289341344808084440153761      
   126.634821911736234637990265032458486      
   126.601893792397519425833556416134455      
   126.568075777334044825099880768084631      
   126.533343816754421324372605132741083      
   126.497673210911933426817926598626842      
   126.461038592539234449199009782404329      
   126.423413908808331853226336602929669      
   126.384772402803033894146030890993348      
   126.345086594490681656748184869265513      
   126.304328261179634464152140485699601      
   126.262468417448610936564384643157684      
   126.219477294533612385632655341052512      
   126.175324319157769487933857725249568      
   126.129978091789057014211716128902840      
   126.083406364310414517487345685815761      
   126.035576017086393013752707481631115      
   125.986453035410018526454022342625862      
   125.936002485313122605179350669359514      
   125.884188488722937256433227988733692      
   125.830974197947286818191935372954087      
   125.776321769470231839466132141460685      
   125.720192337039529651798510073320348      
   125.662545984026772692761566219714147      
   125.603341715040548403938654199433427      
   125.542537426772433309734973119139271      
   125.480089878055088310898005982451712      
   125.415954659111161909843491409159870      
   125.350086159971132625312200977435506      
   125.282437538037630842284654334823694      
   125.212960684773173359155615394515965      
   125.141606191487620506259183044295885      
   125.068323314201025474614178642932313      
   124.993059937556887955922980606815752      
   124.915762537760148886794792803101413      
   124.836376144513569531629033736386046      
   124.754844301925425836359689794038837      
   124.671109028360717432771037365025116      
   124.585110775207339350103172864144590      
   124.496788384527892862866507518411211      
   124.406079045567019422432166390341161      
   124.312918250083327721484387723493782      
   124.217239746474148046004997826554944      
   124.118975492660489584659806058533472      
   124.018055607698694679758066538886392      
   123.914408322084378490345336087252394      
   123.807959926713312552508172510022376      
   123.698634720462955603253963913878626      
   123.586354956357354103144977885813931      
   123.471040786277127451620067474483598      
   123.352610204175218221185250866868614      
   123.230978987758025106588256717671678      
   123.106060638590444937019270029481638      
   122.977766320582229257184793193072798      
   122.846004796811909849693181067375323      
   122.710682364643365327936750937761586      
   122.571702789088886734800273312628491      
   122.428967234371353074591209159053145      
   122.282374193636846996759525456964511      
   122.131819416767725529474046266628017      
   121.977195836244809893553629200561003      
   121.818393491005971051941132751789047      
   121.655299448246962780219694635465558      
