   25.0615347915346254604178300866609768      
   17.7611431065524415355912061568657843      
   14.5104027964288692718026502917191524      
   12.5686054615485574597097544408953033      
   11.2417046387455384866504285307112862      
   10.2611530541352428892271511986540421      
   9.49827427125262006598827495265245832      
   8.88267894367921743465268440250159424      
   8.37219098686110410112942806430238800      
   7.93979317025377527634662151007146198      
   7.56726855215975859659686969236195563      
   7.24182474043322437262769989649354349      
   6.95417728535146863266977510259495927      
   6.69740113682997928820842136341464699      
   6.46621105641535837761352758618308376      
   6.25649363846534385261379528203415579      
   6.06499316439538352241067779492769116      
   5.88909490840455542249633012753550228      
   5.72667208945386811347278464285140483      
   5.57597549314537842428501438853536027      
   5.43555235070280909499363918118630827      
   5.30418567442338632780767891420121322      
   5.18084814883898516507254221695239456      
   5.06466654970176928689378269140214656      
   4.95489389981984463643007879168292979      
   4.85088740209872597001605327872871809      
   4.75209075623968967674679384746522906      
   4.65801985477508405052591668758737544      
   4.56825112382121052560491532775482604      
   4.48241196221692422340884781662765590      
   4.40017286535387512688877289495406044      
   4.32124091456074562828009116801719565      
   4.24535438138213826411037448353360213      
   4.17227824666687123126775711946639562      
   4.10180047258095588661947062802913020      
   4.03372889520240611708973466904493795      
   3.96788862871947926657242744591646127      
   3.90411989109587536280351440812217138      
   3.84227617649606298402949597826883489      
   3.78222271253771970613013983868566045      
   3.72383515108564956140359897890112394      
   3.66699845020662221164068678869888595      
   3.61160591235807126941460709207887786      
   3.55755835011463820493295622761362626      
   3.50476335593208584306033597885240558      
   3.45313465676445409648356576049100934      
   3.40259153792030093428047856266802630      
   3.35305832348109144941876946894775509      
   3.30446390300680105958309310978767122      
   3.25674129620412694173042997678765793      
   3.20982724880269329748461063358598222      
   3.16366185413492366228461752508510852      
   3.11818819589704743213529203113130045      
   3.07335200832497695710795325185216932      
   3.02910135058524232660904977307146842      
   2.98538629258713570450176298272589602      
   2.94215860969132859949992264091766947      
   2.89937148394102417258134317509340830      
   2.85697920948799942160833685281636027      
   2.81493689983706290317783570551176979      
   2.77320019439350924415593302666371665      
   2.73172496156970713176548312684254999      
   2.69046699538485864781754151774064425      
   2.64938170206688914581705433319058738      
   2.60842377262188040435450471737634834      
   2.56754683665172106063583481720690802      
   2.52670309184278780071164284418967621      
   2.48584290247402018899472338255725470      
   2.44491435894297537332451914435165724      
   2.40386278860449892283561647996318894      
   2.36263020605241063676568761108095041      
   2.32115468820669923850152235888600846      
   2.27936965600202064069356922824773151      
   2.23720303983998981092325298199508941      
   2.19457629989589997952044685066797877      
   2.15140326433756094196189040434992489      
   2.10758873777401694921205254831160580      
   2.06302681772183676638788042057912693      
   2.01759883695048053203074759154374766      
   1.97117082180586756027159347080519927      
   1.92359031719891772698155560089309074      
   1.87468237172717074581620993882010067      
   1.82424439107585118535797495988292540      
   1.77203943654360106403983560248646015      
   1.71778733604641645711690216612984420      
   1.66115262716140586343003008348990791      
   1.60172774990855637133374132291259874      
   1.53900882154539834808025846191766341      
   1.47235928796795659111990907228908809      
   1.40095276044035348581570972042066653      
   1.32367816001690872293212286210916498      
   1.23897229525093158326150767136769035      
   1.14450124836060051234963319446976947      
   1.03648910517515780745682552346967910      
  0.908070267096022354043638539166534131      
  0.744060715266968546079346759432245932      
  0.492115550763007754123856965729838416      
   5.01424764882491873365819933280303310      
   12.8411966389420899926741656976278557      
   19.4638219559963005403533807078174252      
