   648.013914792853529232812752978544159      
   574.788534520272649236234864287132498      
   424.753703073260572689431395210836168      
   287.663294668342591869654844507574635      
   191.717080032039690352453234578239170      
   116.997532120945699425617167787736331      
   61.3625345793573051532240588998784996      
   31.7627656453752358161404386163759293      
   19.5777564557679266020134117313364615      
   9.15591990350904382641820713217340302      
   4.30392842822421497934350074784498984      
   3.06378083863241775368994551513128976      
   3.04914784196482193546015509576049720      
  0.496143165358264349705717388957659937      
  0.973664300357663309591444262190355358      
  0.576700959454942772329056245642416572      
  0.732141340249767223013193848704130985      
 -0.646682362367326564121603725076678885      
  0.733831425694198844512931062584242971      
   0.00000000000000000000000000000000000      
   0.00000000000000000000000000000000000      
