                  NaN
                  NaN
 0.17329600951351E-03
 0.27119593896625E-03
 0.35348234297632E-03
 0.43116122101448E-03
 0.50839019269367E-03
 0.58753819049867E-03
 0.67032130381921E-03
 0.75819776041051E-03
 0.85254232294663E-03
 0.95473693644937E-03
 0.10662240620684E-02
 0.11885414881709E-02
 0.13233475132384E-02
 0.14724414835410E-02
 0.16377829632285E-02
 0.18215118991264E-02
 0.20259714617263E-02
 0.22537346311478E-02
 0.25076350700626E-02
 0.27908024559317E-02
 0.31067022736376E-02
 0.34591800794314E-02
 0.38525103787043E-02
 0.42914504453918E-02
 0.47812995986446E-02
 0.53279646169228E-02
 0.59380321060313E-02
 0.66188487528295E-02
 0.73786105014842E-02
 0.82264617946306E-02
 0.91726061357464E-02
 0.10228429357074E-01
 0.11406637123386E-01
 0.12721408368554E-01
 0.14188566551625E-01
 0.15825770834128E-01
 0.17652729523300E-01
 0.19691438399578E-01
 0.21966446854638E-01
 0.24505155112298E-01
 0.27338146193522E-01
 0.30499556723944E-01
 0.34027491173977E-01
 0.37964484675203E-01
 0.42358020180724E-01
 0.47261106441684E-01
 0.52732924069117E-01
 0.58839547853795E-01
 0.65654754543688E-01
 0.73260926449750E-01
 0.81750062590539E-01
 0.91224910625394E-01
 0.10180023460196E+00
 0.11360423560319E+00
 0.12678014477971E+00
 0.14148801106742E+00
 0.15790670920897E+00
 0.17623619763389E+00
 0.19670006045027E+00
 0.21954837343889E+00
 0.24506094074583E+00
 0.27355095722269E+00
 0.30536916141770E+00
 0.34090855651505E+00
 0.38060979159562E+00
 0.42496731412036E+00
 0.47453642733857E+00
 0.52994141439729E+00
 0.59188492548793E+00
 0.66115886687219E+00
