   595310.836543295593531547502393717292      
   503272.515288423366614420476936640526      
   319925.757077286517929815034098474245      
   174226.678017914962000208937430993866      
   98341.0359867160422756277793017180743      
   58322.3700927728764707784526289635658      
   30667.8985376219030196739482562466767      
   14087.0601644784168716413556657513688      
   6825.56883740072675714524788227529090      
   3298.96314424225490187141765016658977      
   1292.15261689082512503028294674552381      
   597.498049617455645927883431349114311      
   387.465873537183048212900152191554846      
   193.860372868446932294025909138030149      
   119.991182978604310950357464509635903      
   101.314981929904894653630973157704360      
   46.3877353825908298560244679020247936      
   20.2134763624967924159028930032695159      
   21.9768542114093882161696413011317126      
   10.0549517573401834028582511222371270      
   0.00000000000000000000000000000000000      
