   74.4832114539277646082086604042314093      
   53.4683070623051005683097557123132706      
   43.8447121994553697071981762654450089      
   38.0345061908483240161797892442851798      
   34.0367886812265797369201845828687673      
   31.0649675610214880352944976851145943      
   28.7388859629436112346978862580533620      
   26.8501226130489743907226556491375116      
   25.2724273729339839410973658152696283      
   23.9254026875937821282747626189624030      
   22.7548245350568608875698667105224882      
   21.7226159304927920405854878342729721      
   20.8011531372133477310166985659567757      
   19.9700563285534629443857413179487556      
   19.2131444072037799716334584854092168      
   18.5186000899829274084860097437448739      
   17.8763549462797415241679828220854239      
   17.2789434582605864541670201624719466      
   16.7198288063572334362822230897358708      
   16.1936146489362388488565583662753013      
   15.6961724897421929823504055398460082      
   15.2235422020975133024115395401547162      
   14.7727701931940512654999561981255224      
   14.3410180210484976159682871151163339      
   13.9259195169699152052734244218599431      
   13.5253354604670360715590320721949764      
   13.1376301710438030494027351809171171      
   12.7611732363761597077245105168991417      
   12.3947249240893875707294506573511080      
   12.0371270700720078536698789351711366      
   11.6877816066644061530725362189884073      
   11.3462672424176894250766478608421336      
   11.0122923888775557476292544662991667      
   10.6854588396931226233891474806512323      
   10.3647642992993029244090518134922136      
   10.0484159699253326482447120721393820      
   9.73395848982107812276292509861842973      
   9.41883327328581584466267026006714907      
   9.10018669882093388897432607772187071      
   8.77476082305906560624260449695559052      
   8.43887712399546660767909476573748458      
   8.08787609257307998138577334108859044      
   7.71580572492781407873510333485768358      
   7.31456606499105083741148533816235879      
   6.87213066644977465656686389116891286      
   6.36930584092023400789225400415066939      
   5.77169530414980443952222419323225502      
   5.00564550339033273266898151623438696      
   3.84007987955972070318340256175222764      
