  0.115359086197519765335582372956570823      
   1.53258167483197325582872475227930320      
   1.54907831894982590622699257050798643      
   1.56574870075962391777266202371699086      
   1.58259479578595860413274516251067716      
   1.59961859880830097171013389760892960      
   1.61682212408828907582857927837157667      
   1.63420740559967251733162056421654150      
   1.65177649726088373713941113952991427      
   1.66953147317020988779072675564726733      
   1.68747442784354289291428195649171034      
   1.70560747645468886732730891393852253      
   1.72393275507822137968389988946448508      
   1.74245242093486611292266475226105534      
   1.76116865263940733146358740323159097      
   1.78008365045110921234543528141007969      
   1.79919963652664755489060862170467845      
   1.81851885517554966229824212825295816      
   1.83804357311814230166494381930065795      
   1.85777607974600960699761103341579301      
   1.87771868738496460398052820162875827      
   1.89787373156053971499918447253082288      
   1.91824357126600315765316101346205359      
   1.93883058923290958820831481892056198      
   1.95963719220419467090999744213135579      
   1.98066581120982448243378426183718422      
   2.00191890184424409622130933875825214      
   2.02339894455025728010037832416506356      
   2.04510844489777241271625278637255148      
   2.06704993387291087232592441575730176      
   2.08922596816585042206351940447858466      
   2.11163913046209036671197714097972146      
   2.13429202973637511143848565677659258      
   2.15718730154929393527255756166691110      
   2.18032760834657536263559474648658920      
   2.20371563976109503474335614213349873      
   2.22735411291761645221052514962685262      
   2.25124577274028438348250940238317356      
   2.27539339226289111335627803031666742      
   2.29979977294193604416730546687072749      
   2.32446774497249946128630945181726204      
   2.34940016760695153636140054713620658      
   2.37459992947651786794742834209985343      
   2.40006994891572305136891163120350205      
   2.42581317428973392926268259608150179      
   2.45183258432462430249121961276456159      
   2.47813118844058297911644163658870845      
   2.50471202708808710785190385514007840      
   2.53157817208706278271906524120818087      
   2.55873272696905491825289118178344620      
   2.58617882732242838015465112904570082      
   2.61391964114062231529156364397075313      
   2.64195836917347955781086791856823963      
   2.67029824528167289519287329754410817      
   2.69894253679424985954722409360655811      
   2.72789454486931756550780946054182255      
   2.75715760485788894677234870634750762      
   2.78673508667091154865332067346149245      
   2.81663039514949981387453613893201139      
   2.84684697043839155310604844999984941      
   2.87738828836264902016067771820877738      
   2.90825786080762471408573949327522674      
   2.93945923610221170621906315316134623      
   2.97099599940539793923289277750966328      
   3.00287177309614356677879289272298757      
   3.03509021716659999604227431344537538      
   3.06765502961868886072288554337329406      
   3.10056994686405868803573947923822352      
   3.13383874412743652955840046379390969      
   3.16746523585339130139150863968771846      
   3.20145327611652242307363023874271603      
   3.23580675903510623696801546296585895      
   3.27052961918816978740023576689498463      
   3.30562583203607109411522416178897462      
   3.34109941434454773527014215558386643      
   3.37695442461226866309932268231132254      
   3.41319496350189750736670431222517263      
   3.44982517427467871251900462040283711      
   3.48684924322855700356223881320736556      
   3.52427140013983979053708211238961569      
   3.56209591870841120171952258956509504      
   3.60032711700650546059496147636347549      
   3.63896935793104630668617816816973008      
   3.67802704965976245930573917930770345      
   3.71750464610985744478640745683212154      
   3.75740664740230275743906013116557346      
   3.79773760032766889328043000355209738      
   3.83850209881656095570035845141569030      
   3.87970478441343202073611242315018510      
   3.92135034675397684398697818732455476      
   3.96344352404610264795432905412178195      
   4.00598910355447185094126020443394569      
   4.04899192208861241810439147657085793      
   4.09245686649458384462357299512604730      
   4.13638887415019268934822043483550060      
   4.18079293346374523096721966650297941      
   4.22567408437632356994566360218598942      
   4.27103741886757020661506643899739573      
   4.31688808146496390690582614227565686      
   4.36323126975656758937866347978639973      
   4.41007223490722680571819007605966331      
   4.45741628217819513881895622439009992      
   4.50526877145016050504032275627970044      
   4.55363511774964391707398727767020615      
   4.60252079177874075578053369369576714      
   4.65193132044817108172839658298228037      
   4.70187228741358678663469320952223894      
   4.75234933361513831848348566950678700      
   4.80336815782021196768730532407343275      
   4.85493451716931750595837330190773566      
   4.90705422772503783674652952056543928      
   4.95973316502419276491526304396878715      
   5.01297726463267219478144517092649238      
   5.06679252270349479144265511650289394      
   5.12118499653760913406483605751583282      
   5.17616080514754083054013587929653505      
   5.23172612982366316928864070912520101      
   5.28788721470334333121187678449837282      
   5.34465036734245044502929835741142988      
   5.40202195928947589491498388689510173      
   5.46000842666203184171282936065005326      
   5.51861627072567890559612813402596687      
   5.57785205847497001042934480805893290      
   5.63772242321661390302044524086148062      
   5.69823406515449141336764308652147194      
   5.75939375197737078544008865105752111      
   5.82120831944678957359206562176136083      
   5.88368467198821779023750296045903942      
   5.94682978328292732103584225807821214      
   6.01065069686140924305435474424486197      
   6.07515452669806479339396134641068254      
   6.14034845780692866250464334134815369      
   6.20623974683848847699780731881929200      
   6.27283572267678891841804306035181625      
   6.34014378703804609360356714770698973      
   6.40817141506879240277900465336390321      
   6.47692615594469158068245489413551132      
   6.54641563346931338687669131473020811      
   6.61664754667274054913371964870643006      
   6.68762967040979758756635925800487575      
   6.75936985595768162256599748099699525      
   6.83187603161274806799056121577696088      
   6.90515620328625468587217016138928569      
   6.97921845509876833977644807467125799      
   7.05407094997287288207189459020107521      
   7.12972193022427482211547685584279325      
   7.20617971815052736040677950773845840      
   7.28345271661740500513675448066061024      
   7.36154940964253020605948972790136354      
   7.44047836297593435348058201392186898      
   7.52024822467721009702163850324523712      
   7.60086772568894012275990378453640363      
   7.68234568040598588565648771523013817      
   7.76469098724025441181592937727747251      
   7.84791262918104893521983296448023315      
   7.93201967434919309769529302349741228      
   8.01702127654650641642590605037850066      
   8.10292667579839168772881553670880179      
   8.18974519889050366862692504254467618      
   8.27748625989786589402534703878204740      
   8.36615936070668437085412481660399683      
   8.45577409152810799327381543288358263      
   8.54634013140351699511384236486164972      
   8.63786724870053476572649676610531083      
   8.73036530159968047758333590457076722      
   8.82384423857048371249130255650329075      
   8.91831409883702332001349960339741457      
   9.01378501283186089264267890064457622      
   9.11026720263784989206973978307221378      
   9.20777098241732696505615743205321397      
   9.30630675882765702272184814270662846      
   9.40588503142266248497874693338180576      
   9.50651639303901978050938682201321715      
   9.60821153016734555932021741417814142      
   9.71098122330580040606211050075749273      
   9.81483634729751281137093466784160162      
   9.91978787164897678920668513557873497      
   10.0258468608296688077712468833721961      
   10.1330244745514735210372646230934531      
   10.2413319680272809216959494172245572      
   10.3507806922074942118538998027677841      
   10.4613820939934686771932188353154342      
   10.5731477164272515817316184184497405      
   10.6860891988555259507803832386139425      
   10.8002182770677062390370576620374030      
   10.9155467834066289969596751274696079      
   11.0320866468502286495450167209866196      
   11.1498498930634971342410997009194519      
   11.2688486444190742427606805865385833      
   11.3890951199853759656625648253542522      
   11.5106016354808773422548928828292045      
   11.6333806031925948260207249019876107      
   11.7574445318580523700085376160222480      
   11.8828060265091412244857756388931896      
   12.0094777882753000839032978996760856      
   12.1374726141460300774259043764333229      
   12.2668033966896187778314614585826573      
   12.3974831237273938928586281314705782      
   12.5295248779611818439624001641235616      
   12.6629418365524305685735903758894954      
   12.7977472706514132670811793054785600      
   12.9339545448737465649589766465628485      
   13.0715771167237454766162062078907692      
   13.2106285359612858214916111474841505      
   13.3511224439110824421967546534233117      
   13.4930725727121616501464173302849910      
   13.6364927445050472442421553065206873      
   13.7813968705552806244662746078577021      
   13.9277989503108222776005901634181983      
   14.0757130703912284305987421329409342      
   14.2251534035063629321281331952092021      
   14.3761342073028051362412337963963946      
   14.5286698231357156127807192227961684      
   14.6827746747633738695061647462465386      
   14.8384632669635781863585439439051060      
   14.9957501840682188879882663383930235      
   15.1546500884149520498755033720111439      
   15.3151777187133004386450887028476394      
   15.4773478883234642309179009359286361      
   15.6411754834449753472840569219519721      
   15.8066754612141371429086949399875954      
   15.9738628477073767295094420729249211      
   16.1427527358486691039421399174778614      
   16.3133602832191786695523307738321589      
   16.4857007097668316306185083216540636      
   16.6597892954140320124973327667904645      
   16.8356413775612407637371910099498990      
   17.0132723484846570225783933536822164      
   17.1926976526258320533452934029848603      
   17.3739327837711797794498262535790922      
   17.5569932821190484773830948255150082      
   17.7418947312325827988491257140863655      
   17.9286527548757577628929748414543267      
   18.1172830137299688729185837678644432      
   18.3078012019892385808932742340160682      
   18.5002230438307819828094642944731448      
   18.6945642897577099151272614153078443      
   18.8908407128115077545487668888522564      
   19.0890681046495683737972992434982895      
   19.2892622714848273595599694714942800      
   19.4914390298823750256929943912419153      
   19.6956142024087155733866031321017267      
   19.9018036131281100397442975821048053      
   20.1100230829400780975906923844018989      
   20.3202884247515629092055905599605676      
   20.5326154384764824486133599671444408      
   20.7470199058547226022394896024375057      
   20.9635175850817915815555459110902632      
   21.1821242052395883759732915225529378      
   21.4028554605178574646485327027435427      
   21.6257270042149886131011341800805727      
   21.8507544425059391444236893088350687      
   22.0779533279642828882740400067285752      
   22.3073391528240616449976980952281531      
   22.5389273419668476506821275454741893      
   22.7727332456181005905802629912190713      
   23.0087721317362400578023007528518190      
   23.2470591780772484921812594838731769      
   23.4876094639167949033451784097012233      
   23.7304379614116954560622867831490159      
   23.9755595265816956436890575590746834      
   24.2229888898927039482320861242566927      
   24.4727406464225683407385399233772167      
   24.7248292455903714688748750324744023      
   24.9792689804310442948460142403106488      
   25.2360739763973828021876316130994205      
   25.4952581796728183391972947030758268      
   25.7568353449791671493428372504941564      
   26.0208190228654836444525525699222026      
   26.2872225464656558332455958456110753      
   26.5560590177147339778972464020009814      
   26.8273412930164263907946460515611537      
   27.1010819683569423891272543784756672      
   27.3772933638637380436916843377559860      
   27.6559875078106690109247473703757275      
   27.9371761200754276368428838718313083      
   28.2208705950585634653716858820684168      
   28.5070819840778912774524329804431680      
   28.7958209772564448888997840619443996      
   29.0870978849264907241858605615307260      
   29.3809226185769896572827285615158149      
   29.6773046713761740296313531823974017      
   29.9762530983056857368899278054396111      
   30.2777764959470272796934790317383886      
   30.5818829819651441960913898511713613      
   30.8885801743379293937309746229345934      
   31.1978751703837929657092141950568228      
   31.5097745256423849686951092946119198      
   31.8242842326658486492907895380851475      
   32.1414096997796908521220168272620843      
   32.4611557298731690866111429133074582      
   32.7835264992792073573361830685685208      
   33.1085255368029265099725791279491390      
   33.4361557029561810595794581202276411      
   33.7664191694526282873657567422638669      
   34.0993173990141891032458807049113654      
   34.4348511255350584113836772340254456      
   34.7730203346437107603622053098218527      
   35.1138242446969803194268031789966433      
   35.4572612882328868766585385761702646      
