 0.29442460787805E-02
 0.80777086696414E-03
 0.80345824588386E-03
 0.79916962733411E-03
 0.79490482554722E-03
 0.79066365826236E-03
 0.78644594661247E-03
 0.78225151501500E-03
 0.77808019106634E-03
 0.77393180543983E-03
 0.76980619178711E-03
 0.76570318664302E-03
 0.76162262933356E-03
 0.75756436188709E-03
 0.75352822894863E-03
 0.74951407769696E-03
 0.74552175776480E-03
 0.74155112116154E-03
 0.73760202219882E-03
 0.73367431741861E-03
 0.72976786552386E-03
 0.72588252731152E-03
 0.72201816560797E-03
 0.71817464520669E-03
 0.71435183280811E-03
 0.71054959696162E-03
 0.70676780800970E-03
 0.70300633803357E-03
 0.69926506080170E-03
 0.69554385171923E-03
 0.69184258777961E-03
 0.68816114751796E-03
 0.68449941096598E-03
 0.68085725960860E-03
 0.67723457634206E-03
 0.67363124543355E-03
 0.67004715248234E-03
 0.66648218438223E-03
 0.66293622928538E-03
 0.65940917656746E-03
 0.65590091679403E-03
 0.65241134168817E-03
 0.64894034409920E-03
 0.64548781797267E-03
 0.64205365832126E-03
 0.63863776119690E-03
 0.63524002366377E-03
 0.63186034377237E-03
 0.62849862053447E-03
 0.62515475389904E-03
 0.62182864472896E-03
 0.61852019477864E-03
 0.61522930667246E-03
 0.61195588388396E-03
 0.60869983071583E-03
 0.60546105228056E-03
 0.60223945448186E-03
 0.59903494399677E-03
 0.59584742825831E-03
 0.59267681543892E-03
 0.58952301443437E-03
 0.58638593484835E-03
 0.58326548697754E-03
 0.58016158179732E-03
 0.57707413094789E-03
 0.57400304672101E-03
 0.57094824204714E-03
 0.56790963048305E-03
 0.56488712619998E-03
 0.56188064397209E-03
 0.55889009916541E-03
 0.55591540772721E-03
 0.55295648617571E-03
 0.55001325159016E-03
 0.54708562160132E-03
 0.54417351438227E-03
 0.54127684863950E-03
 0.53839554360443E-03
 0.53552951902511E-03
 0.53267869515834E-03
 0.52984299276197E-03
 0.52702233308753E-03
 0.52421663787313E-03
 0.52142582933657E-03
 0.51864983016877E-03
 0.51588856352732E-03
 0.51314195303039E-03
 0.51040992275075E-03
 0.50769239721004E-03
 0.50498930137329E-03
 0.50230056064353E-03
 0.49962610085666E-03
 0.49696584827649E-03
 0.49431972958996E-03
 0.49168767190247E-03
 0.48906960273343E-03
 0.48646545001195E-03
 0.48387514207266E-03
 0.48129860765167E-03
 0.47873577588270E-03
 0.47618657629329E-03
 0.47365093880121E-03
 0.47112879371088E-03
 0.46862007171002E-03
 0.46612470386635E-03
 0.46364262162439E-03
 0.46117375680243E-03
 0.45871804158948E-03
 0.45627540854247E-03
 0.45384579058338E-03
 0.45142912099662E-03
 0.44902533342632E-03
 0.44663436187388E-03
 0.44425614069545E-03
 0.44189060459957E-03
 0.43953768864488E-03
 0.43719732823785E-03
 0.43486945913059E-03
 0.43255401741881E-03
 0.43025093953969E-03
 0.42796016226996E-03
 0.42568162272391E-03
 0.42341525835156E-03
 0.42116100693682E-03
 0.41891880659572E-03
 0.41668859577469E-03
 0.41447031324886E-03
 0.41226389812049E-03
 0.41006928981733E-03
 0.40788642809108E-03
 0.40571525301592E-03
 0.40355570498704E-03
 0.40140772471917E-03
 0.39927125324527E-03
 0.39714623191511E-03
 0.39503260239396E-03
 0.39293030666136E-03
 0.39083928700978E-03
 0.38875948604349E-03
 0.38669084667728E-03
 0.38463331213536E-03
 0.38258682595018E-03
 0.38055133196135E-03
 0.37852677431455E-03
 0.37651309746045E-03
 0.37451024615372E-03
 0.37251816545196E-03
 0.37053680071480E-03
 0.36856609760283E-03
 0.36660600207676E-03
 0.36465646039644E-03
 0.36271741911996E-03
 0.36078882510281E-03
 0.35887062549700E-03
 0.35696276775020E-03
 0.35506519960496E-03
 0.35317786909789E-03
 0.35130072455886E-03
 0.34943371461026E-03
 0.34757678816624E-03
 0.34572989443200E-03
 0.34389298290303E-03
 0.34206600336445E-03
 0.34024890589035E-03
 0.33844164084305E-03
 0.33664415887255E-03
 0.33485641091580E-03
 0.33307834819616E-03
 0.33130992222277E-03
 0.32955108478995E-03
 0.32780178797665E-03
 0.32606198414590E-03
 0.32433162594425E-03
 0.32261066630126E-03
 0.32089905842899E-03
 0.31919675582149E-03
 0.31750371225435E-03
 0.31581988178422E-03
 0.31414521874836E-03
 0.31247967776421E-03
 0.31082321372898E-03
 0.30917578181924E-03
 0.30753733749053E-03
 0.30590783647702E-03
 0.30428723479111E-03
 0.30267548872314E-03
 0.30107255484101E-03
 0.29947838998994E-03
 0.29789295129215E-03
 0.29631619614656E-03
 0.29474808222860E-03
 0.29318856748992E-03
 0.29163761015817E-03
 0.29009516873683E-03
 0.28856120200500E-03
 0.28703566901721E-03
 0.28551852910330E-03
 0.28400974186827E-03
 0.28250926719216E-03
 0.28101706522992E-03
 0.27953309641136E-03
 0.27805732144106E-03
 0.27658970129828E-03
 0.27513019723696E-03
 0.27367877078564E-03
 0.27223538374748E-03
 0.27079999820022E-03
 0.26937257649616E-03
 0.26795308126221E-03
 0.26654147539984E-03
 0.26513772208515E-03
 0.26374178476884E-03
 0.26235362717623E-03
 0.26097321330728E-03
 0.25960050743659E-03
 0.25823547411336E-03
 0.25687807816143E-03
 0.25552828467918E-03
 0.25418605903952E-03
 0.25285136688978E-03
 0.25152417415162E-03
 0.25020444702090E-03
 0.24889215196750E-03
 0.24758725573510E-03
 0.24628972534096E-03
 0.24499952807562E-03
 0.24371663150253E-03
 0.24244100345770E-03
 0.24117261204922E-03
 0.23991142565679E-03
 0.23865741293113E-03
 0.23741054279338E-03
 0.23617078443444E-03
 0.23493810731421E-03
 0.23371248116081E-03
 0.23249387596978E-03
 0.23128226200312E-03
 0.23007760978840E-03
 0.22887989011779E-03
 0.22768907404704E-03
 0.22650513289447E-03
 0.22532803823991E-03
 0.22415776192370E-03
 0.22299427604566E-03
 0.22183755296409E-03
 0.22068756529485E-03
 0.21954428591048E-03
 0.21840768793941E-03
 0.21727774476529E-03
 0.21615443002640E-03
 0.21503771761531E-03
 0.21392758167860E-03
 0.21282399661684E-03
 0.21172693708479E-03
 0.21063637799185E-03
 0.20955229450273E-03
 0.20847466203849E-03
 0.20740345627782E-03
 0.20633865315866E-03
 0.20528022888025E-03
 0.20422815990541E-03
 0.20318242296328E-03
 0.20214299505243E-03
 0.20110985344430E-03
 0.20008297568707E-03
 0.19906233960988E-03
 0.19804792332741E-03
 0.19703970524476E-03
 0.19603766406274E-03
 0.19504177878332E-03
 0.19405202871543E-03
 0.19306839348089E-03
 0.19209085302050E-03
 0.19111938760028E-03
 0.19015397781765E-03
 0.18919460460760E-03
 0.18824124924880E-03
 0.18729389336940E-03
 0.18635251895264E-03
 0.18541710834205E-03
 0.18448764424621E-03
 0.18356410974290E-03
 0.18264648828266E-03
 0.18173476369163E-03
 0.18082892017347E-03
 0.17992894231049E-03
 0.17903481506369E-03
 0.17814652377179E-03
 0.17726405414913E-03
 0.17638739228235E-03
 0.17551652462592E-03
 0.17465143799631E-03
 0.17379211956500E-03
 0.17293855685013E-03
 0.17209073770692E-03
 0.17124865031689E-03
 0.17041228317584E-03
 0.16958162508073E-03
 0.16875666511558E-03
 0.16793739263630E-03
