  0.129229019364302378483998534090536049      
   9.86687588675421747082025295907181553E-0002
   7.61274655044779600927244388896733583E-0002
   6.04673105263052441595251567070696180E-0002
   4.95178311682881805470642081289502746E-0002
   4.16153825397556981868438215927810559E-0002
   3.57088576855777408937239156519457224E-0002
   3.11533235382528680520788366608000511E-0002
   2.75450613451115859972269807307793562E-0002
   2.46228541078856951014314422972242851E-0002
   2.22117973839752849722170353756115042E-0002
   2.01910014609153070459459928343986275E-0002
   1.84745085492225678990035690140300085E-0002
   1.69996534012955336138744304056032548E-0002
   1.57197377254127668880535799925072136E-0002
   1.45992826585092277395691750908351183E-0002
   1.36108687254007459920769709571677148E-0002
   1.27329810264644170330371488186999601E-0002
