   649.594541932317842315220830772889516      
   576.962922542728581868472689856615594      
   425.624234252484318136293384206533476      
   290.409427513939935936951758492392617      
   193.584300524498292908460354168994883      
   117.952270151596556562821010843709528      
   63.0248037705812230476487409639305412      
   34.2739255955305355441984752545360338      
   20.4550113355176827792625319494473596      
   10.4986721958074290182773130471357349      
   5.91435995741419680262619782368992812      
   4.73029082091106507736304550686048762      
   3.47175358146962216814147810832998101      
   2.01350236415616547005177514691844056      
   1.89699543743673286768011357453357589      
   1.49946539767262601756444033977877049      
  0.807684023993118050618987374205664876      
  0.566495738076195652765372036791758136      
  0.800367505315464023733049271935018707      
   0.00000000000000000000000000000000000      
   0.00000000000000000000000000000000000      
