 0.32767713009222E-02
 0.30539909159040E-01
 0.32811575370947E-01
 0.35249967190391E-01
 0.37868362534453E-01
 0.40680907544355E-01
 0.43702694255299E-01
 0.46949844397000E-01
 0.50439599209059E-01
 0.54190415250620E-01
 0.58222066308168E-01
 0.62555751639575E-01
 0.67214210922039E-01
 0.72221846387926E-01
 0.77604852732182E-01
 0.83391355458274E-01
 0.89611558399096E-01
 0.96297901208569E-01
 0.10348522767245E+00
 0.11121096573658E+00
 0.11951532020035E+00
 0.12844147907418E+00
 0.13803583465483E+00
 0.14834822043105E+00
 0.15943216499669E+00
 0.17134516421823E+00
 0.18414897297939E+00
 0.19790991790781E+00
 0.21269923257683E+00
 0.22859341677060E+00
 0.24567462150183E+00
 0.26403106157994E+00
 0.28375745764247E+00
 0.30495550968494E+00
 0.32773440425397E+00
 0.35221135760577E+00
 0.37851219727706E+00
 0.40677198466866E+00
 0.43713568140324E+00
 0.46975886238876E+00
 0.50480847869742E+00
 0.54246367355800E+00
 0.58291665495569E+00
 0.62637362853995E+00
 0.67305579475620E+00
 0.72320041434249E+00
 0.77706194656689E+00
 0.83491326482589E+00
 0.89704695447824E+00
 0.96377669805231E+00
 0.10354387532383E+01
 0.11123935293589E+01
 0.11950272683034E+01
 0.12837538362103E+01
 0.13790166324912E+01
 0.14812906231053E+01
 0.15910845053156E+01
 0.17089430114897E+01
 0.18354493598411E+01
 0.19712278603500E+01
 0.21169466844492E+01
 0.22733208074113E+01
 0.24411151327306E+01
 0.26211478081569E+01
 0.28142937434065E+01
 0.30214883399592E+01
 0.32437314437400E+01
 0.34820915319019E+01
 0.37377101453642E+01
 0.40118065792429E+01
 0.43056828438454E+01
 0.46207289095089E+01
 0.49584282492775E+01
 0.53203636942569E+01
 0.57082236175158E+01
 0.61238084636599E+01
 0.65690376427668E+01
 0.70459568093049E+01
 0.75567455490699E+01
 0.81037255001627E+01
 0.86893689377185E+01
 0.93163078566202E+01
 0.99873435919136E+01
 0.10705457023224E+02
 0.11473819417272E+02
 0.12295803971671E+02
 0.13174998133619E+02
 0.14115216778831E+02
 0.15120516349043E+02
 0.16195210060520E+02
 0.17343884311282E+02
 0.18571416431335E+02
 0.19882993938968E+02
 0.21284135488938E+02
 0.22780713728372E+02
 0.24378980318916E+02
 0.26085593446172E+02
 0.27907648227960E+02
 0.29852710557873E+02
 0.31928855080231E+02
