   595466.632759798762595248525452081879      
   501761.765460817912993713169216620024      
   321356.723500452290817191776635454098      
   174464.055432908765971428518570199601      
   97667.8129738738731143813495542788118      
   58390.9447998598235071616255386674545      
   31012.0840373972546208933382663108742      
   13957.7031659865890431717026245360441      
   6752.85679785556480437745317023376581      
   3424.72271699152560794642186127098337      
   1301.57513777070511685538404769778353      
   563.129184167308552467157367441171281      
   441.188358573414864635000140299230863      
   220.319328077708544357371678548021699      
   105.876095907888753248723345979599981      
   136.550863932350151382559711257218133      
   74.1080587290468539555761894280190203      
   18.8085192352929680616292134651288221      
   39.8924775706258994076816375109109842      
   49.5161560976351080248596587054968646      
   0.00000000000000000000000000000000000      
