   1042400.92812179512304798392712706929      
   840265.170766442312962638577824780269      
   595156.780334631187041280010625442768      
   529895.724177561845496341820006983370      
   445412.125839632829877084914636503725      
   348458.548113336432021465997608780288      
   273264.748252066595197864332210210978      
   201690.735837833911523384894501168470      
   146136.556047614919409172553017590249      
   101600.370960221078662416321766705707      
   68164.4081582859515105759434263080082      
   44661.2025256923449702918341598977929      
   28211.4259354902021169543389410953811      
   17735.4926651766426075593578531614359      
   10961.5424996398156607910051667888280      
   6871.10875510129378124163934913167872      
   4345.88033192708981819504950592146417      
   2745.98382447374154492211764000325383      
   1708.69764547885361587872223467635993      
   968.460814625011476104361892094447660      
   465.807586037110682244295286805280029      
   122.927258452181210917427433994938436      
  -71.0629306716780171982912528768667927      
  -149.160306811720114873509219129598216      
  -143.204839416345260043519467339887562      
  -84.8374441673984288053681843040882587      
  -10.2677685280150519480264005444724700      
   58.5835928017583212385417933281371352      
   104.350390086484661608190292448014882      
   123.380639143875661605774473418840132      
   118.311641456368820384860916197743679      
   97.2412731208941708310131528676821930      
   69.7935641410247926066484068841196276      
   43.9679121381630953792771496291252262      
   25.2759768092084695930018136326515225      
   15.6218820098338972969680214233738658      
   14.2417128569635949674701889801645121      
   18.5068188715821387589093484026939966      
   25.1297760657584726911589564248190340      
   31.2009453079806956565053879648304238      
   34.7105531944595612290996856376168222      
   34.8628683898801251808101526646330910      
   31.8384955915171731756185031959733461      
   26.5918147682684510573820326306918510      
   20.2600579818600983077952463922112147      
   14.0379673022664896978192485727061956      
   8.70871775101352961469674154749104223      
   4.67759855205408572844338086153929873      
   2.13159776545222383723349462427988552      
  0.617860834049872500936681584573684163      
   0.00000000000000000000000000000000000      
