   1042241.75276468581651511305984892542      
   840338.910931265154011320092468888652      
   595166.181629619411341279876883428748      
   529851.452986779539304393305699951158      
   445460.746322916557297051773488927611      
   348429.092731368227083101351289897424      
   273283.865114392726627494116167856133      
   201685.775411762798701848121894066208      
   146136.496905095982766096159575744124      
   101602.973592746597838749653833386760      
   68159.9281729242437485399794608901970      
   44662.8871518413799157232717829454540      
   28208.7425135864542780027015167039442      
   17735.6031743368478075826907843883878      
   10961.2368584623228407759228363705698      
   6870.89277548038028762828778162185714      
   4346.66629309537551398779452888508917      
   2746.01299854444889262314445870930518      
   1709.45624394429252499370280324418195      
   968.599446618750228852762462794514267      
   466.113347741263115144124950093735315      
   122.957643513791684833685352759982040      
  -71.1148818149216902118596723520991193      
  -149.245772136891902909012460525609185      
  -143.352744486115693979372961282701215      
  -84.9223204222994249021399109254748665      
  -10.3364202271719496401127407742321399      
   58.5754071516332044591263540636788342      
   104.383199613659856369153492059469226      
   123.432929463337031993712667089922479      
   118.381346753287680096138504174042008      
   97.2972994526705200678897836946524920      
   69.8398436844032828917793471698153543      
   43.9933496672253153906652101371744147      
   25.2849770868712541921871396390577411      
   15.6216030210041596340932693412520136      
   14.2335371999155532029204994256179098      
   18.5029117822479851764895872654793584      
   25.1267809108613736396009213683849933      
   31.2072537270465899438119973612903256      
   34.7192177081150373603253888666103538      
   34.8778356870095518931765760469028064      
   31.8521266948921918303611868665836462      
   26.6067573205274045645383227816617758      
   20.2704175434421597386894738485844369      
   14.0469620930197110836422746144185170      
   8.71330440330750095463521210674800477      
   4.68051927108315742851984946274265332      
   2.13270886636216084258500190001704973      
  0.617820148459830985363694668576169047      
   0.00000000000000000000000000000000000      
