   1042241.87589452299079992528778729135      
   840338.854107682808783820942949044606      
   595166.173844741856329525413952499225      
   529851.487850243078974804981330453622      
   445460.708151720612837081790228138706      
   348429.115924130008842836726780882747      
   273283.850060642046883203548478498050      
   201685.779402686459045612885600996591      
   146136.496867079558150234312502365737      
   101602.971636826083188665936541394408      
   68159.9315931983068310285486835502406      
   44662.8859034760842239550276211915377      
   28208.7445289848789533331812207372792      
   17735.6031559593991393134315321147616      
   10961.2370247195539186212838773933652      
   6870.89300798869940100659857734485657      
   4346.66562229271917785876759654269376      
   2746.01302911084440423193462655921875      
   1709.45560945075045052868978343679769      
   968.599379165038529247140941830210599      
   466.113077087381152340569532211536704      
   122.957649908714079530063091186185250      
  -71.1148669358967871570361023211859680      
  -149.245682735849841797061010671898444      
  -143.352650170427658639173380453482301      
  -84.9222362907293745094000233334079928      
  -10.3363836082733538655408929920489327      
   58.5754280293333530723685667260924267      
   104.383160947957954075594463310252230      
   123.432900266154112789796071831124063      
   118.381282582712823424710546711769158      
   97.2972646693109297441668169137329560      
   69.8398003136249268708743835987693110      
   43.9933363690019116196553928355656385      
   25.2849646978264595333595184127038746      
   15.6216078511036263702362166383427657      
   14.2335397048338029834865922987415881      
   18.5029179953900696636292235069258252      
   25.1267805978649156421770406859715650      
   31.2072509261252044679172617212087088      
   34.7192092769648936469820230038474637      
   34.8778253638729668680397959813126877      
   31.8521151120080256937254399768569742      
   26.6067464401492026772393924302618965      
   20.2704089962197999046726445442438578      
   14.0469554364965509655556623450275970      
   8.71330064892741548420133734218269478      
   4.68051709395327443091118290491372034      
   2.13270796744758362813598949550401719      
  0.617820169780789200312026926378154538      
   0.00000000000000000000000000000000000      
