   1042244.40822174479090898470078959726      
   840337.685388535251618381893556862398      
   595166.013901514151147380076139163079      
   529852.204667833810105774196179534277      
   445459.923286803900011495249716049996      
   348429.592790473581031436593994019614      
   273283.540536055121696688361916237619      
   201685.861444452356779202509051542246      
   146136.496098798415676456358277791195      
   101602.931407134514937059330493713088      
   68160.0019358836713627756139149946043      
   44662.8602268378310148565839978701249      
   28208.7859834085709478768980118254729      
   17735.6027717144350157661850252947115      
   10961.2404521221612599784135517799356      
   6870.89778431328338835990607124484863      
   4346.65183168547313980193186037839108      
   2746.01365655680367754544891294511734      
   1709.44256032551512931382162873020222      
   968.597995261493416761232017640608810      
   466.107506278702188107943225700643672      
   122.957788026046879494722283888497983      
  -71.1145681247716336592012442686430331      
  -149.243835549687502018762413576824082      
  -143.350719002687118162994884771547798      
  -84.9204963149533813864124228630211640      
  -10.3356397360449741503032098278103555      
   58.5758678223626326820332807058775597      
   104.382356078581554790405468686443287      
   123.432310572786606167721507914326847      
   118.379952945259666092035678730563985      
   97.2965601338991776889747790140462518      
   69.8388984728009605543437373308059991      
   43.9930734560522034521689616184030806      
   25.2847003568314347717392304105691752      
   15.6217172724884873081221638377532006      
   14.2335822849759226732500449242863660      
   18.5030551435992738511316964899373545      
   25.1267660679699098864115719539638246      
   31.2072017724508845097122956780982360      
   34.7190288146642682144990940167649558      
   34.8776204104604196474847695269914827      
   31.8518710074892311442616524714922855      
   26.6065287747313337310754972317141484      
   20.2702286328507535230630868228164570      
   14.0468232579616699777718662467536729      
   8.71322028496310642501624610398872276      
   4.68047554973118464056787204346135867      
   2.13268786261847487113556941988514834      
  0.617822260171668139780963029108539664      
   0.00000000000000000000000000000000000      
