   1042246.59857585490938042345473002452      
   840336.674355153997665455114844333563      
   595165.875879740570297837442886130736      
   529852.824295773318788617702248731572      
   445459.244770725693196467733643981690      
   348430.004988829474556524083501992427      
   273283.273001086814053064170069207691      
   201685.932281060137233125590471763695      
   146136.495519976887282165012508325510      
   101602.896539847240860379640033256368      
   68160.0628411297419129603495766132190      
   44662.8379504642737040929438896014794      
   28208.8219080267260357914942260562710      
   17735.6023673610587981555251698081134      
   10961.2434885998646131669334310086271      
   6870.90184684346764723504364819662853      
   4346.63996923814224134355740250939034      
   2746.01413964642046376652115446086780      
   1709.43132859943901171775148555888874      
   968.596748314969497094561318534634428      
   466.102733090254413047216497555977931      
   122.957865306744024870497058364296548      
  -71.1142716297415485472383324395578145      
  -149.242274062132643718459387894431668      
  -143.349015808515363259997187069547857      
  -84.9190226144408290848445470507538906      
  -10.3349677452903369388327744154385324      
   58.5762213418906470625839137166783532      
   104.381684535627243532568019540122590      
   123.431777621218376840799919323116222      
   118.378823723865713678959706101893727      
   97.2959314052257610468520164029266572      
   69.8381357773735973459468757301156459      
   43.9928298729829791603288489449396049      
   25.2844859643150452844000400391708826      
   15.6217985711315222688781051326923441      
   14.2336306675134693987398022117867000      
   18.5031629598987132940349676384354806      
   25.1267627026616907789523591777421999      
   31.2071506988422147134544862425540156      
   34.7188798507221392228251195931523106      
   34.8774365555351254274662398169820551      
   31.8516651526521286692429518126434844      
   26.6063356482283969181189603668227866      
   20.2700762845025371606976223085838975      
   14.0467055704802190309250322690988643      
   8.71315301728447765212472796878411753      
   4.68043755222125384455238583791870789      
   2.13267150396239618557735707383204393      
  0.617823118827662495719092877992770433      
   0.00000000000000000000000000000000000      
