   607784.971721206198156296573432221944      
   503062.092000845667152334408702724566      
   315416.241486481461298246924290908767      
   174458.899851122320193843189264872061      
   100036.337815674377104518395454507419      
   57901.6650152966994498642221041083248      
   30126.6666233627005794055609340220688      
   14408.9700577917711559162264885561032      
   6901.42950441717296472911671514060073      
   3133.68912767649236807307464777098956      
   1325.57900118581080400497569162137857      
   633.152049649919551613927135640911314      
   341.334065483475128753797504833732991      
   194.645859524180986012085840757445496      
   129.023117177780009297043628894643173      
   79.7250421361119847929559260666685013      
   42.2421324268380069921290815597707354      
   22.5653423730327495475677202597927129      
   8.78034729469787374336358326733443936      
  0.429384529612326068787599254545427392      
   0.00000000000000000000000000000000000      
