   647.153698961216130214522939204828337      
   571.973916808647430117041012136718412      
   423.570546960840278146818757559172911      
   291.603924376219464518599301655910583      
   190.958680492677184555027838539343496      
   113.761546037242794110566598625675188      
   62.2883137920178524442184560857694712      
   33.4237683749422592321517694682829982      
   17.4604069455545644035901958991504842      
   8.88535235923675535755935448111641619      
   4.92565043484859493129789730806652607      
   2.99389013174426289531501807391028980      
   1.83024041433787712340758686715540363      
   1.17344178249906220862809804813038049      
  0.705619892642609204226646453890162898      
  0.370631275615097706335382135008156296      
  0.174119611735195972273606946779039659      
   7.02427783575829899469086661386755233E-0002
   3.62591380561519791420639370505027545E-0003
   0.00000000000000000000000000000000000      
   0.00000000000000000000000000000000000      
