 0.11174265202507E-03
 0.11174591996998E-03
 0.11175137665312E-03
 0.11175902832124E-03
 0.11176888103029E-03
 0.11178094024144E-03
 0.11179521047236E-03
 0.11181169501076E-03
 0.11183039569713E-03
 0.11185131277975E-03
 0.11187444484276E-03
 0.11189978880914E-03
 0.11192734002583E-03
 0.11195709244282E-03
 0.11198903889862E-03
 0.11202317151937E-03
 0.11205948223128E-03
 0.11209796337927E-03
 0.11213860844242E-03
 0.11218141283639E-03
 0.11222637479369E-03
 0.11227349630908E-03
 0.11232278412877E-03
 0.11237425074979E-03
 0.11242791538204E-03
 0.11248380481590E-03
 0.11254195413387E-03
 0.11260240720980E-03
 0.11266521695083E-03
 0.11273044525494E-03
 0.11279816267788E-03
 0.11286844782348E-03
 0.11294138648960E-03
 0.11301707061598E-03
 0.11309559708903E-03
 0.11317706646275E-03
 0.11326158165434E-03
 0.11334924666876E-03
 0.11344016539960E-03
 0.11353444054527E-03
 0.11363217267007E-03
 0.11373345943057E-03
 0.11383839497902E-03
 0.11394706954791E-03
 0.11405956921327E-03
 0.11417597582892E-03
 0.11429636712024E-03
 0.11442081692283E-03
 0.11454939555005E-03
 0.11468217027246E-03
 0.11481920589207E-03
 0.11496056539502E-03
 0.11510631066714E-03
 0.11525650325834E-03
 0.11541120518317E-03
 0.11557047974689E-03
 0.11573439238770E-03
 0.11590301152807E-03
 0.11607640942948E-03
 0.11625466304662E-03
 0.11643785487875E-03
 0.11662607381739E-03
 0.11681941599065E-03
 0.11701798560614E-03
 0.11722189579521E-03
 0.11743126946255E-03
 0.11764624014617E-03
 0.11786695289357E-03
 0.11809356516114E-03
 0.11832624774441E-03
 0.11856518574788E-03
 0.11881057960417E-03
 0.11906264615300E-03
 0.11932161979189E-03
 0.11958775371166E-03
 0.11986132123094E-03
 0.12014261724604E-03
 0.12043195981377E-03
 0.12072969188744E-03
 0.12103618322862E-03
 0.12135183252015E-03
 0.12167706970946E-03
 0.12201235861557E-03
 0.12235819983775E-03
 0.12271513400994E-03
 0.12308374545206E-03
 0.12346466627742E-03
 0.12385858102600E-03
 0.12426623190514E-03
 0.12468842473397E-03
 0.12512603570609E-03
 0.12558001910635E-03
 0.12605141614480E-03
 0.12654136510350E-03
 0.12705111303297E-03
 0.12758202928566E-03
 0.12813562123776E-03
 0.12871355263065E-03
 0.12931766506532E-03
 0.12995000331314E-03
 0.13061284527374E-03
 0.13130873762793E-03
 0.13204053851830E-03
 0.13281146896465E-03
 0.13362517522275E-03
 0.13448580496810E-03
 0.13539810110555E-03
 0.13636751827137E-03
 0.13740036886421E-03
 0.13850400794882E-03
 0.13968706998627E-03
 0.14095977563044E-03
 0.14233433471756E-03
 0.14382548359327E-03
 0.14545121366032E-03
 0.14723377802440E-03
 0.14920111255655E-03
 0.15138889196543E-03
 0.15384359076359E-03
 0.15662719555890E-03
 0.15982475499384E-03
 0.16355707573052E-03
 0.16800338912915E-03
 0.17344501637671E-03
 0.18035833765655E-03
 0.18964215602950E-03
 0.20330236843291E-03
 0.22741777177596E-03
 0.30706589037334E-03
 0.48803550678421E+01
 0.10077623092126E+02
 0.14854218994200E+02
 0.19431944846679E+02
 0.23893780694549E+02
