   24299782964.4796310063487469999306128      
   3352317576.71561099659918570009241764      
   1164590417.65755513311595888837077851      
   374205668.745437746814817352853275335      
   340150124.900463399756486635789619829      
   258291884.203263686864237617004352137      
   183410765.793739953650752310380888586      
   136241624.796478849432112863289625448      
   93823374.5331250007955997257007294855      
   64982650.6094789727936818903795143443      
   42705498.2591977948412642421759215237      
   27238682.0762319180430643207751232741      
   16830168.4373627212074701894413322301      
   9949643.71714531997271018584669454360      
   5820506.53929483565992769951626197517      
   3306945.85672222281267651029644952501      
   1933483.69916377546389366524959702422      
   1163470.73896363278156936712472273968      
   740573.459407597025210900213774748778      
   490888.272210509667705249863212223509      
   317150.500421104960132197636475713580      
   191932.103923381894409620994524703639      
   92830.1262359578745281546248549208136      
   23564.4517602448333477843729840071718      
  -20092.2169738284035586385297928063847      
  -39927.3798068478054166562309100746344      
  -41399.1179521623246591992252262831446      
  -31890.0650205746838855215153966179759      
  -17375.9835666660518495195560640149302      
  -3631.30248040697985399028701876104307      
   6538.27384233841717755881351936593244      
   11742.9378198323392715372575563923097      
   12501.2309758033680719647967186563414      
   10127.7037713242591047571884711469449      
   6264.83945323968475280230725718574318      
   2367.69312722115002367511697734560940      
  -597.527787044963731165847800182011402      
  -2210.71640140816241874389803786548701      
  -2506.91146980065516913277129392265193      
  -1847.49845777956528594725728133571433      
  -687.946523092290147178969972734596030      
   522.884293062245786242495390656173314      
   1477.85464650890151157308571888139586      
   2019.68905364750285024533337203339167      
   2142.05505022429358354231868126802635      
   1926.29425810447911379555739634924695      
   1528.08115164694939695033329385048305      
   1050.15406320437922443676218807051391      
   635.261861393262638178504726169335310      
   326.409231826973800010420406153844319      
   92.7390513424702702231914258066332857      
