   24300679907.6198858365231394332928307      
   3351768295.47719200304850532969074147      
   1164782908.34477913996091999936393727      
   374163326.413636867751792825816879979      
   340137608.118906325867761353353529843      
   258311556.279436954883765217698508692      
   183397142.136284771870135475517725687      
   136250736.896677436442720555771844793      
   93820202.5375668555959717734189348795      
   64984271.9171044766824934095499505924      
   42705801.4569940604521624885210988633      
   27238130.4121274060392826437176846287      
   16830612.2619354575948746238198743290      
   9949036.48251807291984216146528734583      
   5820589.10880669377395337515612797110      
   3306708.30235962468516420297486742902      
   1933433.70478530806747311280778937075      
   1163478.22931367630739956444191759966      
   740552.824100520299543815347161079838      
   490966.209048366809122396216143710754      
   317168.909209961377516071173756445115      
   191985.642751978150163559753227056087      
   92849.4326681292968327082540813543229      
   23575.1518452287938661323511742113516      
  -20089.6392171966807413122821315170151      
  -39940.5032852204439900193389239943873      
  -41406.1683464769620392687802079095005      
  -31904.6522386616380918113328679705265      
  -17380.8051497319326437269660801633017      
  -3637.37142789305997460837595762905820      
   6539.69929145797079426958545960283072      
   11743.7947985396935530562826244010194      
   12505.8283189213737480690724315728709      
   10130.0486861226613663254529522420997      
   6268.48739696385599180198570956758754      
   2368.21727295032886289451316180083005      
  -596.273993091041132506645938385860473      
  -2211.99434669816571021062200808913569      
  -2507.08856496478984943291994291944512      
  -1849.06659726362239707165800195317785      
  -688.152327923101758373672113077795780      
   522.085795475270201340339899906108679      
   1478.18547693631851568572563002960990      
   2019.68497683101492223446159179405082      
   2142.68519977328935546648755643157289      
   1926.57925973836756489477789919626593      
   1528.59299470925634322950170865915244      
   1050.35460715817839230741968843836946      
   635.463258564416156754480889448241265      
   326.513638469650990744341554000395693      
   92.6768599178611101451138905279341044      
