   24309969765.4306271082077452070209267      
   3346060294.31985157757886181769558082      
   1166787542.52772275571901876627605455      
   373728797.845606626437999279112980224      
   339998142.444165570137736072178292931      
   258525258.546611516359536821234899959      
   183248884.262724575789823365007187599      
   136349288.811888355739110069702032455      
   93785361.5895794417951475030371526578      
   65001519.9791422235544795655185729361      
   42709087.2621824164686805041623037669      
   27231938.6405812878067531857008809257      
   16835627.7141304205826667051340456174      
   9942426.35567277503354558758302601696      
   5821652.62100613592747861727068112223      
   3304157.64964598686690438112373333525      
   1932986.64152840541939014628893716208      
   1163525.81353444172336785128511932074      
   740397.546658259826799561602261323888      
   491706.355579112584052825248205814476      
   317448.738715434129563568669371327325      
   192433.399137470388509336667729094596      
   93156.8685258261026816116045361455726      
   23571.3406896531861061122319742828622      
  -19960.1184681982036755480275180705854      
  -40174.2259468433809570597728302354682      
  -41394.8973889726431148322549146201006      
  -32128.3373413077147875394743200614111      
  -17368.9940922209289930942112966637844      
  -3749.31400452434902038209333063274164      
   6594.98972194840767783245701661363650      
   11722.6260581623926911101930380578405      
   12576.0479204324346020509212692431981      
   10139.3219793711097125485487860826283      
   6314.75767797007412434202847471886159      
   2370.38291883043912961604060813534009      
  -585.130787389148156311630267281371525      
  -2219.86374496990581326404054819553397      
  -2517.56379595944392137934364199224059      
  -1854.50317368025162275071347427505605      
  -702.575401958405529481755612592479877      
   527.001246583269007966278095810418808      
   1468.36219568933691415174830124937999      
   2032.60481875723473374449863373247452      
   2137.18350049526422826213736048677908      
   1940.31885212927707957964350831289986      
   1524.69024764387119727854272660584790      
   1059.78590639415295060111171209663642      
   632.156224284183827185298313725239172      
   330.874001442517832226920717316092391      
   90.8588398409861719820221730714932246      
