   24298627189.5995197874760000833301651      
   3353024894.60756654186023562862105565      
   1164342653.92252118660603933024146278      
   374260322.686364331114584410387460903      
   340166018.478569024375303181349575391      
   258266775.072951373043067716899776008      
   183428147.652080865580054964660962914      
   136229985.559935100963700299570030283      
   93827411.4490817205580037295042860741      
   64980575.4446094036505115850313382412      
   42705107.6784616631821330628219212855      
   27239384.8741873821259622263787225237      
   16829603.1307304547510202555166978059      
   9950421.85463708950443638472080841584      
   5820401.84180084968059024304259998430      
   3307253.02300073952602167496196321968      
   1933546.69257649572720474515178907691      
   1163463.41453239907012187838516662397      
   740598.535130021821312711748472575191      
   490789.021239301306112897952179923092      
   317126.312355835013949795501396662622      
   191862.960259366731601540617756781774      
   92805.6455162662956907055358639780543      
   23549.8489108225174752757399714412116      
  -20094.7583463961338180483014806312498      
  -39911.3863263803936404315877349824901      
  -41389.1934691662282381964273782863015      
  -31872.0676727398563595789052423210738      
  -17369.0074081945741854452184505141273      
  -3624.14915549727512065707292737996102      
   6537.08828198408849150438406381952261      
   11741.2656054109266842965206308189201      
   12495.8452234004864349683365394737688      
   10124.1994194884676819565134412629601      
   6260.57125722903612507533800205936089      
   2366.62544986435459846735333308527051      
  -598.808631068343568216595944417129452      
  -2209.36578526572137285577097908996502      
  -2506.43831006111480055696842773550011      
  -1845.68166448372955772848124243392707      
  -687.517795129483156211212133714016414      
   523.789369585990230037980442929332888      
   1477.52055221726845843570978750217468      
   2019.63540728929896723560601063314780      
   2141.27602322610300379677719917819763      
   1925.91909182950015613446761740726160      
   1527.40812411918109657734893122343570      
   1049.92715802222885296509884776301650      
   634.954062076903900133344706564040057      
   326.336091016079551097875648945888389      
   92.7457401655995793796859358386749913      
