   24332803249.6474776429889398496928717      
   3331875833.26618954355529231559910955      
   1171805261.88480407392931430062649337      
   372694058.594997501573809335253648874      
   339573993.261311287432319091840991249      
   259131744.043061923673588890888663806      
   182828227.177956132031393251231968482      
   136621266.015208180467388707505948933      
   93689337.9043953903108520820418380701      
   65041031.0840745624425164743491606540      
   42724990.4843944533250139354799072406      
   27206644.8117645511721902658759608345      
   16856816.5978218010155747930383554226      
   9918987.34225516642415801045568714482      
   5829709.06664052996814426513249788470      
   3294199.16430940423641304967464546562      
   1934733.11796288485302295075101600885      
   1161736.48276345640303201816621363566      
   741617.934743642366534060372030482055      
   492322.652915129499044073986951780105      
   319092.580989458374527242527913407025      
   192800.860451326871661767328874829270      
   94330.3980681535087760846467972722515      
   23343.3021269600459751887731204222458      
  -19717.0592649408089213687716803329142      
  -40498.7264231604952261470544132910858      
  -41796.1600018919975924481683422795485      
  -32140.8002031324610136126166023674397      
  -17924.5957600525390950811430219343386      
  -3418.08791702718062203610249748185358      
   6170.10494001667782482334006064509107      
   12179.8413454366668472859346108855293      
   12327.8487336907810128752984994132703      
   10491.8976893166020810705812269285415      
   6193.03283304616146546212281196311023      
   2516.63084649076665066220438482919690      
  -619.754495737222423283247465164874846      
  -2249.68987507804318368537559270514185      
  -2480.03123762028644810002864631941465      
  -1970.49938160117584802399158051342304      
  -612.301034949010777954093115020362645      
   406.061000579228996640000923679111769      
   1573.35217583532840634005298109336399      
   1951.41259235332491868266599430166606      
   2214.06405815323969055100072364746258      
   1911.68774763631588541687098841915137      
   1547.93568105768281724576489961676068      
   1078.26218202343522304119261619754132      
   603.831381600169964640839868563201297      
   380.314827290033163635843234778668767      
   36.2924018733885499926846794395404490      
