   596854.723219090830450094556015809904      
   505301.177096947030365210096150052063      
   318181.443907852740320593013149439236      
   173321.442121095134609720247997468524      
   99576.8264097926751450631304754816049      
   58250.8924085886609562604250722282804      
   30184.1419877900999064574343116436760      
   14356.5055440930242215969982338914949      
   6853.28643607365963144151930313769128      
   3193.27362976357791089772345219221509      
   1351.22462645521881751600039753623217      
   590.039640301717380446711949663195225      
   372.928596324840762240408271204276328      
   210.382693823639410574619782682187707      
   113.513821635356943657106367340724362      
   100.123723778058634748624781981426176      
   49.0201050670700663093826303913530014      
   20.2532613293947062452774051174136219      
   22.9906218435220186661368346890492889      
   7.83943342013169915926197947787539698      
   0.00000000000000000000000000000000000      
