   19935493298.2892179874342227671089871      
   504073150.115032668151373844168257743      
   312412124.182838889904542504811453440      
   150343285.457078366302886881104055354      
   65347933.4161880921319063291867501930      
   31306537.7372982099896332907651034861      
   15873407.0090068295102941292138306636      
   7340502.72700088581396469401482658426      
   3158849.93049583369511583051857009443      
   1396212.73423656719497068451614100727      
   589353.638243690595140676774114425072      
   239973.611378991962037040580943694726      
   116331.473036423473121501711515063430      
   62987.6650788638577094321576140685080      
   36109.8468613627896657318242860828850      
   24257.0987650671106029825021275852934      
   14229.0943739911459706447039838781359      
   7335.35735963376458559755802180296625      
   4124.42647619189937762149584149230492      
   1621.73466226057888291896032558989559      
   157.756799631882883063351935791315994      
