   57.4959999999999999999999999999999970      
   57.4960199999999999999999999999999985      
   57.4960399999999999999999999999999999      
   57.4960599999999999999999999999999952      
   57.4960799999999999999999999999999967      
   57.4960999999999999999999999999999981      
   57.4961199999999999999999999999999996      
   57.4961399999999999999999999999999949      
   57.4961599999999999999999999999999964      
   57.4961799999999999999999999999999978      
   57.4961999999999999999999999999999993      
   57.4962199999999999999999999999999946      
   57.4962399999999999999999999999999961      
   57.4962599999999999999999999999999975      
   57.4962799999999999999999999999999990      
   57.4962999999999999999999999999999943      
   57.4963199999999999999999999999999958      
   57.4963399999999999999999999999999972      
   57.4963599999999999999999999999999987      
   57.4963799999999999999999999999999940      
   57.4963999999999999999999999999999954      
   57.4964199999999999999999999999999969      
   57.4964399999999999999999999999999984      
   57.4964599999999999999999999999999998      
   57.4964799999999999999999999999999951      
   57.4964999999999999999999999999999966      
   57.4965199999999999999999999999999981      
   57.4965399999999999999999999999999995      
   57.4965599999999999999999999999999948      
   57.4965799999999999999999999999999963      
   57.4965999999999999999999999999999978      
   57.4966199999999999999999999999999992      
   57.4966399999999999999999999999999945      
   57.4966599999999999999999999999999960      
