   19267459055.6366937138510930362438529      
   628876255.660036652562494214311464014      
   373208273.953003317951793569511966412      
   163698001.707519732209504206399568642      
   64883940.2101559536781360836464885581      
   31214549.3409349772926434117829458039      
   16430647.4412200683723959394605370763      
   7522831.49064138722104442435158079822      
   3125869.58392984915515446105222151063      
   1381201.35391731083700665470163656717      
   588407.661382696716521921589738446017      
   192042.781984156762492812331305321663      
   78600.5358728425634290113290738720458      
   42496.4369434003098688995647291432781      
   15064.2316907475103487935638414532707      
   14259.9339633706366502007858630096046      
   8227.42236807270673020479975549780517      
   3141.99463966166407650574536045392154      
   4333.59240267729666324273638720236316      
   416.967767587246389240923808534349112      
  -1175.23263798213561902280003198259633      
