   647.268670712511416499498493567495545      
   574.441793313386967212596162550276411      
   424.340094253805220087504498259081737      
   287.264058146090430311379876487229568      
   191.073314790955953640758155917462132      
   116.669125733806133672611205454777796      
   60.9753427558489413362098485856975469      
   31.3097523088067807914117262455761170      
   19.1317158118902559980260219409767284      
   8.85407930586151834577840485808439515      
   3.94235217944718672070680597432396242      
   2.68600390210527795491523823456768275      
   2.77754718190889707926555361886760941      
  0.234968307648416582969767848918475741      
  0.705918867973223424784322383283205537      
  0.347041060550752877853740710439969013      
  0.607503129978356431029818009743263584      
 -0.804059464730851346238715700883479624      
  0.590165601245722882386423970869181857      
   0.00000000000000000000000000000000000      
   0.00000000000000000000000000000000000      
