   1.14916363597974713649482131075172626E-0002
   1.95076696890436887212738185054138646E-0002
   2.09548389643358072671358515428422374E-0002
   2.25088643430377747819542698295564725E-0002
   2.41776910152567363621909354845349939E-0002
   2.59698567268720684812396114099127194E-0002
   2.78945209121869383937517751995485330E-0002
   2.99615014582509005856164006286400525E-0002
   3.21813176763458069149282515124185091E-0002
   3.45652385533184606523031193779166861E-0002
   3.71253357176570062015630220745644598E-0002
   3.98745408207131041494836123352632872E-0002
   4.28267072279854911646993017318233900E-0002
   4.59966760586563150285283883477034599E-0002
   4.94003467169101049256471194824194645E-0002
   5.30547521372978536229529069947584081E-0002
   5.69781390265736061167243035768162981E-0002
   6.11900534324200212077121618141975168E-0002
   6.57114320100900097167655882320938205E-0002
   7.05646993948421418653748898507191278E-0002
   7.57738721238577718743208617720107254E-0002
   8.13646695881619884450566835741236640E-0002
   8.73646325345378884476912590159487295E-0002
   9.38032496808462992042473800506875762E-0002
  0.100712093056687330349002058605502002      
  0.108124962736059139914438596802842331      
  0.116078041690673028862431323053532041      
  0.124610061563035772634252983999596876      
  0.133762480238598697002443881073628825      
  0.143579672187609874574432075598921339      
  0.154109132651413033650516898939023844      
  0.165401696866669509848679402260376510      
  0.177511775656537627709551487104431818      
  0.190497608871389765249019505754586221      
  0.204421538339420922467727718554541014      
  0.219350302185589759216904004457607959      
  0.235355352607788645268600563371630434      
  0.252513199456777718422832327441350507      
  0.270905782262566131977268300939176428      
  0.290620873681768590170122443228736876      
  0.311752517720103229336815043628339143      
  0.334401506508343542357947235832399851      
  0.358675899889106905475264860501511850      
  0.384691592609258851769197373180920337      
  0.412572934511441767808881009780772581      
  0.442453409785275480987115125205661839      
  0.474476382075199544812368101577822883      
  0.508795913054542638702283714261571138      
  0.545577662961000695874010713530151431      
  0.584999882551731504948943306797680026      
  0.627254506969529559984679422751702313      
  0.672548363115392987080531205968427829      
  0.721104503278563091282244715972080054      
  0.773163678976946466518176590281221145      
  0.828985970179404163309373420392719446      
  0.888852586293658943112736050219063044      
  0.953067856467643337896184887119747826      
   1.02196142782028574525638323354242713      
   1.09589069113346507872343830335262718      
   1.17524345422073573443507004614269655      
   1.26044088356137352893227349697816367      
   1.35194073474319020535886680809295755      
   1.45024089168618774301812723244322619      
   1.55588323339147859249089721588302021      
   1.66945784494624123898621992113381948      
   1.79160758657479815075724327193013073      
   1.92303303052858533236184464048959133      
   2.06449777043169183379971767650597219      
   2.21683410125218291148066906945528617      
   2.38094906030141723396528288099038999      
   2.55783081058141466117829722401448381      
   2.74855533749222497958658940945891590      
   2.95429341856310020569185917020984311      
   3.17631781378930911152789945050535190      
   3.41601061178224108418614772567022573      
   3.67487065486670287152320143832254925      
   3.95452095523531464589311758299023973      
   4.25671600520394588922143949906399947      
   4.58334887856627988340611818297727811      
   4.93645801821930818806523884745498841      
   5.31823360894253752383231886171972176      
   5.73102344485451307495778626731076178      
   6.17733822002763212565709432287224394      
   6.65985619920655794837453917931419694      
   7.18142726411506503654788521848696317      
   7.74507637841121525874006520932586166      
   8.35400656620671448576544658786067611      
   9.01160154240909929751996879930360915      
   9.72142813914266945704045768970051699      
   10.4872385840950221096373316208792883      
   11.3129724082016733090471994035004102      
   12.2027571752338458005138529579740619      
   13.1609063029465938917100772829092034      
   14.1919112834288128029016299546692203      
   15.3004254878329861479120544722576182      
   16.4912386470486603717416064284380571      
   17.7692453066047488282917845526287833      
   19.1394151647828976227925810756191920      
   20.6067749925920577370453058263256222      
   22.1764091468315930457573312448755167      
