   626.655920696731207725511030057296502      
   563.126479721856923127983075381421133      
   426.633048237523486081383997702528924      
   297.964614083124430513128532441805586      
   195.462475906122319028510512304136871      
   119.367604049969157337616135951764516      
   68.7939127903992831961328215167350528      
   39.2651382157515051670468381715629481      
   22.3675207511243142605200062093378055      
   13.0794166409689979100617674777263068      
   8.10767566895246447826430979817468075      
   5.18015271626050475565593936411640567      
   3.28097184508771373186154106555294770      
   2.04201208249579756613723924571086316      
   1.17656218361382420572003243788539944      
  0.604905287406809781348231720403196337      
  0.279666666958628370315076454054180320      
  0.102805125017454101940639693869502659      
   1.92819013172212786863828122949720275E-0002
   0.00000000000000000000000000000000000      
   0.00000000000000000000000000000000000      
