   157.994654570849454923484043895965978      
   130.927387327229068628087346819658330      
   102.862437512024862731504583233225762      
   83.3820628437017740529122837162338537      
   49.9978304786365873210764035071554084      
   31.8615689327937276101361662291193940      
   18.2867357726424420077836676312594375      
   7.49523854069761439941343290611816470      
   4.67307335370415826507189574443823210      
   1.11221546528149393604448401156615615      
  0.817162743913047404145911483329776000      
  0.649278325003181055857985145533193101      
  0.281025495490849205519811616506953194      
  0.613996963339658654008825689775898941      
  0.233531324940198714477185949678824706      
  0.293924332312219923536099603866978074      
  0.121343940754982705336191562775234462      
   6.01765931425171107329254207869851913E-0002
   2.74240662348110395087478250742441471E-0002
   0.00000000000000000000000000000000000      
   0.00000000000000000000000000000000000      
