   523791.251110413489463739352252228184      
   451275.933504041684772013916762511274      
   300177.178517319983283401875183237411      
   173343.150873975110184623099033757524      
   99736.6032204534323114430378894010304      
   57178.3418295288981433131097144399545      
   30183.5471014294269959076701239804224      
   14834.4032390457144695629550472985039      
   7349.43634558628731423556171671004407      
   3602.36916243351940908557158114322475      
   1767.30716450323246516913354598965282      
   980.632123504996755568030262535978280      
   594.407224392196318652125669684360699      
   360.657066334828391187100479002270830      
   230.649864157919854525943953134037141      
   135.355446860105737960509727753199047      
   69.2239387551937617749775106468500434      
   34.3841431859405830636400834453542396      
   13.5299678389458335840004643517574390      
   1.38120116732682410199255828088934726      
   0.00000000000000000000000000000000000      
