   627.461401276174768220569710041526391      
   557.000950432331233782846347984523572      
   421.935101815516843003815932708660694      
   298.547518974115274223156089109008860      
   194.799971541967714857390870278840734      
   118.199334030354470451298851097580413      
   68.8930263893147085255436882595375325      
   38.8106361451537673029547014775624281      
   21.7420150312449452501789226000237820      
   12.5571246633446669032694060999592020      
   7.58168161748912798831191116704126674      
   4.74880149486664025180355831303627497      
   3.01356593778552825595718664463418360      
   1.85528877415221227412685201557275342      
   1.07507320910262096913152599998752182      
  0.565549798545729599610181317828027421      
  0.259626956746707153475527185615683755      
   9.50452634350563585621314024418219567E-0002
   2.25615894930245072282486208119004965E-0002
   0.00000000000000000000000000000000000      
   0.00000000000000000000000000000000000      
