   627.356989213478511967908184887689222      
   563.324817272914729380516571343983697      
   426.743466379034491110347542391154913      
   297.404640768219173464113556608492068      
   195.619616844390275019006858809512679      
   119.476267660835330683230861185292988      
   68.7103989474988495335460214515366162      
   39.2234918035208079866366539806813625      
   22.4036953832251399716129780046445131      
   13.0599792315834315369826999789382104      
   8.07947381559611006004130843124136302      
   5.17966228928967781573829210599328470      
   3.26543658637435453299976655954697440      
   2.03450127835736636765731435762995642      
   1.16862687389639134319290589161657127      
  0.598802216165268921365601837150011340      
  0.274006453015454276195284495846086393      
  0.101529929395525733411003647499068855      
   1.37866207119450581236522551137990501E-0002
   0.00000000000000000000000000000000000      
   0.00000000000000000000000000000000000      
