  0.341612385166082655687133096502552324      
   4.98422226697886498910385818574145024      
   5.03796562428530044087149603481357774      
   5.09227340865271479040851525063359110      
   5.14715206656882595345489265989581830      
   5.20260810679983678025501892479770624      
   5.25864810113951854867287924279072696      
   5.31527868516665570270475815316683417      
   5.37250655901075883278314096941656402      
   5.43033848812596649301332709187552940      
   5.48878130407306906047359833366449137      
   5.54784190530959952847099519076124234      
   5.60752725798794695336904571909779327      
   5.66784439676145830230665510323326158      
   5.72880042559850373143839410559388874      
   5.79040251860448891475195905184337893      
   5.85265792085180598855588591827732939      
   5.91557394921772202380252998419422290      
   5.97915799323021072760659101829544708      
   6.04341751592173934790945392821766012      
   6.10836005469102854824096411199744737      
   6.17399322217280835340396023170426647      
   6.24032470711559821467389786928820179      
   6.30736227526754377520663642591379754      
   6.37511377027034708982388387085958014      
   6.44358711456133092202159059152092561      
   6.51279031028368127002806104825499437      
   6.58273144020491552628920353216203766      
   6.65341866864362665593467433133730580      
   6.72486024240455651020947083229316484      
   6.79706449172205388742247416984104801      
   6.87003983121197523221034116273405978      
   6.94379476083208793805815143671873987      
   7.01833786685103810152658323278534621      
   7.09367782282594628129877964315901483      
   7.16982339058869635220046745775025281      
   7.24678342124098392394138702098084334      
   7.32456685615819202554616619381189872      
   7.40318272800216284801436939018919294      
   7.48264016174293529708391876426812880      
   7.56294837568951894219890756087203130      
   7.64411668252977566315009644891985006      
   7.72615449037948089804738217972714314      
   7.80907130384063689043362050278078689      
   7.89287672506911072395809436811152555      
   7.97758045485167022422364049466407057      
   8.06319229369249100273433076400187434      
   8.14972214290920802045078859723185337      
   8.23718000573858506102801438670918749      
   8.32557598845187542868745446597620580      
   8.41492030147994702481751916510060173      
   8.50522326054824471241260288830495321      
   8.59649528782166254962918885707744101      
   8.68874691305939806402754847895545321      
   8.78198877477986024815332432570886068      
   8.87623162143570238539154173474217005      
   8.97148631259905016261430882277865711      
   9.06776382015699479295494689393030736      
   9.16507522951741999133242247186899648      
   9.26343174082524455794143681162949810      
   9.36284467018906632314980166900415962      
   9.46332545091847598611299743731665031      
   9.56488563477183570588531269841609312      
   9.66753689321478863143625130145661000      
   9.77129101868948051608502893940963155      
   9.87615992589456781220759180316376369      
   9.98215565307607160106588910383842044      
   10.0892903633291351154238324230170775      
   10.1975763459107409190017896417353133      
   10.3070260175634420142354988202483717      
   10.4176519238501592554942641160445947      
   10.5294667405000954459391651954818528      
   10.6424832747658143895114421185239722      
   10.7567144667915309518200105105824733      
   10.8721733909926558515542767157198396      
   10.9888732574466364537924335484601642      
   11.1068274132951322644804451260931547      
   11.2260493441575611274170503932624988      
   11.3465526755560492971317327573506039      
   11.4683511743518228645052186255696695      
   11.5914587501930255316255332137636225      
   11.7158894569740881756514887332922199      
   11.8416574943065401960008220629903233      
   11.9687772090013737054622751658144570      
   12.0972630965629376231585268462146848      
   12.2271298026943767971373353981199998      
   12.3583921248146214666393439071794449      
   12.4910650135869281582434198679610512      
   12.6251635744589687121384344761555321      
   12.7607030692144595484746098113081226      
   12.8976989175363185024309471370742758      
   13.0361666985814405301065788551738010      
   13.1761221525664310150456266930378213      
   13.3175811823658244101228595944758727      
   13.4605598551207378024298858473052568      
   13.6050744038593760998830763599698756      
   13.7511412291288082316792597755056037      
   13.8987769006380069612060949678992199      
   14.0479981589121280309921185717759560      
   14.1988219169579518321466723723976039      
   14.3512652619404154426756927964037836      
   14.5053454568701462845800429551791181      
   14.6610799423019261960872778647950097      
   14.8184863380439760813502083896679416      
   14.9775824448779720160989809829665362      
   15.1383862462889630642266649147862305      
   15.3009159102092409692840531904204863      
   15.4651897907656332813559080211694033      
   15.6312264300439645723225053278977531      
   15.7990445598600884503157974307648244      
   15.9686631035415220381469928699388187      
   16.1401011777188087420717082737038322      
   16.3133780941264237681719752729073579      
   16.4885133614130244601331826385126722      
   16.6655266869609428969278650256960522      
   16.8444379787142485254801380260531240      
   17.0252673470165559176396268261590011      
   17.2080351064539778941686274196075811      
   17.3927617777138458030896848290351696      
   17.5794680894391423084554543336705449      
   17.7681749801051407146495267703283800      
   17.9589035998905440232296454197332372      
   18.1516753125617851969431819385202916      
   18.3465116973660718915707661466395102      
   18.5434345509246802559666220794914728      
   18.7424658891356161599317440199061457      
   18.9436279490831313294375810373466045      
   19.1469431909493269444996985831559959      
   19.3524342999317836582265612823153780      
   19.5601241881670443894304762845812147      
   19.7700359966530126414747671828788065      
   19.9821930971809757659285302482726145      
   20.1966190942656547851491597102504472      
   20.4133378270792890017693120618466860      
   20.6323733713871323877976750240423082      
   20.8537500414838029658811897359073641      
   21.0774923921299544726937495024241809      
   21.3036252204900109630815684293665414      
   21.5321735680664968540466090331409970      
   21.7631627226342680245170941225401422      
   21.9966182201734833055398225191000216      
   22.2325658467973766798855182124873904      
   22.4710316406772179657923115444969964      
   22.7120418939623796446498529277274241      
   22.9556231546947984199027757314414992      
   23.2018022287169104409669464530619275      
   23.4506061815721732419866737723743351      
   23.7020623403971697699621927568466508      
   23.9561982958045357192062050026843341      
   24.2130419037548318516141756603281374      
   24.4726212874170905100538822131172535      
   24.7349648390182072891817331361360976      
   25.0001012216748859663082807932178522      
   25.2680593712140873651898024986743883      
   25.5388684979751936029138708939753532      
   25.8125580885950045003235779468815210      
   26.0891579077737039813680597630069414      
   26.3686980000194075645249346537776777      
   26.6512086913726827030564746740841463      
   26.9367205911055769386778085667869746      
   27.2252645933964918913844482535736229      
   27.5168718789781194967101427352565223      
   27.8115739167569193770657105628978972      
   28.1094024654021481724147764669190372      
   28.4103895749031266946536126116369843      
   28.7145675880919769739745796105459967      
   29.0219691421316949109303652444363039      
   29.3326271699635856876961466973058669      
   29.6465749017173768113553959939952843      
   29.9638458660766560597565768230641156      
   30.2844738916017285831798721065719197      
   30.6084931080036083692125688750061208      
   30.9359379473694552383544350309593480      
   31.2668431453358300758291422848362722      
   31.6012437422071170962367551291408884      
   31.9391750840167604731956839392212625      
   32.2806728235281334848037867255462870      
   32.6257729211723765060259558094152575      
   32.9745116459199118936745069592283331      
   33.3269255760827607316523546672258231      
   33.6830516000443573103463944476396340      
   34.0429269169130995465460010122102675      
   34.4065890370978464996607809951496692      
   34.7740757827973205848231178315686418      
   35.1454252884071557484302649266306774      
   35.5206760008327520664914364219800270      
   35.8998666797095266304013546777268934      
   36.2830363975239663661487553219026557      
   36.6702245396318999395335918863842746      
   37.0614708041695002991018992730975339      
   37.4568152018532659384591869627836014      
   37.8562980556621040756560849191218689      
   38.2599600003993388674304737954133271      
   38.6678419821289174445387779606353347      
   39.0799852574791916427531759815963550      
   39.4964313928118516708804158988245898      
   39.9172222632464650661867098003990997      
   40.3424000515413775846202472113795246      
   40.7720072468179154480966119160107643      
   41.2060866431282394821623189092801480      
   41.6446813378570830598840094220814295      
   42.0878347299537474415777843178834163      
   42.5355905179861131694753762290141262      
   42.9879926980117989425045751321058284      
   43.4450855612593201187652598864999691      
   43.9069136916130792150218934837844470      
   44.3735219628954188537573097171748377      
   44.8449555359384876732913858717671698      
   45.3212598554401252643906972283232973      
   45.8024806465959360462396636170446734      
   46.2886639115017980036347243360087757      
   46.7798559253176728099034841114016494      
   47.2761032321885486120422620172964764      
   47.7774526409130496880829586075793252      
   48.2839512203546338407943090596383228      
   48.7956462945867695000898488342686534      
   49.3125854377659704301915071769792713      
   49.8348164687265148414031732300761109      
   50.3623874452874400952409880314128443      
   50.8953466582685193569747290339386214      
   51.4337426252054329276145418158402947      
   51.9776240837591363660052319138049153      
   52.5270399848127590839429776250812177      
   53.0820394852477991963459172975324269      
   53.6426719403963674412775013549200178      
   54.2089868961591789724596081951781542      
   54.7810340807863170799431166937934340      
   55.3588633963117038561961562759270412      
   55.9425249096369240097490924328994722      
   56.5320688432551361640839164420248908      
   57.1275455656116045908305182682965255      
   57.7290055810910386561238459490630520      
   58.3364995196256388280062539877767975      
   58.9500781259159351405109793684934773      
   59.5697922482568352364050973276630336      
   60.1956928269579852576817110922834696      
   60.8278308823516944768451448363828452      
   61.4662575023755422374287748310172184      
   62.1110238297193837864169217822347878      
   62.7621810485235504276365915163832901      
   63.4197803706144421015315224425015654      
   64.0838730212619540642411098519024048      
   64.7545102244407641308142738311155460      
   65.4317431875771551714249003669176511      
   66.1156230857601677528991637518946489      
   66.8062010453922081009743398937050997      
   67.5035281272557207505586350993114355      
   68.2076553089647869418454238636445223      
   68.9186334667730801777414832452627427      
   69.6365133567023123814745893067475288      
   70.3613455949561987361139124634200942      
   71.0931806375790025284644244988144552      
   71.8320687593169406160530689543412854      
   72.5780600316365635271684766793961518      
   73.3312042998522825882545587711744608      
   74.0915511593115032075691709680959555      
   74.8591499305844905058843638178736069      
   75.6340496336029822243921202172070150      
   76.4162989606900257785678878238926106      
   77.2059462484213899810504672320708579      
   78.0030394482592948671539939305642536      
   78.8076260958966184225804813663974515      
   79.6197532792512523568590844055015415      
   80.4394676050509762262179402057059277      
   81.2668151639496536181081749700531667      
   82.1018414941190791767774257826094833      
   82.9445915432635457514162722290325976      
   83.7951096290078231207405914447432892      
   84.6534393976156770238378510381819936      
   85.5196237810004410389682707291617861      
   86.3937049519982728982376000358177135      
   87.2757242778812109701540181679488480      
   88.1657222720978108866491550924422944      
   89.0637385442382700769864907347887309      
   89.9698117482331866566811468714640858      
   90.8839795288065280789590318246803498      
   91.8062784662166769817257632771800503      
   92.7367440193326679530874512787625039      
   93.6754104671074856735657773870933405      
   94.6223108485237892986331490129847687      
   95.5774769011031544698025873654754215      
   96.5409389980837096649809645038074654      
   97.5127260843856364856705821749004285      
   98.4928656114979095360382439166700284      
   99.4813834714322001259917116848036362      
   100.478303929901910523431718053332312      
   101.483649558894674068889681719715957      
   102.497441168815120076062664881598475      
   103.519697740381726527186406555705785      
   104.550436356465566133284079193790186      
   105.589672134060886033401662904677454      
   106.637418156576601444171418260874931      
   107.693685406633729266338586732392169      
   108.758482699547222254754669469424469      
   109.831816617660495680478104173949466      
   110.913691445687786863954823414872643      
   112.004109107203455507693998151704927      
   113.103069102398011246801917616845340      
   114.210568447198855375158425183526784      
   115.326601613829622154561807222157746      
