  0.444777247565934334389597174909698051      
  0.453498612789036088312968327575542205      
  0.462395171232384791120054590534557582      
  0.471469846037307183800063891430590902      
  0.480725680195721136620770772613547642      
  0.490165832647147564422155285603491457      
  0.499793574695177750321733308184970783      
  0.509612286769076464295296442809721850      
  0.519625455549479606823184838035721347      
  0.529836671459238299461121211456979920      
  0.540249626522619762732866791998400692      
  0.550868112580063051060956184413350695      
  0.561696019851009793708977129843330708      
  0.572737335823438856454222875856488690      
  0.583996144457516815026138582561334836      
  0.595476625676521104688955703127105860      
  0.607183055129416824431712447966223347      
  0.619119804205772630795212776379963995      
  0.631291340275242146857898034221998779      
  0.643702227142960564743351868098106086      
  0.656357125692542105166416195778799467      
  0.669260794708382043279126915534424031      
  0.682418091854886831994197262339211617      
  0.695833974803786440221720033059206243      
  0.709513502491629061915429379938737531      
  0.723461836501466393013014021934372181      
  0.737684242554756703386619437815419084      
  0.752186092104191900352720848567648981      
  0.766972864023330376197127252993655525      
  0.782050146382482907816015072297620657      
  0.797423638306371082638166763005712355      
  0.813099151909026462315301081564738682      
  0.829082614300676515310150124731936824      
  0.845380069663377759151171631858700950      
  0.861997681392471381247079803696413232      
  0.878941734302366862515455636461093533      
  0.896218636890312894809340131388463364      
  0.913834923664682505508421261794043675      
  0.931797257526943767044960262463713260      
  0.950112432214773436578135456883627932      
  0.968787374798717906422771765101212135      
  0.987829148238375663001334033673235004      
   1.00724495399202096157880222979198110      
   1.02704213468393652402979888977485961      
   1.04722817682734678302998615926019879      
   1.06781071360446765591617660831613353      
   1.08879752770210979627094335090583415      
   1.11019655420629699035097662194106379      
   1.13201588355383972041319156164299937      
   1.15426376454177587278212044854317235      
   1.17694860739841260044103975632831395      
   1.20007898691191363940340994680765922      
   1.22366364562144642848721971439205989      
   1.24771149706990155378092114075666726      
   1.27223162911870054237057668364654907      
   1.29723330732717227701255390057762243      
   1.32272597839646131732932675873930880      
   1.34871927367887875125517218250290342      
   1.37522301275496819649669887912655489      
   1.40224720707799679007837519619485950      
   1.42980206368750225183888355873497659      
   1.45789798899378291517767070415358220      
   1.48654559263343114024298234465833849      
   1.51575569139772469549290982482131478      
   1.54553931323497075904300568094334170      
   1.57590770132814181631973137864942250      
   1.60687231824885952424836226063204495      
   1.63844485018906408036284177090476716      
   1.67063721127214145297110700707629307      
   1.70346154794405029871692352419166633      
   1.73693024344628087320873273882558431      
   1.77105592237213591527234645460272652      
   1.80585145530693294844861649111864320      
   1.84132996355485641442022443662478069      
   1.87750482395211009373043485888313685      
   1.91438967376951605229302508925440373      
   1.95199841570474476179849340662372788      
   1.99034522296627769314718529893472208      
   2.02944454445001099078388863472558645      
   2.06931111001065121505491123116375278      
   2.10995993582877565219010037749801685      
   2.15140632987525151217915636988045162      
   2.19366589747454349055522058028317228      
   2.23675454696811872178604882096732532      
   2.28068849547995562891390605823846820      
   2.32548427478519611786801624649081781      
   2.37115873728336135025196820259795544      
   2.41772906207832140928677748680059859      
   2.46521276116537395524931193324094110      
   2.51362768572830999435563146583619097      
   2.56299203254640222078822534195425272      
   2.61332435051438047794217493156254509      
   2.66464354727537100370557052725597124      
   2.71696889596935297382429125325754585      
   2.77032004209815240763566496599082944      
   2.82471701050812026963504692895817751      
   2.88018021249232160451937902890094535      
   2.93673045301364824092860703969241401      
   2.99438893804948816012917227288987869      
   3.05317728206033933112363686695209849      
   3.11311751558258692239649572352284422      
   3.17423209294753977271346680708324073      
   3.23654390012719298191267641178735846      
   3.30007626270856488084685131082971702      
   3.36485295399702033676660474039578146      
   3.43089820325004158229925936326058236      
   3.49823670404242319742826134131825720      
   3.56689362276331913375397563373927412      
   3.63689460724660635844354853628650978      
   3.70826579553467551766066331023735294      
   3.78103382477679817225991983254708365      
   3.85522584026202699805418972970774268      
   3.93086950458770484507226603700496389      
   4.00799300696327922523337808591906290      
   4.08662507264986004657330602836099829      
   4.16679497253566594340707296597338954      
   4.24853253284678155715047641189281588      
   4.33186814499344777318808479113431307      
   4.41683277555100011397338976172651578      
   4.50345797637507964639119360471191564      
   4.59177589484981069623002131084112200      
   4.68181928426846861873424533035923106      
   4.77362151434473710200555909689715855      
   4.86721658185309852025935908509803492      
   4.96263912139674983254029054318112584      
   5.05992441630039234823052200415279817      
   5.15910840962588945724457198031876251      
   5.26022771530754139998561077824576679      
   5.36331962940401921684326774371563399      
   5.46842214146332989128409156616204751      
   5.57557394599670499079740471282196024      
   5.68481445405697499806455806478541341      
   5.79618380491661522986046983401789635      
   5.90972287783982927839474473099415299      
   6.02547330394271658839923206220626445      
   6.14347747813504646480725044345529098      
   6.26377857113628837833721194634453842      
   6.38642054155803696294447923530227788      
   6.51144814804438472614262688040210488      
   6.63890696146064409691221050395297936      
   6.76884337712057267750929298172593316      
   6.90130462704079118537725213630997917      
   7.03633879221071034186006891724383540      
   7.17399481486496261870398420987104717      
   7.31432251074435336308120354376166246      
   7.45737258133049392041292149403854166      
   7.60319662603769182801285491035442765      
   7.75184715434486744179013884156768466      
   7.90337759784862108912674184552002332      
   8.05784232221735959996373230213305745      
   8.21529663902493265844757162544408131      
   8.37579681744046457155958071527666421      
   8.53940009574968319236909411587882413      
   8.70616469268119302227699098150481512      
   8.87614981850909131764164721367667784      
   9.04941568590184932597506480028790777      
   9.22602352048486173580128739741481947      
   9.40603557108215783456065415677737870      
   9.58951511960051694344654583136915660      
   9.77652649051674760127223471045253065      
   9.96713505992642400614295552562381328      
   10.1614072641099170481903336375611413      
   10.3594106075683747801148177923887816      
   10.5612136704813163728877215594763371      
   10.7668861155289384154625596273202869      
   10.9764986940300948239071976363354541      
   11.1901232513302446362872990502665132      
   11.4078327313812269222838930543908240      
   11.6297011804459085794133953517498040      
   11.8558037498591025803133334607650103      
   12.0862166977722700661078292007029184      
   12.3210173898062398792069692228774134      
   12.5602842985326346766754901408498477      
   12.8040970017011963683057631923859413      
   13.0525361791269992799811352822143782      
   13.3056836081481434033881449310182902      
   13.5636221575615375473497935853825224      
   13.8264357799416239271419172395665766      
   14.0942095022444491849963518371369928      
   14.3670294145974006769861334181587316      
   14.6449826571737118220799420139104899      
   14.9281574050499241456302001530659399      
   15.2166428509449297969601107993298901      
   15.5105291857402953442877575923108362      
   15.8099075766842991093856020504076175      
   16.1148701431863474146156470556024740      
   16.4255099301144374409532410470304623      
   16.7419208785167309782002694783827731      
   17.0641977936994026955047358743569468      
   17.3924363106069269926344544886126696      
   17.7267328564689340333845513816294205      
   18.0671846106996068434526510238719615      
   18.4138894620627833192104645996796961      
   18.7669459631482308073390825114340067      
   19.1264532822437638817486059629484634      
   19.4925111527342355284852484344429011      
   19.8652198202130881980668390576025273      
   20.2446799875562544255497958734597806      
   20.6309927582829818515984065900868719      
   21.0242595786144798623649975407636868      
   21.4245821787408067294912412226450441      
   21.8320625139210177144181886821333947      
   22.2468027061710483021556545376137723      
   22.6689049874420511814135953065009325      
   23.0984716453590057163928184664605655      
   23.5356049727770541320789839876314263      
   23.9804072226241095317600406356911012      
   24.4329805697336410377751208286857437      
   24.8934270816336739287784593773685905      
   25.3618487005481776267640663937257747      
   25.8383472391887002915584671647052298      
   26.3230243932671011490988002349355189      
   26.8159817740482891552139440344780570      
   27.3173209646865846396220175402583403      
   27.8271436045502895431794509667841868      
   28.3455515062407874475354906682607996      
   28.8726468105520944382694489595853565      
   29.4085321851961947662081423885327673      
   29.9533110737361809037122438861204919      
   30.5070880018199655454404081896593516      
   31.0699689484869091327542186276660110      
   31.6420617910196957055508619094832750      
   32.2234768325229480799225490703124553      
   32.8143274221121372335959867145846136      
   33.4147306782715276863818307496716320      
   34.0248083265618307117983039894245047      
   34.6446876633953039011245021720583146      
   35.2745026580100929320663094504029486      
   35.9143952050221851756533522050863148      
   36.5645165399620198478181500594553395      
   37.2250288299579558029785773547198906      
   37.8961069511511613316190472770449876      
   38.5779404634554072147013456869711608      
   39.2707357918514713991100532173602982      
   39.9747186214756756402438672249344232      
   40.6901365112821194306904776721019208      
   41.4172617280003251059412750801320575      
   42.1563942984686439880056343414710112      
   42.9078652742206223937068023065594623      
   43.6720401974932863500814548628072446      
   44.4493227527087896295249516526073574      
   45.2401585820934873927594943677206595      
   46.0450392386252978375662296707435058      
   46.8645062441682034669039686757325249      
   47.6991552157257986804990190904330161      
   48.5496400185144379200973043881906912      
   49.4166769013230178677295809562781238      
   50.3010485676842599888478938203402320      
   51.2036081359957933425331780496236601      
   52.1252829431059352907389393841020863      
   53.0670781491487377208397411611957152      
   54.0300801066061846126000915847742063      
   55.0154594636096475478121742482399416      
   56.0244739801672231166252209108195394      
   57.0584710460052946492101575987722394      
   58.1188898996340505546921290569714022      
   59.2072635596149881022782996091665994      
   60.3252204903236231309061351539969629      
   61.4744860352809848853851292130228899      
   62.6568836609549344765960007896937484      
   63.8743360624956843342403570690038643      
   65.1288661899996136604714808378898020      
   66.4225982595879501440160044547813913      
   67.7577588180157026889469942349661011      
   69.1366779330452963100598403850953822      
   70.5617905849553913656461142096593312      
   72.0356383380097365773533190821431881      
   73.5608713753554284139625378924271260      
   75.1402509877300795456779964471244605      
   76.7766526168427861517633779544524095      
   78.4730690435743194678367841724316835      
   80.2326169715949271917204556092699543      
   82.0585395138123808370541551882641735      
   83.9542148731619835519076699289205136      
   85.9231640458972987017765935598799940      
   87.9690608478037587992088171891878444      
   90.0957442463359388391349434220557858      
   92.3072335980797297280514374212542964      
   94.6077475518969488851313398496394186      
   97.0017275636127325074893489220208670      
   99.4938671672334946531441603558606675      
   102.089148337830130135351271517823725      
   104.792886422983566467698895117966275      
   107.610785151656454840416309700068601      
   110.549003064635462868901881412698623      
   113.614232238534766513844512567576309      
   116.813789272845212518941755770106818      
   120.155717069341793008428307937422115      
   123.648893911929445901480547983237963      
   127.303143840405915675294166089231979      
   131.129339593677530952262265472072955      
   135.139487011612009895978412832521182      
   139.346778474903796462104549999976531      
   143.765603525187717210312454251211946      
   148.411507798719961294809673014168871      
   153.301096785985816669088926802023451      
   158.451887803480406940099444962527833      
   163.882120232522328542500345267982054      
   169.610538509869992548501444565587771      
   175.656162989596811565929433505519137      
