   19318369159.8369725008192605337784168      
   605407096.048864204479051703708655446      
   370750667.808868133427212979711772980      
   168647701.963674137087856155851085663      
   64932483.9175260145066031290691411706      
   29671310.5454507860471667412807823592      
   16844579.9631204385327456485375114876      
   7883737.43120670920359805714481727727      
   2871158.35068873419348163690572574368      
   1352912.50778674984663431564296408997      
   685070.097350153675732332535294312555      
   165421.470529932857640672187507027786      
   50597.4774653533855388958363609191259      
   68932.7067587255203792400010667498823      
   14586.1231106490449901423950154675379      
  -1722.28887165684522608128125976571269      
   20274.3310780079185395773040973792419      
   6484.00916899461870835682588907047789      
  -8788.15093166688988691533000859815121      
   7082.75208401537765460428735461462210      
   9522.26077297735265634154138024932789      
