   591112.811521458602005889347884385799      
   503683.011022355314817404518024907228      
   322042.991942992886299678056436678301      
   174126.860379094892070704179086639262      
   97179.3911106725597379247165036233232      
   58691.3314302687634331278302579860462      
   31243.1475447200491241889918755443740      
   13772.4494924842346926626864088012377      
   6715.96627005904952957445637303418803      
   3563.88486024684839362535278314301403      
   1304.31762407679616751718817905370039      
   519.127684143409303355821762796748899      
   495.591448560737968646197530068317217      
   249.273595432354453319205419414137634      
   97.3143849712397122607043480631604071      
   158.514697374313176155900782739281114      
   108.797191428055672925622109368181971      
   14.3406442653548366390587383626611870      
   59.8081391501607500830773908784427653      
   84.6443618171738915580735660855913193      
   0.00000000000000000000000000000000000      
