   1.38531574107530387707885007700421656E-0002
   2.74792266293531103109432423405925462E-0002
   2.95253986796325336348670023687787269E-0002
   3.17222643288139138516795999139629245E-0002
   3.40817615062634075834827814579958052E-0002
   3.66166258629092316125592039385939973E-0002
   3.93404595409332380608785902628583896E-0002
   4.22678060357102012542066138737813206E-0002
   4.54142308891945824003574436036843307E-0002
   4.87964081113248543801473233800628089E-0002
   5.24322123830935320056104910970854833E-0002
   5.63408172431080732660863187260702808E-0002
   6.05427995922138823743469496918272295E-0002
   6.50602509649032247874258132977747718E-0002
   6.99168961118274532269945487672797860E-0002
   7.51382195170550200951986994193541823E-0002
   8.07516005403043874173671389272730891E-0002
   8.67864579321557521727812818877448958E-0002
   9.32744045228991163607586851635239533E-0002
  0.100249412936400075927778864084756199      
  0.107747993231704961773425301035138683      
  0.115809383428997167330221195276812100      
  0.124475753934383442097596826253582855      
  0.133792426940830630703401715539629429      
  0.143808111951128362673436481344600013      
  0.154575158643527548111196822481432959      
  0.166149828382124800407905924802100074      
  0.178592585762467332106622638782425799      
  0.191968411678559493348382945497027195      
  0.206347139500840814745971439379879404      
  0.221803816066053972186339358636035547      
  0.238419089299714462133232615027247247      
  0.256279624420503036994232363070453458      
  0.275478550813824484753640959276309393      
  0.296115941809548373734174790372701487      
  0.318299329757111102788738225685044198      
  0.342144258960348359529451408457081676      
  0.367774879215290583296893305950226989      
  0.395324582887397980368234079311848562      
  0.424936688671079987468273120338806729      
  0.456765175394634438173094878326401081      
  0.490975469468782906874382955273713179      
  0.527745289827659520933970808236780036      
  0.567265554478349003626301345206171245      
  0.609741353059839742426313913753608140      
  0.655392990115567845044193835250832716      
  0.704457104106635954938168119736540162      
  0.757187867536388868459842626417681754      
  0.813858273922454534857923218027250474      
  0.874761517740784175681897838883225772      
  0.940212473878857304349343745637851338      
   1.01054928357328920531807844320514548      
   1.08613505427186127566445717026086071      
   1.16735968135277111100908059474517486      
   1.25464180015596423983370765214278716      
   1.34843087733410347815292005516690827      
   1.44920945111537607287625296015917380      
   1.55749553068821008031270493189358024      
   1.67384516557061892370999043532073637      
   1.79885519651535850262103480921144187      
   1.93316620022816194422876756483555200      
   2.07746564094121557638068102212946021      
   2.23249124268947433141455449226286656      
   2.39903459698528508818916881921404808      
   2.57794502147904404373359796570014201      
   2.77013368613300607502292643088247997      
   2.97657802442522221475642273228398109      
   3.19832644814502999946631559212315226      
   3.43650338544652875151417789841403298      
   3.69231466299946908802580218813547522      
   3.96705325432830408712433891462455964      
   4.26210541777347819599285219925736339      
   4.57895724896238475205364341644080309      
   4.91920167426477409612792555258776318      
   5.28454591345973109760732668028652120      
   5.67681944179846105075696741999411651      
   6.09798248385964766504456319271508558      
   6.55013507412561475276572223801215610      
   7.03552672213552003139872094181332974      
   7.55656672349152339894253236647425877      
   8.11583516201755974423926794275556560      
   8.71609465313016377148067944083119994      
   9.36030288412667520819735355601811865      
   10.0516260137958348697361911519647977      
   10.7934530016892863110666240906193408      
   11.5894109467470877168647944420958827      
   12.4433815259304006907710830867347827      
   13.3595186362498141529431754736964615      
   14.3422673582304155651132395749086978      
   15.3963843755258436545306362042656545      
   16.5269600041392231230417186469315043      
   17.7394420055498464664878345539708598      
   19.0396613810071560848491971990936981      
   20.4338603694563758677067149679632554      
   21.9287228993546990356979210155259257      
   23.5314077757895384521540459569563213      
   25.2495849201379620315850435898946220      
   27.0914750217586906872773837173836707      
   29.0658930111839325688472453773952526      
   31.1822958204629821568302099789080983      
