   591139.889730430641291382817990725246      
   504241.404012797233165620432649920377      
   321459.841015973725110015726980798490      
   173730.876860287456015190880959446620      
   97790.6933427780755623049441400168011      
   58562.1776901829619498616965816009426      
   30940.7802379204791850448663724238588      
   13912.0821325541896192378290904802273      
   6746.30104371512493439277119254908149      
   3449.57478864299100555685251604807036      
   1273.84149500133866658651174690186173      
   552.929042197413871651539571680768214      
   439.059482771008037749120651354513542      
   202.806056572780436969713903443405614      
   108.476598122558133030338347173675994      
   123.324290769358528115373930645504016      
   59.3752247912959690215753276084756313      
   16.8611051724714507665051032162340976      
   36.4881799991710251701329766320948472      
   26.7811932104262931315508139177720473      
   0.00000000000000000000000000000000000      
