   19309250567.6820386103448108465798312      
   610770384.883765477110419047648002246      
   370428075.889415905004481002298148729      
   167684973.882549493593882015178699508      
   65044622.5367372164766820812206925701      
   30014554.3222894103836382275014915205      
   16726291.1281962890991967087899658354      
   7779322.44993706410838747917101654136      
   2950576.76008615234780333351781031858      
   1369320.19459410370300938175744385712      
   645078.685133817562861847973976184277      
   174482.578065241947676368128155572465      
   65088.1457481475362937322571093368756      
   57071.9878626730439941850713558038165      
   13497.5973500794523869966792172503481      
   5864.77795261853210935757120909163967      
   15908.0699417721586672468803995488751      
   3844.12639983475980068875800593436092      
  -2938.86743499531392470662106434802463      
   4874.27974151933462679981803520911734      
   4730.88891239726279417888722185951901      
