   592704.098855395523541924910804838145      
   503428.533886413102120784384265540545      
   321250.641910912933518514432976286633      
   174159.085811583943469483457888799407      
   97670.6951033324081260143181273878220      
   58524.1953616093677589832822546303159      
   30971.6957310136826522821758268358490      
   13920.7418046630779080599073027530698      
   6769.36244107305992672867885479263525      
   3429.80529139613341263281218961994359      
   1292.07771923580276500287273644965141      
   562.790522297865071266343626884470907      
   439.051991399114491573247976751685887      
   215.653715794782125470272339172279915      
   109.301579201118533242822795882100432      
   131.670306298036443093253356439114929      
   70.2021795747274079990956040339694410      
   18.5459693201774656703329158649454507      
   41.1586135470901068599263563470502468      
   42.0556572972951248569952127959260876      
   0.00000000000000000000000000000000000      
