   4862837.29696529635567592401147688924      
   4424483.30728378468753570040793675224      
   3584848.31858620821749433625857246789      
   2763156.58788727877895094767280398529      
   1919459.31495754924061842706595693610      
   1194677.86534118915614852474039679419      
   679055.672417458260477444344689711037      
   341510.237814047272784497532275320397      
   154449.865780228872325848669802684179      
   60667.2464496400112677907902506701610      
   20315.3625898395196317887275701003320      
   5664.75467519404926709640726463385647      
   794.216285225718851866988516422617028      
   74.5602460295483501450686862793194151      
   77.7397847550508427859770201256817560      
   415.552687359913465507764864133163377      
   447.501052627579498378227680786583766      
   338.167585818790229488086956797983724      
   151.771559253422188270306163749738184      
   31.1972217556274696144361827938739789      
   0.00000000000000000000000000000000000      
