   1.74848378084236035092719657098679051E-0002
   1.01242410656242878449877400652383111      
   1.02607404131728972873061891932621417      
   1.03990645302450424451948374474219090      
   1.05392386423516619474722434099823833      
   1.06812882989211116356439696307229112      
   1.08252393780079621663171935732757837      
   1.09711180910553982278342330867230661      
   1.11189509877121305141302113949928270      
   1.12687649607047359071486499301036743      
   1.14205872507661736784724474121282287      
   1.15744454516224384029369835699067565      
   1.17303675150356759153292035354569702      
   1.18883817559081806210337896887221625      
   1.20485168574455870421864729426122909      
   1.22108018763812530789303306502521045      
   1.23752662482626061793789071606467911      
   1.25419397928004051869359472255816203      
   1.27108527192818757786668557539705970      
   1.28820356320486826705442320737272063      
   1.30555195360407071437682880037522318      
   1.32313358424066039390965348734460058      
   1.34095163741821171703148762394610659      
   1.35900933720371406198926219388647635      
   1.37730995000925135949228790565667800      
   1.39585678518075494343539273651224568      
   1.41465319559392997633184931259965868      
   1.43370257825745636804667290600788101      
   1.45300837492356572324526935525737915      
   1.47257407270609647684109109334764876      
   1.49240320470613000681711798925220167      
   1.51249935064531114924028834121706667      
   1.53286613750695718016786229901890807      
   1.55350724018505997249760303111611274      
   1.57442638214128668163269273341748964      
   1.59562733607008496106483639791924386      
   1.61711392457199935653040592604658118      
   1.63889002083530617412382463920186077      
   1.66095954932607476247461691851768322      
   1.68332648648676379057937291511687033      
   1.70599486144346173984896172903115702      
   1.72896875672188146005894028743163551      
   1.75225230897221926280154864847996068      
   1.77584970970298964130327308906895121      
   1.79976520602394731061149023211416230      
   1.82400310139820885563005616888875872      
   1.84856775640368685470091766793439280      
   1.87346358950394991173036490944920533      
   1.89869507782862257852335428503261647      
   1.92426675796343967922971120039316577      
   1.95018322675007005876387579318427856      
   1.97644914209582526480346205031421323      
   2.00306922379336913649229500075030732      
   2.03004825435054471018076593316337071      
   2.05739107983043526125528483772846647      
   2.08510261070177667907511642149558716      
   2.11318782269983871689122253705895458      
   2.14165175769789501600295886864246229      
   2.17049952458938751014560099563110510      
   2.19973630018093540864067063214287891      
   2.22936733009626411491688342862312393      
   2.25939792969120567587695032954881269      
   2.28983348497987616004739159551357359      
   2.32067945357215103582799792620013802      
   2.35194136562255734099226636581128865      
   2.38362482479064730034127527294229934      
   2.41573550921329808065221046521345786      
   2.44827917248823632717635796822077828      
   2.48126164467000445798365783338037971      
   2.51468883327765783859780523723025420      
   2.54856672431464338126209454176677963      
   2.58290138330092050757782139722930519      
   2.61769895631744063473813527522816031      
   2.65296567106310075110487754908728109      
   2.68870783792428618992573938469275954      
   2.72493185105711500514908380900636187      
   2.76164418948249849452373641254284432      
   2.79885141819412856458401368904779599      
   2.83656018927950259766247398608951258      
   2.87477724305409489899555717302310829      
   2.91350940920878230272787856889690439      
   2.95276360797062987627522785798667343      
   2.99254685127714087594833117447134260      
   3.03286624396407316550257800091204874      
   3.07372898496692220555818749518950642      
   3.11514236853616844762230388224429023      
   3.15711378546638451224169092731706690      
   3.19965072433929488865985238892781654      
   3.24276077278087805329487442555002296      
   3.28645161873259783255730032105561447      
   3.33073105173687024521491471815110643      
   3.37560696423671061860639817074994261      
   3.42108735288995573992938049944635115      
   3.46718031989780319240098691174649201      
   3.51389407434776769879812352926826613      
   3.56123693357139736803255331054238335      
   3.60921732451651633101397807838545994      
   3.65784378513417502050645874433802335      
   3.70712496578033371931575681356817734      
   3.75706963063232909937164938481221405      
   3.80768665912014039370962055891549182      
   3.85898504737254356282720397438390933      
   3.91097390967798400038987272847798362      
   3.96366247996060331599562655259331866      
   4.01706011327090256385984157251953824      
   4.07117628729140520933746895018019800      
   4.12602060385719100205563137484878987      
   4.18160279049129915440957306545059985      
   4.23793270195496138399901497185101651      
   4.29502032181263988681899666798721058      
   4.35287576401181893644315150622868715      
   4.41150927447749208922389276884136477      
   4.47093123272127503004072316067446545      
   4.53115215346505802896529997170291586      
   4.59218268827911183966195433975500240      
   4.65403362723452308562164896645987907      
   4.71671590056984736819341998429505881      
   4.78024058037183482773016913125749278      
   4.84461888227008450165556019629956882      
   4.90986216714543069250669561836244036      
   4.97598194285190552365832823262781965      
   5.04298986595203117949834593735992837      
   5.11089774346527191504643513603176172      
   5.17971753462933141541969338978604389      
   5.24946135267407492553961393577206581      
   5.32014146660776838673411702158847145      
   5.39177030301530770004985007734783213      
   5.46436044786813345827379862887499541      
   5.53792464834548689631549216912337865      
   5.61247581466644031665913162907699014      
   5.68802702193257128985842753987293559      
   5.76459151198060235983579529716446550      
   5.84218269524457826870336110012015711      
   5.92081415262717991754665981462480784      
   6.00049963737944870507638359887907925      
   6.08125307698847442956092636636171720      
   6.16308857507237527788972756696068263      
   6.24602041328191915902387500217087185      
   6.33006305320809019070718478087071878      
   6.41523113829484426689058532005272192      
   6.50153949575630456986473917039497740      
   6.58900313849750586228724168287868359      
   6.67763726703790869880512759525736782      
   6.76745727143657132487083628323306034      
   6.85847873321822345531744950912012567      
   6.95071742729900243880107772986304670      
   7.04418932391091609922643860452833924      
   7.13891059052372646119124380802121624      
   7.23489759376313954371062099930235911      
   7.33216690132397388586711813089517473      
   7.43073528387695206849019164161332591      
   7.53061971696769917358744903588771536      
   7.63183738290643081267479234683279865      
   7.73440567264677206030491386667336229      
   7.83834218765201439838914509699895976      
   7.94366474174712538798697338394637825      
   8.05039136295454810588571422264767461      
   8.15854029531202986541320495998426339      
   8.26813000067032538373317163627687647      
   8.37917916046870050974146514545948597      
   8.49170667748599754754384504711217511      
   8.60573167756489019286713766181987379      
   8.72127351130694820473827623814626354      
   8.83835175573582928738959056562792523      
   8.95698621592596967400730189982658353      
   9.07719692659390636756199194485096814      
   9.19900415364927716744418350266582370      
   9.32242839570235148316532088581198210      
   9.44749038552487222226011183439153842      
   9.57421109146074831506374407295618561      
   9.70261171878303936179793617282520159      
   9.83271371099349499462429991865281288      
   9.96453875106064696566987849714001469      
   10.0981087625924327820459077792803053      
   10.2334459109390223170908851803067785      
   10.3705726042212841619223508326292808      
   10.5095114942802578307109208371943517      
   10.6502854775426827937015989994376069      
   10.7929176957973806486740749457570540      
   10.9374315368771878892664502100021964      
   11.0838506352408077528283523847819235      
   11.2321988724486496951891275524825391      
   11.3825003775266048660904698358254530      
   11.5347795272113764853516459663382391      
   11.6890609460706317348352057548588824      
   11.8453695064911981584165145830736426      
   12.0037303285279998366302200338167196      
   12.1641687796062555323746917113044558      
   12.3267104740692810531017982501227753      
   12.4913812725637246217136072407573517      
   12.6582072812540280292149608001661123      
   12.8272148508573747896464990905899767      
   12.9984305754903982509479090871565173      
   13.1718812913183520866047668908541836      
   13.3475940749974258725906015805243324      
   13.5255962419004960307623846035028855      
   13.7059153441164004468357563060097441      
   13.8885791682126682086506702791999922      
   14.0736157327513019312532486735156268      
   14.2610532855471592192144558913094277      
   14.4509203006582390527537570389578915      
   14.6432454750970548033422489813321599      
   14.8380577252521893711174207387204986      
   15.0353861830089857576672983156080215      
   15.2352601915583152217706995395830113      
   15.4377093008823271682864658026060650      
   15.6427632629059315270061966607946178      
   15.8504520263029684746798627896828132      
   16.0608057309458202308172575103595256      
   16.2738547019873242175068026708172327      
   16.4896294435637796350780238469998380      
   16.7081606321078640436525441712417516      
   16.9294791092600916940564836960867852      
   17.1536158743674428999312738930796848      
   17.3806020765574518917855988981545418      
   17.6104690063758207851402248870760909      
   17.8432480869751482097823377447803069      
   18.0789708648417454832678034076516133      
   18.3176690000467857437962933208729165      
   18.5593742560069725259842882514972902      
   18.8041184887387231752396969681011048      
   19.0519336355882604314577776723567222      
   19.3028517034182312451052521081587863      
   19.5569047562292194109509527267077462      
   19.8141249021919657078542785907013562      
   20.0745442800631468559497192674424432      
   20.3381950449541525564906485112925273      
   20.6051093534185267824410546281325320      
   20.8753193478194583400220167902554065      
   21.1488571399340611151476754431926728      
   21.4257547937461766287778915851273136      
   21.7060443073739545525423794412600285      
   21.9897575940728355711635694265865432      
   22.2769264622486187666868598227223605      
   22.5675825944091922745028103413793761      
   22.8617575249775138153802645180624842      
   23.1594826168823803483095183626645919      
   23.4607890368378811137927545066246872      
   23.7657077292171644338581198500755971      
   24.0742693884215086612924015286986416      
   24.3865044296419491513099615807311546      
   24.7024429579079996237811965769437734      
   25.0221147353166066374822103495074210      
   25.3455491463346866255368451433457936      
   25.6727751610705398550871657669519109      
   26.0038212964134711145447618377915703      
   26.3387155749472772790659484772224223      
   26.6774854815520462841610917118508280      
   27.0201579176202343119020030295506575      
   27.3667591528273340347712126722729300      
   27.7173147744146931717364175159368223      
   28.0718496339624019943381637505580858      
   28.4303877916533215391612451235690692      
   28.7929524580555260324822142057737104      
   29.1595659334791628935076171573203958      
   29.5302495449949324334638290724126195      
   29.9050235812344940024876080214314869      
   30.2839072251277057646393728809242653      
   30.6669184847669787299872923147461853      
   31.0540741226244746775026555597341628      
   31.4453895833825144157124208902053813      
   31.8408789206704291516790399075052107      
   32.2405547230311781510718559090331011      
   32.6444280394672650092797593334030450      
   33.0525083049367590922024615579468157      
   33.4648032661855022891252364290789468      
   33.8813189083098983509852352337665960      
   34.3020593824452225091417121641934029      
   34.7270269349665145738063671267572129      
   35.1562218385724485305936536385690551      
   35.5896423255970576185737021436409209      
   36.0272845238600412196879105384091693      
   36.4691423953243043222103822583735976      
   36.9152076777803355599032049545065361      
   37.3654698297224764944362808988578221      
   37.8199159785237919297541046937955717      
   38.2785308719562123542547589907485533      
   38.7412968330431446633232310140992904      
   39.2081937181752951223846253024552133      
   39.6791988783694602451551160665654039      
   40.1542871235069361216930478229688813      
   40.6334306893551225526771385560418321      
   41.1165992071548041764993358411201569      
   41.6037596755478978026241583817118219      
   42.0948764346272302865842535936553717      
   42.5899111419115844002233197154743583      
   43.0888227500857303123852586358662306      
   43.5915674863958013816051732279721058      
   44.0980988336539283416454906632366733      
   44.6083675128808254407111602386902121      
   45.1223214676988343693008067690857932      
   45.6399058506782570099128378448620316      
   46.1610630119337592100941787552598783      
   46.6857324903621198166511059564985009      
   47.2138510080042755917365018266516457      
   47.7453524681000007585288066338426139      
   48.2801679574788981106027009467545240      
   48.8182257539927768738813152365709980      
   49.3594513397376417054577391684763834      
   49.9037674208337671519567659517142631      
