   122.759317999999999999999999999999995      
   122.758538174976651168444855903184029      
   122.758511742718964034214152086834379      
   122.758484414536902174526686225037204      
   122.758456160063007208485188957194546      
   122.758426947900512306253140353982938      
   122.758396745588453662337493112801259      
   122.758365519565599418297992292620893      
   122.758333235133155952197170535782020      
   122.758299856416210093497908501267133      
   122.758265346323864417458116111899603      
   122.758229666508021320803736308088273      
   122.758192777320770078968118382967875      
   122.758154637770329532799372440390018      
   122.758115205475497447632566534486722      
   122.758074436618555928217059876306236      
   122.758032285896580557336923326396175      
   122.757988706471099152157825338017027      
   122.757943649916044198405881106909611      
   122.757897066163941126394888592615639      
   122.757848903450272632561146587267990      
   122.757799108255957223361290731891066      
   122.757747625247878062886080613980759      
   122.757694397217396039013273114621725      
   122.757639365016778722958145775305627      
   122.757582467493474581191809142597347      
   122.757523641422159404311721193003822      
   122.757462821434479441905115111444176      
   122.757399939946413172993515086457988      
   122.757334927083170995441043914016365      
   122.757267710601549381810320515106233      
   122.757198215809653220517235815649712      
   122.757126365483897136626565777715516      
   122.757052079783193562994475011055522      
   122.756975276160232206341576798182369      
   122.756895869269752320757554585501915      
   122.756813770873705859503880539894722      
   122.756728889743206121081617654036690      
   122.756641131557152933527530372357531      
   122.756550398797421727824494230803004      
   122.756456590640500033057688447779719      
   122.756359602845450978273378924451697      
   122.756259327638079304515541359421413      
   122.756155653591171170691735726091549      
   122.756048465500674674064396892488784      
   122.755937644257683495428985872474071      
   122.755823066716081415413860532528005      
   122.755704605555700626635986407536038      
   122.755582129140841781313776259452056      
   122.755455501373998559833871771624939      
   122.755324581544624216965249281361820      
   122.755189224172772052990202761206420      
   122.755049278847436060855382499407348      
   122.754904590059412111207487305353082      
   122.754754997028493948323217242258157      
   122.754600333524811974705671984238135      
   122.754440427684116293504170979389805      
   122.754275101816798748689011362604637      
   122.754104172210441745599358490759893      
   122.753927448925674441350218134641384      
   122.753744735585109457640159532823189      
   122.753555829155125579481108124666463      
   122.753360519720253953730958806951414      
   122.753158590249917082215223142462409      
   122.752949816357261406542244208131902      
   122.752733966049815496004947892605807      
   122.752510799471696766457843786295917      
   122.752280068637080266667325293329795      
   122.752041517154633358920402491037237      
   122.751794879942610081852263683286950      
   122.751539882934288604361219991534998      
   122.751276242773424448587249586067671      
   122.751003666499381065313206528856661      
   122.750721851221587874477299824197286      
   122.750430483782964024015311600729122      
   122.750129240411933858802800182507144      
   122.749817786362647414416131275839657      
   122.749495775543006143689681661456656      
   122.749162850130080533050570048262203      
   122.748818640172492255303732717615793      
   122.748462763179319020350626337042066      
   122.748094823695065309158161509286573      
   122.747714412860226692508922233081074      
   122.747321107956959427453509279925541      
   122.746914471939350473161967813528360      
   122.746494052947765955641769778417787      
   122.746059383806738418539370757003189      
   122.745609981505834905311072825758646      
   122.745145346662929006110549377622236      
   122.744664962969280449779714312679092      
   122.744168296615805605619122877234204      
   122.743654795699901358689794319708210      
   122.743123889612163213034847830897083      
   122.742574988402316135394015790692732      
   122.742007482123653552890404274844056      
   122.741420740155256036128773885684277      
   122.740814110501236507620057061292951      
   122.740186919066233287000243428455016      
   122.739538468906345890775585365812212      
   122.738868039454681215971212696578366      
   122.738174885720649523763496494717223      
   122.737458237462120469586857155688369      
   122.736717298329519267909514894090374      
   122.735951244980911899357610868828934      
   122.735159226167096030484959466675772      
   122.734340361785680986413796651686005      
   122.733493741903105656773423346801499      
   122.732618425743507587546396214866302      
   122.731713440643319676005761792827527      
   122.730777780970432801959722626932564      
   122.729810407006723353692628601411419      
   122.728810243792703897549443661954167      
   122.727776179933013150817946191196309      
   122.726707066361417901648669070813537      
   122.725601715063954528861480016174207      
   122.724458897758791258625236224809035      
   122.723277344531344202474042349936406      
   122.722055742423130498499212760103557      
   122.720792733972790469577611814252407      
   122.719486915707657562039354355377681      
   122.718136836584199876179360347106525      
   122.716740996375600285414542740726473      
   122.715297844004683400548284575376271      
   122.713805775820336904253241931390001      
   122.712263133815511991036866897413809      
   122.710668203784822729838422806472834      
   122.709019213419697047883743998909043      
   122.707314330338962640911532694167684      
   122.705551660052679369271543951130180      
   122.703729243856955521955856390293314      
   122.701845056657408638932552797139959      
   122.699897004718852290985659569930128      
   122.697882923338708237516664415020109      
   122.695800574441558625335415022508343      
   122.693647644092165261178057988627630      
   122.691421739924192390160902144696069      
   122.689120388481775740935108123755567      
   122.686741032470983751858896905913509      
   122.684281027918116763434405559703533      
   122.681737641231686439300574974992514      
   122.679108046164810646195374777180291      
   122.676389320674648363564933927395233      
   122.673578443675384782937104651292253      
   122.670672291681158468658026740354533      
   122.667667635335200153668521148839033      
   122.664561135821326300773463900937196      
   122.661349341153799830826193829200442      
   122.658028682341435259143561602655203      
   122.654595469421685740093630944353329      
   122.651045887360305041874725781300786      
   122.647375991812028098485588872416725      
   122.643581704737559347784266599356666      
   122.639658809871998391734180519831222      
   122.635602948039667430009039840011831      
   122.631409612310134237629109035113103      
   122.627074142990047991567312018407721      
   122.622591722445222804203535131183978      
   122.617957369747215190381559142694132      
   122.613165935138446670025760494643890      
   122.608212094309721073089789965486365      
   122.603090342483777643977023267837856      
   122.597794988298305506838309636246057      
   122.592320147481622211810096745588038      
   122.586659736313988687680964800814747      
   122.580807464867294722649283060320192      
   122.574756830015602817063683902083166      
   122.568501108208783626654026858285912      
   122.562033348001212958820207474413896      
   122.555346362327228105515868092423119      
   122.548432720514759891694641944161501      
   122.541284740028265875477312304827403      
   122.533894477931789331849473345277445      
   122.526253722062657651552936423997716      
   122.518353981906012245302519630864704      
   122.510186479160029603241539354701999      
   122.501742137981349451232067205293563      
   122.493011574899870587226331246438381      
   122.483985088391707577704355574332804      
   122.474652648098721637726400843495882      
   122.465003883682646286435201815731128      
   122.455028073301422326443419762997135      
   122.444714131694936889255029168304836      
   122.434050597866927253200918428146728      
   122.423025622349361393012293814323498      
   122.411626954035143262456191568406996      
   122.399841926564511127859235876549967      
   122.387657444250001327817602872432289      
   122.375059967524337081834684427534394      
   122.362035497895071838265373295765807      
   122.348569562389268550686712383631701      
   122.334647197470929592601075323082136      
   122.320252932413306133508200002482075      
   122.305370772107610053810591662850308      
   122.289984179289025198630090441254646      
   122.274076056160267265483562600556646      
   122.257628725392272168375962641350904      
   122.240623910480900577314560225429247      
   122.223042715437830728409326691450415      
   122.204865603793071740412329948309149      
   122.186072376885764736621471273141118      
   122.166642151419148206522393428038115      
   122.146553336254746370547138302898016      
   122.125783608419993925281680288413298      
   122.104309888302636505952002297484511      
   122.082108314004342536813875748782593      
   122.059154214825027843998420123474000      
   122.035422083848428441220979476980650      
   122.010885549598458193151985892714418      
   121.985517346734855504399633266290199      
   121.959289285755555626573737336441691      
   121.932172221672121435505518601359322      
   121.904136021623424378897439666261838      
   121.875149531391587463406805745987131      
   121.845180540782982328381576378448715      
   121.814195747835811285683697995897798      
   121.782160721814501289826959453029846      
   121.749039864949788691094067403098975      
   121.714796372881979818340899908563729      
   121.679392193763431389028038620759038      
   121.642787985974804850326698620867872      
   121.604943074408108361337347014896919      
   121.565815405267947520827467543959702      
   121.525361499340759357714421274629258      
   121.483536403680101703079452950200851      
   121.440293641654309961070626341400008      
   121.395585161301013535786499204553982      
   121.349361281931122729985593087202513      
   121.301570638922951718555329959474085      
   121.252160126645132053550284982263565      
   121.201074839444891843459622702064856      
   121.148258010636125956624457919648556      
   121.093650949419459938517833102468608      
   121.037192975664212335071900895471869      
   120.978821352479784225821727995181793      
   120.918471216501548351212436511654937      
   120.856075505813770538378529433185293      
   120.791564885429470366923205553665645      
   120.724867670244413252916904856157644      
   120.655909745379619348815254704633161      
   120.584614483823872740333214966386045      
   120.510902661284714143854136024187414      
   120.434692368153298335749345493506005      
   120.355898918485290431080841353200769      
   120.274434755896659309766836652813912      
   120.190209356269798278822357844789987      
   120.103129127161858650270504991788967      
   120.013097303803517367157432318714582      
   119.920013841572611052699507327783696      
   119.823775304823151679824202123696782      
   119.724274751946189107414303945492685      
   119.621401616534798505065823934025472      
   119.515041584521141537221067723762501      
   119.405076467149074289526585121420090      
   119.291384069641147321521737620489616      
   119.173838055414058778034921562527345      
   119.052307805691674870401339283693416      
   118.926658274359617751063842137475366      
   118.796749837900133168208872249326810      
   118.662438140240483425126766857516082      
   118.523573932342459007116135200520675      
   118.380002906354758496214298392814292      
   118.231565524143944577181403107658193      
   118.078096840013437333243332839650032      
   117.919426317413547695793131324666214      
   117.755377639438876671970853045207159      
   117.585768512902502407944714881015478      
   117.410410465769239582462874434652866      
   117.229108637722876133474922688720422      
   117.041661563634662700140716079703799      
   116.847860949692441935210425837856356      
   116.647491441941649243065036966325884      
   116.440330386980984464034462477710596      
   116.226147584546836186166011655855663      
   116.004705031711527034013962298330671      
   115.775756658411129444521213187030638      
   115.539048054008966737441559718283519      
   115.294316184590953015789645400326162      
   115.041289100678626521400277408276416      
   114.779685635035083077536173909056467      
   114.509215090228007342404329511181627      
   114.229576915602617541173309650029761      
   113.940460373305571491726691645580901      
   113.641544192988715014339322445542647      
   113.332496214808974697887906372051369      
   113.012973020327691507014168964069764      
   112.682619550899245403966965540967439      
   112.341068713124919083930585674101095      
   111.987940970933575635319929617264758      
   111.622843923835864464991160130471174      
   111.245371870883305659414915677132621      
   110.855105359847718013708694860873655      
   110.451610721120032599458884248912275      
   110.034439585810553709612542369398656      
   109.603128387515173445934545185316952      
   109.157197847193895593608864169159855      
   108.696152440589258589289595977024390      
   108.219479847592845480415764730258423      
   107.726650382948009235221617230834871      
   107.217116407656202304161332776176720      
   106.690311720432856908446990184393942      
