   19254769507.3583946900836849171931475      
   636598714.484974842722915054979107109      
   371513193.083567284618254808002036615      
   163198539.569444341233325214120447751      
   65294854.1648631421683054051811425065      
   31146138.9398108249398094697599553457      
   16421592.6828907258354359486900595434      
   7513983.00691442848106724684256912151      
   3129455.57687373926451901560153610209      
   1394128.21194056025578753185731314875      
   573622.644575012878984141445618053564      
   197481.383663064259441653068188363124      
   80903.0874397124241938518803397708100      
   38255.8767118921519357816206858018598      
   18086.7998101943833574804004744581296      
   12899.4472555049245819375949385960321      
   8173.04613600910623046743044459538857      
   4288.27356012586316623767345824574853      
   2866.10302499229776288287140104264424      
   1040.66999048728089902177169776115809      
  -58.5032430845958464672597545071770438      
