   1.56634010653778851830175078157486236      
   2.49261588924239502331744530613959381E-0002
   2.15824439844049196478846646122705730E-0002
   1.86911538041929620469774163492769139E-0002
   1.61892311944550052272304652751253253E-0002
   1.40231121518766214488626924159846725E-0002
   1.21470632296194520066660201467085621E-0002
   1.05218756012813043678168593792322170E-0002
   9.11382506949129794101522754067947011E-0003
   7.89383250085627527851545953366382902E-0003
   6.83677716412037073206212524072397562E-0003
   5.92092833934435120245103615049620655E-0003
   5.12746981263678506462788056147386579E-0003
   4.44009845182617680975463630294544731E-0003
   3.84468277754178321428452889011222644E-0003
   3.32897088572556121064460487541478383E-0003
   2.88233937104605417992958739652192019E-0003
   2.49557685799062185523389517753997389E-0003
   2.16069682441477285074878074134178291E-0003
   1.87077553821664515748687133037577676E-0003
   1.61981154448338985297444565074902388E-0003
   1.40260377378140709002111479962349532E-0003
   1.21464574928840841542352682532136998E-0003
   1.05203375931052183738020232435456189E-0003
   9.11387151739590884648921098491272627E-0004
   7.89779141784200980150778292247760625E-0004
   6.84676783524478545187090663671541833E-0004
   5.93888827827737544450794911149255669E-0004
   5.15520525142732661289735347394969431E-0004
   4.47934274896139302410533893907321454E-0004
   3.89714867249362207342845143354828245E-0004
   3.39642211933622806401957557746363825E-0004
   2.96661411640559309170269919092179761E-0004
   2.59862307759108782606512665407644631E-0004
   2.28458415056856019115884320852350806E-0004
   2.01768587384414134374488766384083228E-0004
   1.79200316617341719116608330596599500E-0004
   1.60234763957101591726866656661545303E-0004
   1.44413080642500261557558773670615448E-0004
   1.31324932267628503474214877530636644E-0004
   1.20599364318489639672258009106588620E-0004
   1.11898011287980549054232963154357885E-0004
   1.04911694756109866879090497853281686E-0004
   9.93596043956959310778566635798035849E-0005
   9.49900550352309963562060712829935711E-0005
   9.15816061192849318160085947090668969E-0005
   8.89597601593017603547639191879276471E-0005
   8.69318080422968674976466958901733690E-0005
   8.53810051672398640306294074670068075E-0005
   8.42001557753651350554807862433639790E-0005
   8.33039223467943713440759899597243912E-0005
   8.26258529933285323654146055343478708E-0005
   8.21207047533824324422784446945816480E-0005
   8.17331444665571482289924501711424097E-0005
   8.14407211680112099340265245618084693E-0005
   8.12203464396644777179458409515841718E-0005
   8.10389076761576936673937907227089821E-0005
   8.09139594548896936262626955205729091E-0005
   8.08164110989944800541588025069110078E-0005
   8.07360602388738290549043071895026078E-0005
   8.06515141257319503753078874117359520E-0005
   8.06326632994355272375382014576314638E-0005
   8.06089438396058478414187448431313161E-0005
   8.06265233290290221432657643553831073E-0005
   8.05264446730790914678253619506870442E-0005
   8.04860654215602771890040806581722021E-0005
   8.04975375644243096709716578582262244E-0005
   8.04485972841528843679777217268014336E-0005
   8.04325888395969474081798455679929263E-0005
   8.04835946718527583070416885253816935E-0005
   8.04238243468504208513290990932209156E-0005
   8.04478752037918410368214017353913880E-0005
   8.04460289547734195822219182037401504E-0005
   8.04963362322448697112364691952075174E-0005
   8.04579901953293265596517291971449741E-0005
   8.05159801235887068018677954765406496E-0005
   8.04805882213168507493038760669322656E-0005
   8.04943494174692272946286933868749918E-0005
   8.06074249337737061727087255110325698E-0005
   8.05855207137474316733179426389679035E-0005
   8.05923822962518174308755684842991628E-0005
   8.05987326883941322445718050599645666E-0005
   8.05981142022140581311401853921871106E-0005
   8.06234196154351937545890195994099952E-0005
   8.06335991953440568509143518532535394E-0005
   8.06432113085731077172177874429531784E-0005
   8.06557432853642520580522887974011889E-0005
   8.06446157431348736444841170106000507E-0005
   8.06130187027104292857110814017739107E-0005
   8.05513010146776016256230919799278879E-0005
   8.04402650384615768449488449229319483E-0005
   8.02877677314763451033542455687260448E-0005
   8.00858961714380349002449796829427532E-0005
   7.98529889427124619151776636119980879E-0005
   7.96087812730654126358705133926441559E-0005
   7.93623534580508769504480153196025330E-0005
   7.91259866342718627329286267191747461E-0005
   7.89018476682858725590731069035047970E-0005
   7.86947266698533121275333081765344271E-0005
   7.84914811552769954548513662569161244E-0005
