   1032949.37489256857510314385532336619      
   843702.461857070487407466304441825325      
   597721.222971221430872423039484968472      
   525696.614739953677134483810348299542      
   448628.062517022415195682053186832380      
   347574.856952676864870862377803296299      
   273038.007464620132998605959748432416      
   202640.033969429558602595137393630491      
   145270.579455392113184039114040174625      
   102116.623163406534954828758549992475      
   67851.1857737947100349699642046240633      
   44603.7851635570315309948146765500166      
   28258.4288439219779656198142310810177      
   17579.8520244873633541005600994512447      
   11061.1965459611879481661722422955676      
   6826.82434741410258546933079421239745      
   4399.23886632715476391664649416668457      
   2778.15321701595666037837334464978488      
   1723.53850342345335081057193831462122      
   1001.62900034231393349263909175962906      
   461.744272536316249096467660471065608      
   130.040426745538382813072072856056782      
  -81.3678826190707322373998405642020932      
  -157.278746875228991922473275405024033      
  -150.744998259551222513687499754626125      
  -91.8802457945621746327002994638476156      
  -10.7217404653156050737042056629759997      
   58.6437944675844168527622680816415030      
   109.144266789439406088005917203950303      
   127.718289846235035899788526008153547      
   123.494742221725351590267554706069007      
   101.204759675810154431923545391481914      
   72.1884050493654859800251364343785083      
   45.5119734427020774714459131860820299      
   25.1195735823193226005245701114974600      
   15.4879175231643320251832371024615445      
   13.5415709318441698602515296094970123      
   18.2761053831636538580730356937996666      
   25.3224379587975090338277756001646060      
   31.6959115126205395542717441875037772      
   35.8004138674787207211591681716619583      
   35.8905606478658335264824003820514392      
   33.0528674945044862020165125389079451      
   27.5719450494147994972485614305819157      
   21.0153542026048557077701285075253098      
   14.6190721348951506462037003582084471      
   8.97366427711379717058203203451212317      
   4.88254137480229097449594274205890987      
   2.16857329658458249428090123114461852      
  0.645415817566681705184614822753729647      
   0.00000000000000000000000000000000000      
