   1034030.89268277531567049916341749737      
   842864.965758514379071843910569834559      
   598057.003431274634961418783439803630      
   525765.595491382485855323510728020892      
   448402.385153603418878789616681266682      
   347761.303084019595699157100785302372      
   272964.909817594965507161530416660199      
   202616.963797094923420428583514968870      
   145338.557182602202909443462267901013      
   102049.477161143037000140974424942975      
   67893.9245930394611204835223730933620      
   44589.0057971321850918079202557009779      
   28253.4076054137624189716406815574189      
   17593.4905421252516230869467152690623      
   11047.6904692012701917728101194569609      
   6835.56628662484825567644467798460514      
   4396.06835493319434105855498286108838      
   2777.13754256008663809673828354664881      
   1726.65230764084268899738580805071407      
   998.266657250054997922853143404193684      
   464.334539448199304436473736076775331      
   128.621447544710973572491663859048142      
  -80.9281275847925715373220490904504263      
  -157.064664857850813080912878603470921      
  -151.222790439437255233023848583439234      
  -91.3829263423474116945697348587122459      
  -11.0949384073994089083685602779279553      
   58.8713101392869110341406628552969807      
   109.052398607911201139779381216775652      
   127.732702513103621319515647958594915      
   123.542868256325641362640853746303238      
   101.145029181522501172321988897281474      
   72.2712173777125226339832781915911946      
   45.4452781511050400331359736514022895      
   25.1882559701436229396848464908774287      
   15.4505679951663509051327972196685550      
   13.5666193159973450532914500535611770      
   18.2860561564752441093683678198809319      
   25.3033637832556325934193131281218256      
   31.7367800173740722850345883343388752      
   35.7689885391847062055473360770243779      
   35.9256827516598621168600177301602811      
   33.0421697386339114415592592359552821      
   27.5805697143040418553232248172937100      
   21.0295494380979218124171460864930533      
   14.6119861402500784136154176917657334      
   8.99129570759254432853682824498322723      
   4.88291325875181679471528818936290331      
   2.17207979700252587019010533678208058      
  0.658197463366221572631081718032516370      
   0.00000000000000000000000000000000000      
