   1035138.92626095908672780395545327346      
   842013.859169843079866418245614306554      
   598392.718914328149380406446907807288      
   525832.758624969555355959169049057651      
   448185.963679254434487071397994132926      
   347937.078810446702664313040210479920      
   272896.184307367751750417634127716790      
   202598.002272451371903210646220953032      
   145397.167342601961702818851373618266      
   101992.118519529069675512506594666511      
   67930.0994887143972203149044557582006      
   44576.4957350683286703148102272187401      
   28249.4937443474447019189340046151125      
   17604.4356695560622274763902629495327      
   11036.7441009612952290158155659129968      
   6842.81556531486945983021129015815176      
   4393.06373342762821923513695759322283      
   2776.92225095153467584386744211121710      
   1728.51526909515433653987908292637785      
   996.104917802340529818108538134983254      
   466.068840393901066185949286346408562      
   127.627687877958638137708141903543238      
  -80.5527891136947061310823093259291300      
  -157.007977575711668410313591103747223      
  -151.474442542081136230760790406325196      
  -91.0909238407667230068709125995637900      
  -11.3504156681144671646415312436377512      
   59.0547782459044294118815852562427387      
   108.933081238099322604497146244753013      
   127.798879472671409931702316628695361      
   123.524655231465137087529790324814820      
   101.136311739441012160616077448458201      
   72.3132422027169079275993566761306249      
   45.3975159982993162935043537711503138      
   25.2461942691918773653095717285346594      
   15.4080750681395722512704028435417078      
   13.5973619720515112631174653184838651      
   18.2797833770077277702827483551110974      
   25.2951258756663081247816939776017582      
   31.7606339791800780833199221542460586      
   35.7449161292948999455037320927744295      
   35.9506490577623943333650305898768576      
   33.0306072600854030517397990180655058      
   27.5872583054926006180441835896670700      
   21.0372712195612878005536787948689400      
   14.6051248034634482355421746628309567      
   9.00437864799305499004232191988746702      
   4.87864867504691625191897842106723866      
   2.17677256694867796864746923603954278      
  0.662436127403472831792276571577558105      
   0.00000000000000000000000000000000000      
