   1041663.52465997834831877572154779841      
   837167.947020331776216015786819802959      
   600143.915703486955737906370630568085      
   526267.548804257152558014936875066658      
   447056.673039583932501837289379430805      
   348799.404504099357331486802294462703      
   272558.331818221602379370708978888599      
   202546.223948438420786109386165023642      
   145613.785293638767136847524687601965      
   101782.671106301315811969874068987372      
   68061.9791445774165127657485605668526      
   44528.9600558671020746207557240398687      
   28241.4561475426349533591717223355569      
   17635.9097815652871642844594327603135      
   11003.3251241268764165473667305977715      
   6865.69937721088931443684937182933575      
   4381.07962103587250046463141915240187      
   2779.52371243937245077792393737752923      
   1730.73190253874814344023164470443458      
   992.234267098451858671506604002271579      
   469.968912999924000314549077878203673      
   125.075040451681888038358646245626881      
  -78.8434331479346170651784617416695972      
  -157.631396791806762439035668524727347      
  -151.374721660849138708450733259996270      
  -90.8676836964989782696594649796400813      
  -11.8547123806088528742020995828441130      
   59.4761937704496259995691103482290673      
   108.416732155952799776910340879332380      
   128.118698971615974623132562561402923      
   123.290651570599137681389698845332008      
   101.220971524857569331430442412647796      
   72.3795593184160735385616258207578467      
   45.2963159331253847240769112505009587      
   25.4267978042259250540191622495165089      
   15.2790815471693297556468640055340452      
   13.7036812399126711540144566873124333      
   18.2346341611206552967494183628413151      
   25.2798445023394512162515233775894874      
   31.7956482535771239191797505100684461      
   35.6788425313647651298175253732861002      
   35.9997560728203754919547815937132412      
   32.9938309088237158276040666552671791      
   27.6044344898123815849096745244965908      
   21.0487886183246020553904267760251584      
   14.5960825027053901092737527167713446      
   9.03109361876243996496253768609543845      
   4.87410441367569388678930523250926410      
   2.18640334555442500434245170648883675      
  0.672151607555931418087963175579874886      
   0.00000000000000000000000000000000000      
