 0.30042440701936E-02
 0.21144818039966E-01
 0.22746074213860E-01
 0.24459405393664E-01
 0.26294615448754E-01
 0.28262088454798E-01
 0.30372838423361E-01
 0.32638564989683E-01
 0.35071715289168E-01
 0.37685552069837E-01
 0.40494227968876E-01
 0.43512865840021E-01
 0.46757645049054E-01
 0.50245893740028E-01
 0.53996187193880E-01
 0.58028452534070E-01
 0.62364080165805E-01
 0.67026042456923E-01
 0.72039020275468E-01
 0.77429538091227E-01
 0.83226108428304E-01
 0.89459386526703E-01
 0.96162336136703E-01
 0.10337040743416E+00
 0.11112172811073E+00
 0.11945730876280E+00
 0.12842126377888E+00
 0.13806104900829E+00
 0.14842771758561E+00
 0.15957619538702E+00
 0.17156557770610E+00
 0.18445944885959E+00
 0.19832622656900E+00
 0.21323953311166E+00
 0.22927859539747E+00
 0.24652867630473E+00
 0.26508153980274E+00
 0.28503595260101E+00
 0.30649822529675E+00
 0.32958279624614E+00
 0.35441286166207E+00
 0.38112105574467E+00
 0.40985018498349E+00
 0.44075402113431E+00
 0.47399815777295E+00
 0.50976093576697E+00
 0.54823444348756E+00
 0.58962559811334E+00
 0.63415731496039E+00
 0.68206977241478E+00
 0.73362178075114E+00
 0.78909226390249E+00
 0.84878186410949E+00
 0.91301468033226E+00
 0.98214015236563E+00
 0.10565351037715E+01
 0.11366059580433E+01
 0.12227911438659E+01
 0.13155637069419E+01
 0.14154341476525E+01
 0.15229535058211E+01
 0.16387167160823E+01
 0.17633662598648E+01
 0.18975961427932E+01
 0.20421562294600E+01
 0.21978569710493E+01
 0.23655745652630E+01
 0.25462565924773E+01
 0.27409281771062E+01
 0.29506987288546E+01
 0.31767693250036E+01
 0.34204408021968E+01
 0.36831226345143E+01
 0.39663426840846E+01
 0.42717579212688E+01
 0.46011662237521E+01
 0.49565193779402E+01
 0.53399374221370E+01
 0.57537244893938E+01
 0.62003863290121E+01
 0.66826497098427E+01
 0.72034839361852E+01
 0.77661247387178E+01
 0.83741008389766E+01
 0.90312635269466E+01
 0.97418196378165E+01
 0.10510368366312E+02
 0.11341942415585E+02
 0.12242054042571E+02
 0.13216746632925E+02
 0.14272652515739E+02
 0.15417057810170E+02
 0.16657975181337E+02
 0.18004225468234E+02
 0.19465529226966E+02
 0.21052609298580E+02
 0.22777305543938E+02
 0.24652702852273E+02
 0.26693273354005E+02
 0.28915033313963E+02
