   625.824163916901446185533808950531457      
   566.372848625517708679155828272809722      
   426.553946681976688954219433830415661      
   297.086695691631055659046582983605866      
   195.598198842914905445533757313346010      
   120.776718649339745124548198862383279      
   68.6322339909414251729587128564301214      
   39.3426513545146158097926799830853508      
   22.9835645322197566062840211833074413      
   13.2833911894032131605690683884627054      
   8.26702075824075231271701696978186716      
   5.48494800271222315697291754456224955      
   3.53801156931984339995713603339616633      
   2.14061200996524196650865547135321821      
   1.43637138977744205945217649518159632      
  0.747630917444686113695967966766054080      
  0.381284961512628612355718583461767081      
  0.210683543991410740443591071298150969      
  0.129820693016628717935732835038376857      
   0.00000000000000000000000000000000000      
   0.00000000000000000000000000000000000      
