   529684.440706633398430308090425232414      
   448105.160379500452639684630299034984      
   300758.209240369977396787110886278648      
   173277.218006204545592521994483256226      
   99937.6528605243925987205546836563681      
   57027.6014797780327485372877479971291      
   30228.2370648020857572688883747305199      
   14822.3890208845226341254282260815565      
   7365.11584800004512609977951147902746      
   3597.43269499758619833747610634751477      
   1762.83555935490637796893491596719138      
   985.298164603291548988049159807888651      
   597.879489671029770615951137247497654      
   358.285131072832699232316382112371430      
   230.662536317821616844893421356544258      
   139.147985438957209736584956119216217      
   68.8821042047333544387153204685584033      
   33.9380274720973362306525703607185516      
   15.7433844484458256064438521305293668      
   2.35134743639898646262353228836200877      
   0.00000000000000000000000000000000000      
