   565155.603283781845577106887176303068      
   463617.341519100882250444640123037189      
   288664.061533551904685620917541786943      
   170541.665574364140809233355964750390      
   101306.115817062030989107590558596646      
   56403.0932740006600682229528316727640      
   29774.3677304852280168865629315230700      
   15145.9675337837397001571274560925748      
   7385.62133804994595297384951012250452      
   3551.46619164638717156900108330676263      
   1757.02727396257876156653828179980013      
   928.649152308687034474126475282792679      
   535.985877364900947565973887785535542      
   328.336782438718002171842268053258849      
   201.879520186179526852847419746143289      
   118.817710447318627809473507551848501      
   64.1797775493091739723454080839333771      
   30.4635730848532645699227614932915017      
   11.6133451256906788640398337608488458      
   2.69161171241222734484074709176442775      
   0.00000000000000000000000000000000000      
