   627.590035085461011602805546037453935      
   554.821376278366826852573132387994398      
   421.537883299193952824830150427215188      
   298.231099359654022687576761239739396      
   194.148995866708431745852342474214657      
   118.131337907099300929163266913345376      
   68.8087885911514093720235584038307547      
   38.7330239591386928841324324292838578      
   21.6880007082686636382013840959871804      
   12.4730369794055517180031897266260653      
   7.48213594168311495192537976276012922      
   4.66402687290520166659635291862695363      
   2.94207341928508945005187255026647634      
   1.80543552695906327957782551710409736      
   1.04501645408360765972567277929209194      
  0.549296290245057334715663794239205869      
  0.252898384434816807662516062279768747      
   9.29067610055254309123186700867907688E-0002
   2.27291655714810309119885309971218341E-0002
   0.00000000000000000000000000000000000      
   0.00000000000000000000000000000000000      
