  0.335358750659554603495994009508307922      
   4.98336783711499959785043969959757391      
   5.03711994534750275833477667338458586      
   5.09143628181872053170522536320265957      
   5.14632329604673066992968536159674549      
   5.20178749975441046221903366359317486      
   5.25783546762049103336562886164725878      
   5.31447383803890874478519793354083129      
   5.37170931388636257892500494553470560      
   5.42954866329799997633974006960958717      
   5.48799872045116618807022797428674110      
   5.54706638635716387135954492686305017      
   5.60675862966098045756935481736999205      
   5.66708248744895081894290656265216041      
   5.72804506606433200946341245450770703      
   5.78965354193077540953562784817656357      
   5.85191516238368951092484335656545480      
   5.91483724650949388569934468555739225      
   5.97842718599277163087364098695912920      
   6.04269244597133381115080843369299616      
   6.10764056589921517022379029144594924      
   6.17327916041762568276409004758775575      
   6.23961592023388740475415154612038413      
   6.30665861300839057962384683419152528      
   6.37441508424960709886466798216329999      
   6.44289325821720322325054745699165971      
   6.51210113883329696863593480296018040      
   6.58204681060190876962567999163169920      
   6.65273843953665697517825945798143010      
   6.72418427409675242124477323652824053      
   6.79639264613134878337414322875928788      
   6.86937197183230765275777982359354097      
   6.94313075269543931657707980829923392      
   7.01767757649028207126474678245649151      
   7.09302111823848456715082538347476140      
   7.16917014120085718634245682832724387      
   7.24613349787315980244929109037286933      
   7.32392013099069447043983588548892217      
   7.40253907454177265574130626910560274      
   7.48199945479012754143554357047596801      
   7.56231049130634275800444797954204173      
   7.64348149800836956781208462786350823      
   7.72552188421120511208947536716196667      
   7.80844115568580479661257654639072596      
   7.89224891572730225818339875579532218      
   7.97695486623261062139206763567549022      
   8.06256880878747892754638964443264444      
   8.14910064576307769821397572898591557      
   8.23656038142218758722259585117585117      
   8.32495812303506497950971301496859933      
   8.41430408200505821483439391249241044      
   8.50460857500404785064827107119296992      
   8.59588202511778403262277388121051567      
   8.68813496300119361439284038000591967      
   8.78137802804372916065412572002311341      
   8.87562196954483138021399869752244146      
   8.97087764789957586805197017014474521      
   9.06715603579457428774462257635032912      
   9.16446821941419929738297046646140764      
   9.26282539965720161269273468866972780      
   9.36223889336378660967660278387245441      
   9.46272013455321679462607843420515247      
   9.56428067567200531055831427813696146      
   9.66693218885276440454947232782761705      
   9.77068646718377144838548252089490859      
   9.87555542598931368362055925480377484      
   9.98155110412087134942162909983089577      
   10.0886856652591972453181664127148488      
   10.1969713992273490787425960637397550      
   10.3064207233147291464421070574792842      
   10.4170461836121839967580308241864574      
   10.5288604563582147134044615787306062      
   10.6418763492963463476854950803279152      
   10.7561068030437028017485034692311845      
   10.8715648924708311270572925157219865      
   10.9882638280928167461150249854627321      
   11.1062169574717285277915897807148046      
   11.2254377666304299434105899345351213      
   11.3459398814777896979039641518837519      
   11.4677370692453222634204615919326503      
   11.5908432399352856373229753341021203      
   11.7152724477802403196033163985705784      
   11.8410388927142127532477365792887468      
   11.9681569218551686581620055862661336      
   12.0966410309992323489394725944715219      
   12.2265058661263392354923876614765032      
   12.3577662249174580895623193229232724      
   12.4904370582833621842366941303090086      
   12.6245334719049461248321819904951167      
   12.7600707277850807320880942523898823      
   12.8970642458119934566645351681152622      
   13.0355296053341568589889625220399742      
   13.1754825467466624887223287874016948      
   13.3169389730890499635973862191663996      
   13.4599149516545677632223213172224896      
   13.6044267156108230954565357438103025      
   13.7504906656317220546371148492494538      
   13.8981233715407462726100125808721323      
   14.0473415739655507514107900463763066      
   14.1981621860032607569069951241184068      
   14.3506022948977496972138452081100751      
   14.5046791637270152891256898268049842      
   14.6604102331019610495470292884757079      
   14.8178131228758836848650545473208650      
   14.9769056338647034710447608738297489      
   15.1377057495777927753514689228890811      
   15.3002316379592937186918630132665295      
   15.4645016531397912699018553786274547      
   15.6305343371981899063434604222269725      
   15.7983484219336933583380390939710697      
   15.9679628306477306367920977150568517      
   16.1393966799346232239115708408603681      
   16.3126692814860784251965917306106742      
   16.4878001438953033387748336082401293      
   16.6648089744839397607916559778496541      
   16.8437156811258875341707146341129927      
   17.0245403740844627436765668180456246      
   17.2073033678612400413606106257288997      
   17.3920251830475170259437768777865103      
   17.5787265481861922947472742282260855      
   17.7674284016437188243519290913216840      
   17.9581518934811837363420797973574676      
   18.1509183873451917736466576505612415      
   18.3457494623525588379186690147685057      
   18.5426669149895804159214034665629112      
   18.7416927610140624421853904195442591      
   18.9428492373634339130371414986684181      
   19.1461588040679705896254885050710598      
   19.3516441461687102250030508638837838      
   19.5593281756395958616121857675082459      
   19.7692340333133802048485822415019510      
   19.9813850908107956145834858641055023      
   20.1958049524724607610231486855458538      
   20.4125174572929992236630703351914242      
   20.6315466808567872972646482339585824      
   20.8529169372747462011470127744351231      
   21.0766527811215438841052118468143295      
   21.3027790093726150413697971190036208      
   21.5313206633402163631286008982854848      
   21.7623030306079467072451518729233633      
   21.9957516469631513511594464470566058      
   22.2316922983249909058646045719259558      
   22.4701510226711116897138911494436216      
   22.7111541119570607834259217823311239      
   22.9547281140314771709404140419130589      
   23.2008998345444138594306727022480577      
   23.4496963388483177140841092011494788      
   23.7011449538906063773017164271779874      
   23.9552732700968189596163096186692732      
   24.2121091432434200345400151479363093      
   24.4716806963186583399575630179039682      
   24.7340163213712097433750213608826323      
   24.9991446813457093976493248717893081      
   25.2670947119004324809173981878102106      
   25.5378956232117441772241581352882682      
   25.8115769017592956308883964506347643      
   26.0881683120924891001008960304768449      
   26.3676998985757102641225878005326465      
   26.6502019871133704086494452288032526      
   26.9357051868496041014061938318620439      
   27.2242403918437612343226048392984178      
   27.5158387827189964976007968677484402      
   27.8105318282824166740920360520716761      
   28.1083512871148884532300044288473105      
   28.4093292091288236006748222608230625      
   28.7134979370920910524928415192158593      
   29.0208901081154675957441666837454728      
   29.3315386551034769409963052702178871      
   29.6454768081624943570372384409913647      
   29.9627380959689840234411875393324167      
   30.2833563470919331221143143329303182      
   30.6073656912684108252808046755323609      
   30.9348005606298550722672651582365486      
   31.2656956908756011002363064226040264      
   31.6000861223932391116582946256024795      
   31.9380072013200430395701630509116998      
   32.2794945805452866186462111857728334      
   32.6245842206487372219607241225898596      
   32.9733123907735441583821521456710841      
   33.3257156694293342345893310320101302      
   33.6818309452233896244500435549911726      
   34.0416954175154071151665437040990132      
   34.4053465969929948262024937385387572      
   34.7728223061651070739684553931295012      
   35.1441606797669112239529181189969905      
   35.5194001650761027607228311400070177      
   35.8985795221338531565844803193075901      
   36.2817378238668766247114516990443346      
   36.6689144561077161453976547258608003      
   37.0601491175066604875312363317004449      
   37.4554818193335703110698370850812326      
   37.8549528851604888505398004274967251      
   38.2586029504269078170460218546422796      
   38.6664729618758304617863388323864141      
   39.0786041768601682547340178498345487      
   39.4950381625124210923206017313781466      
   39.9158167947724663916801944650742585      
   40.3409822572679927486030928328816386      
   40.7705770400427490341360205949561414      
   41.2046439381244399469725480234845915      
   41.6432260499294258809717170151235185      
   42.0863667754960323061661011770019473      
   42.5341098145405456722445031207593696      
   42.9864991643307641267061168117549048      
   43.4435791173688551931625307816506831      
   43.9053942588785148264890401718377593      
   44.3719894640893443955129899575628266      
   44.8434098953106324503064952866738470      
   45.3197009987894534088938235099894265      
   45.8009085013454483539867951743500197      
   46.2870784067748662611418852205325393      
   46.7782569920179683846532154470437737      
   47.2744908030812056710390365001926051      
   47.7758266507089346847603732512666267      
   48.2823116057969610689153074779434106      
   48.7939929945403185260102489956865643      
   49.3109183933090349624032187788734548      
   49.8331356232449079017450415864954372      
   50.3606927445723468554432632447307929      
   50.8936380506159380384820490770303834      
   51.4320200615190032483315435349607729      
   51.9758875176555601135879778457700211      
   52.5252893727301311355203762421958450      
   53.0802747865571069444219078946375094      
   53.6408931175148246380406441508855389      
   54.2071939146682769095159236905603361      
   54.7792269095510399130115847848448617      
   55.3570420076039051070914073949100765      
   55.9406892792608046258153209550545882      
   56.5302189506767993664075435018236643      
   57.1256813940905778349704361859782922      
   57.7271271178152937500441078064291068      
   58.3346067558495857482114598127404806      
   58.9481710571014804601395041502099245      
   59.5678708742169716427095005534658311      
   60.1937571520042041856127382397573465      
   60.8258809154437002314711756983955921      
   61.4642932572740663896484206873166368      
   62.1090453251420410677894689993025115      
   62.7601883083034532820299141886756979      
   63.4177734238619204658527316558599347      
   64.0818519025286987155003408919672393      
   64.7524749738871742026832294743071633      
   65.4296938511425371698468297758654385      
   66.1135597153349255235761979631805503      
   66.8041236989937356211128898792836856      
   67.5014368692060051709210313030802013      
   68.2055502100714011244154651341209655      
   68.9165146045119184187914957273147199      
   69.6343808154035936832079650796472259      
   70.3591994659923437728161529013083961      
   71.0910210195551951226304030186785008      
   71.8298957582638576883829517267741655      
   72.5758737612054815634785390985856833      
   73.3290048815122139173435305503221213      
   74.0893387225485670332593961809051598      
   74.8569246131032943167859667491544784      
   75.6318115815298694196475306364863678      
   76.4140483287780087947612177262425141      
   77.2036832002570011873119493126631647      
   78.0007641564707508463462686889843442      
   78.8053387423633047868705885618777985      
   79.6174540553145280692384913820113870      
   80.4371567117256416245061002640446632      
   81.2644928121361644183907584472949161      
   82.0995079048160945498959782851888838      
   82.9422469477802467382214639833815513      
   83.7927542691760560862933991384529487      
   84.6510735260007613184515093125521780      
   85.5172476611110146584667310022596336      
   86.3913188584937330917508971861944057      
   87.2733284967766651001047285652141628      
   88.1633171009654944310188671044390342      
   89.0613242924048786455490996652674473      
   89.9673887369720852385497011447230957      
   90.8815480915239649375468106334599166      
   91.8038389486309855125884169899724431      
   92.7342967796453483823382119902961600      
   93.6729558761650240914190310530607312      
   94.6198492899690273220829565584030266      
   95.5750087715149211923146899352864643      
   96.5384647071034094199181677885438501      
   97.5102460548293901815822789759426149      
   98.4903802794530456887575348534822343      
   99.4788932863365535366218238653601991      
   100.475809354604739701789396891239172      
   101.481151069697695293492547840101644      
   102.494939255492676801383323552514615      
   103.517192906178658464350087641896755      
   104.547929118071874181868434583276228      
   105.587163021562230459191638052843266      
   106.634907713379866289478691621829519      
   107.691174189367078755842079037449281      
   108.755971277934297466650418921328320      
   109.829305574368634249101141628984920      
   110.911181376150447024785922784264415      
   112.001600619417258628355652935725778      
   113.100562816695213441889151421408932      
   114.208064995996325015128287855991471      
   115.324101641355802412669461511401779      
