   1.72427267911491888556999887527755142      
   3.48982252305482312653328355358158724E-0002
   3.01910838946520515455539426960878809E-0002
   2.61317142854968260048625133320169418E-0002
   2.26258737621531576213443285132003445E-0002
   1.95947741011484517908449909749136760E-0002
   1.69720308359923261067208827013654028E-0002
   1.47013400423308477591355559011460718E-0002
   1.27346859915024643136822964201247547E-0002
   1.10309395970985330016193056881999025E-0002
   9.55474719879372690811604884579065778E-0003
   8.27563727833041184492767375128549028E-0003
   7.16729268363424801054784298009212648E-0003
   6.20695028872799202000806011346264912E-0003
   5.37490019495177138471383468776589792E-0003
   4.65406392482121858218276163895068040E-0003
   4.02963633221464611786759993408599533E-0003
   3.48877959893864173689684835874804371E-0003
   3.02036049223106831340359304665005728E-0003
   2.61472387757100709079908013040903101E-0003
   2.26349697879874474980860946272136523E-0003
   1.95941988913445835807584120881569370E-0003
   1.69619859894227544660584076076693066E-0003
   1.46837749971675629154767452067455333E-0003
   1.27122865984154447515463201197170373E-0003
   1.10065572250361475524332053223363366E-0003
   9.53110463816197700719789372104087662E-0004
   8.25520285852735293207520812392220822E-0004
   7.15225372752984078165987287136302830E-0004
   6.19924052411030152824509236573398870E-0004
   5.37625406224989489509504357805828276E-0004
   4.66608200445805824479606000382571985E-0004
   4.05385003894798210096446309139090476E-0004
   3.52671184551810884921627261279415402E-0004
   3.07357773850976378271512775010359650E-0004
   2.68487606762766329171020641938950378E-0004
   2.35234484498731232278045539069329814E-0004
   2.06884270927878315331675822480645305E-0004
   1.82818220257926056597797815928710667E-0004
   1.62497613167714182665078840570609482E-0004
   1.45449969978972474902044739856897526E-0004
   1.31258748128919363459768005132724876E-0004
   1.19544718340065109890416594454377184E-0004
   1.09969597998816049011756421567344816E-0004
   1.02222822882297821178894906562452628E-0004
   9.60182456739620148614246094616280445E-0005
   9.11036163204982177067106815722934611E-0005
   8.72470199134802135635243303951381736E-0005
   8.42469719924458729709916329028050435E-0005
   8.19308921807992438599963931346137554E-0005
   8.01576844227262566827244236907604360E-0005
   7.88019658706493598943398482007524597E-0005
   7.77685838697031308408855403885466079E-0005
   7.69873314577304180468090031138976935E-0005
   7.63995501319566817554051784668277237E-0005
   7.59526497895154387104075355090190282E-0005
   7.56111550590835779661618269852612496E-0005
   7.53549887078091391576441090607014561E-0005
   7.51598908935359419814575335800409737E-0005
   7.50104803101014715378872167394869469E-0005
   7.48981984021124977086307045022799371E-0005
   7.48049102571968146862335104258062859E-0005
   7.47363938310405153579934909639942182E-0005
   7.46751921646589610592564290806245680E-0005
   7.46267360668946346518111400310861984E-0005
   7.45847538621619752173943495946786546E-0005
   7.45502017140020528469336304572709395E-0005
   7.45130948783522347095643292769917379E-0005
   7.44800592532526588862317914494794828E-0005
   7.44476094768248610396614121189380771E-0005
   7.44177653827224477755317329633757412E-0005
   7.43839959094219305392465949670266373E-0005
   7.43466945321900879306135801341837993E-0005
   7.43099603388983179523124529071419492E-0005
   7.42712004558447649775396586490183304E-0005
   7.42299099855704209702880660220349204E-0005
   7.41860356903967026432815262684973697E-0005
   7.41378140266616959294298331086017275E-0005
   7.40859741694691514245242608568604190E-0005
   7.40296514362910688944261828905192933E-0005
   7.39694294743595335588184256335703429E-0005
   7.39055651054541372653773673750215728E-0005
   7.38371660445270913614433768962897138E-0005
   7.37648710205682637701632353515251572E-0005
   7.36891250882083350916297806799896950E-0005
   7.36110930771962421943707350761526461E-0005
   7.35314448887349391037980239003855605E-0005
   7.34495240717904442068460866909095382E-0005
   7.33765673771673855839754352387546345E-0005
   7.33093238618107056505400133597559601E-0005
   7.32568543301146537492224628768862818E-0005
   7.32282866237799414178306275956717765E-0005
   7.32394195888152743886420288077095737E-0005
   7.32939137497481971559573095014072367E-0005
   7.34611603932157858572306932805641413E-0005
   7.37113915850174971053633413877991603E-0005
   7.41807944544158180040061822351013765E-0005
   7.48282043829772227884272190058515541E-0005
   7.58653821208704764559703397921035268E-0005
   7.69333934920472390812813961582589390E-0005
