   2.12512752276726931691579228463934461E-0003
   1.32666326028350869127415505582325070      
   1.34474879733953896329328855033024504      
   1.36307502192713459339298507046258882      
   1.38164529975580005739939435368406375      
   1.40046304029687818547900802295741155      
   1.41953169744569813723213122675814754      
   1.43885477019140092540929750980742586      
   1.45843580329461508232842489078248509      
   1.47827838797315421507650392059822042      
   1.49838616259590749155113623561541441      
   1.51876281338509352905422855660664540      
   1.53941207512704771074719711231599347      
   1.56033773189171262355081585167442989      
   1.58154361776100108519297391177812876      
   1.60303361756620109963111100276420604      
   1.62481166763459204090422333187467486      
   1.64688175654544140780758911552856036      
   1.66924792589555160810343947449561674      
   1.69191427107452641398482882593727950      
   1.71488494204992697309655548322472245      
   1.73816414416248755464897439513816955      
   1.76175613893156155123414846672302650      
   1.78566524487096863716911226626563776      
   1.80989583831541389986814400242434378      
   1.83445235425765368484857606962893282      
   1.85933928719657287886727629307480392      
   1.88456119199635631240758149872656118      
   1.91012268475691992703935198949097137      
   1.93602844369577835123390404179813971      
   1.96228321004152248838034911382244085      
   1.98889178893908167674081726647476541      
   2.01585905036694541630003074883567315      
   2.04318993006652006416767613118781361      
   2.07088943048379627159520420817651410      
   2.09896262172350326428913106839144048      
   2.12741464251592634583241120700428452      
   2.15625070119656422370585064466919721      
   2.18547607669880291039933241736139012      
   2.21509611955978302988306713387233691      
   2.24511625293963735341001283671112761      
   2.27554197365427528902515805888395198      
   2.30637885322189084666647899031032629      
   2.33763253892337028534603381222628902      
   2.36930875487677521014763997241882019      
   2.40141330312607631374896223412868887      
   2.43395206474431223844749409314635863      
   2.46693100095134715828419576808178139      
   2.50035615424639963428926256811509622      
   2.53423364955551465166885304616387852      
   2.56856969539414528328763178903306296      
   2.60337058504502071316658100695220956      
   2.63864269775145591378453018170579195      
   2.67439249992627543497711438029942022      
   2.71062654637651001280090910143787146      
   2.74735148154402579571009060978498808      
   2.78457404076224252371159765221095277      
   2.82230105152909374763796219458356725      
   2.86053943479637855376420482148932304      
   2.89929620627565036909639247833849124      
   2.93857847776078404944494399178310472      
   2.97839345846735774536982131001830342      
   3.01874845638898088164998050902824724      
   3.05965087967069397625895672076989306      
   3.10110823799955993367308310638960991      
   3.14312814401255984574564351247927191      
   3.18571831472189919091026273369940340      
   3.22888657295782260713056317045886756      
   3.27264084882902709215268172841060927      
   3.31698918120075452088493258170277423      
   3.36193971919063472696265376494373469      
   3.40750072368234003470093203018346044      
   3.45368056885710100765341278348814822      
   3.50048774374312125776038490311768936      
   3.54793085378291638928139190095832349      
   3.59601862241858848677874660807710775      
   3.64475989269503294636679414897366954      
   3.69416362888105884177887602395767636      
   3.74423891810838735641698793091996680      
   3.79499497202847504091568232738270100      
   3.84644112848708971626409928999518387      
   3.89858685321654666248470862975741428      
   3.95144174154549135371637706501656701      
   4.00501552012609144399687464862844783      
   4.05931804867847851019239922253053997      
   4.11435932175225079480615137823868822      
   4.17014947050482414786358363583110796      
   4.22669876449638726642455279640651546      
   4.28401761350118742915770902366176316      
   4.34211656933483783783679607195671819      
   4.40100632769730925438837662147316356      
   4.46069773003122196728367491618325735      
   4.52120176539502434103539817037420029      
   4.58252957235059783335101333647875219      
   4.64469244086478625566392375548077285      
   4.70770181422430061534820688161983752      
   4.77156929096340208905724120195849209      
   4.83630662680371396145881207573684246      
   4.90192573660545882569697735218630542      
   4.96843869632935966985209794080194072      
   5.03585774500838256919316892443070373      
   5.10419528672843451993096021289482211      
   5.17346389261706194742247283081363409      
   5.24367630283912441527967236858017141      
   5.31484542859834009887634150830039185      
   5.38698435414352656363473513759645001      
   5.46010633877826661573853816352371389      
   5.53422481887264963837012815760603326      
   5.60935340987564085547317551408414766      
   5.68550590832653439856425308137485381      
   5.76269629386384269652913078818015319      
   5.84093873122986610123706471163785989      
   5.92024757226907289108852147969406482      
   6.00063735791829684920946446981274517      
   6.08212282018664068883186588529929623      
   6.16471888412282969563728530499055169      
   6.24844066976763039947508512345951576      
   6.33330349408879710895826766957277875      
   6.41932287289585708454568958869003408      
   6.50651452273188165034306079563159971      
   6.59489436273922494689123978169448977      
   6.68447851649602856713769924213464173      
   6.77528331382010801799739279700642071      
   6.86732529253663936613267234558605551      
   6.96062120020585889059433751996153836      
   7.05518799580677542558295412125159769      
   7.15104285137266786812063823759402267      
   7.24820315357390536122242857352348031      
   7.34668650524338170529371020303776021      
   7.44651072683959386834732100625646556      
   7.54769385784213198663942900970176047      
   7.65025415807405542848956418599386952      
   7.75421010894534131607416869506513293      
   7.85958041461128442508807430853468335      
   7.96638400303939873304304132737696367      
   8.07464002697804015365802019361583010      
   8.18436786481961905246398736602272660      
   8.29558712135090126420646640754699663      
   8.40831762838251946420236003397752552      
   8.52257944524941393781299499454079175      
   8.63839285917351788926478526719896786      
   8.75577838547955567124642354565426823      
   8.87475676765439240337530622021743931      
   8.99534897723989010523207445578109368      
   9.11757621354875716967824600918726908      
   9.24145990319235940215374144640603636      
   9.36702169940895469887135016068778585      
   9.49428348118025603250095408738988390      
   9.62326735212368278898218901663376978      
   9.75399563914706369251922110024131025      
   9.88649089085196606738676478167144034      
   10.0207758756711980032093559316938970      
   10.1568735797253868436835108237792222      
   10.2948072043828817762156944650719968      
   10.4346001635065362980033985672100719      
   10.5762760803702280843545937779921091      
   10.7198587842272499643230791101262611      
   10.8653723065119584848509625541268550      
   11.0128408766553062926579927300018584      
   11.1622889174941014717421106741076671      
   11.3137410402530363230799935727847237      
   11.4672220390777114313848454103866371      
   11.6227568850960471244061445160247282      
   11.7803707199846261707026304652958064      
   11.9400888490156505049494795364011400      
   12.1019367335593224637011506975935439      
   12.2659399830155803855345200425041929      
   12.4321243461482247475335151920756985      
   12.6005157017935935452684158499893065      
   12.7711400489150311546086718483219407      
   12.9440234959735308445028607464508405      
   13.1191922495840276895805026544982601      
   13.2966726024259677926731647653366792      
   13.4764909203759112738096602296217916      
   13.6586736288291166148661934058221981      
   13.8432471981762396186932840828800818      
   14.0302381284005309565459074621259210      
   14.2196729327602023754651603641323203      
   14.4115781205199694790628678484546210      
   14.6059801786951843711368459642664714      
   14.8029055527714770933830295235013127      
   15.0023806263623717649627804488263278      
   15.2044316997670368442453449429461313      
   15.4090849673901493156569274672246209      
   15.6163664939857402736261872639881338      
   15.8263021896870364447665289624601706      
   16.0389177837845398758564554601113428      
   16.2542387972150781758676937798347259      
   16.4722905137252393372159237468761742      
   16.6930979496735441527348926895694980      
   16.9166858224369436443253046389591537      
   17.1430785173887444452245831858571291      
   17.3723000534169576088172374383781335      
   17.6043740469543220823617438441821829      
   17.8393236744939410026051847682578292      
   18.0771716335676213810276851963907449      
   18.3179401021676770389802281552234204      
   18.5616506965971639345987683613827613      
   18.8083244277383709602441068958354733      
   19.0579816557348759150068638288912483      
   19.3106420430887032637529713922616217      
   19.5663245061811075600959281558555461      
   19.8250471652333482135067976926762874      
   20.0868272927325283674046347870900854      
   20.3516812603572404956864807900440646      
   20.6196244844484251097575712555740684      
   20.8906713700825533627622626820443322      
   21.1648352538170380214083859309611396      
   21.4421283451916896463552038796435511      
   21.7225616670850682339735229206370515      
   22.0061449950407658727750926714463939      
   22.2928867956959433149699029147969644      
   22.5827941644627953058334865009649539      
   22.8758727626329872502795231498691233      
   23.1721267540953209743281948268976297      
   23.4715587418778619639308536875848348      
   23.7741697047472236672969038108152868      
   24.0799589341194589700408264342305540      
   24.3889239715586844333075870776369535      
   24.7010605471607889941103165741162442      
   25.0163625191399007927702144674436678      
   25.3348218149541474034929666138315746      
   25.6564283743240033490129884973461971      
   25.9811700945105228259602904114715997      
   26.3090327782311503482658420752740429      
   26.6400000845967664128953701975584966      
   26.9740534834541931553748004089121152      
   27.3111722135126052014052933778233386      
   27.6513332446190388895754417736363466      
   27.9945112445265336400783735897864741      
   28.3406785504671895693498694284193303      
   28.6898051458006605843295313829420173      
   29.0418586419553075946234701483998400      
   29.3968042658135861916557042995711220      
   29.7546048526145439093350629520925828      
   30.1152208443540335474241368233510574      
   30.4786102935571781801588518406776813      
   30.8447288721777823854063882121046767      
   31.2135298852462062995698220889174965      
   31.5849642887415313084895752071864358      
   31.9589807110070314975849290066414690      
   32.3355254768619656658748998376145110      
   32.7145426333902164952668644265227308      
   33.0959739762108585071479511580593135      
   33.4797590748618926808578752001271570      
   33.8658352957619277952155668451090340      
   34.2541378210628192907185846597623032      
   34.6445996615781708586748933287830223      
   35.0371516618793363696495110999078964      
   35.4317224956055733372491977370316264      
   35.8282386490544643520256908086458353      
   36.2266243912215984820127059516004266      
   36.6268017286664611606939264743366097      
   37.0286903439185627271630736197380505      
   37.4322075166293614425710145361391562      
   37.8372680273465327984071473282015388      
   38.2437840446595497418638866473574740      
   38.6516649975544752702764223843790085      
   39.0608174361245656085369501967176921      
   39.4711448852968611073011586540044725      
   39.8825476979136419434155701672531041      
   40.2949229152798036578245049565036721      
   40.7081641450440795831555303158324556      
   41.1221614678752056688685048872564337      
   41.5368013856385519231231021040007463      
   41.9519668244629574829720216677225971      
   42.3675372059925611880447964944684084      
   42.7833885990457732907471523581265703      
   43.1993939617099590479265437115520260      
   43.6154234805354043183637438096070406      
   44.0313450090309109205528808504924387      
   44.4470246023273592795077725847909792      
   44.8623271390319169608889607578272654      
   45.2771170154311020897034421068398683      
   45.6912588918698484714327349251608824      
   46.1046184668857246838499536335742228      
   46.5170632519778138201420630014614665      
   46.9284633190474448234675600016947347      
   47.3386919936664600973809090244143900      
   47.7476264702903428848066437870676472      
   48.1551483300202950338382760721437543      
   48.5611439470640295308180043631000927      
   48.9655047761069145793562609568439302      
   49.3681275188405597529814103463062149      
   49.7689141734289075198535333008130161      
   50.1677719753608883911938585209252165      
   50.5646132417194004745891168022256041      
   50.9593551333021069422812014968335380      
   51.3519193502931142427094067050364765      
   51.7422317774291794371123599071458341      
   52.1302220940101099893927487063944874      
   52.5158233628767019893748000015870577      
   52.8989716108271092880037213465262280      
   53.2796054110514643133929968665528286      
   53.6576654761925504908700119165616731      
   54.0330942687103056845159380317020757      
   54.4058356334282648230143774780512963      
   54.7758344555276788684758932534420975      
   55.1430363458606698834015128649988677      
   55.5073873542877269044721108742373634      
