   6.90666444899362527997632492507787082E-0003
   4.31165559592140324664100393142556468      
   4.37043359135350163070318778857329663      
   4.42999382126318742852720147900341377      
   4.49034722420635018654803164947320709      
   4.55150488096485410280677607461158738      
   4.61347801669851894600442648696397926      
   4.67627800312205300758021690687413405      
   4.73991636070749901756738089504307588      
   4.80440476091275119899863774194421592      
   4.86975502843669934754119276575009707      
   4.93597914350155396942624280897159717      
   5.00308924416290505992839061502697912      
   5.07109762864806602654015151794189676      
   5.14001675772325352687716521327891880      
   5.20985925709015357380111075898366944      
   5.28063791981242413293872582859269368      
   5.35236570877268457537466462546782112      
   5.42505575916054272633617829211075426      
   5.49872138099221084545069368429615819      
   5.57337606166226266256380532048034798      
   5.64903346852808455260916678419905062      
   5.72570745152757504151098251684983578      
   5.80341204583064807079961486536332310      
   5.88216147452509517457146800787911684      
   5.96197015133737447575787222629403142      
   6.04285268338886185631864795249311273      
   6.12482387398815801532463987086132385      
   6.20789872545998976287789396584565782      
   6.29209244201127964151018813584395450      
   6.37742043263494808723613461992293210      
   6.46389831405201544940765611604298758      
   6.55154191369257260297509993371593716      
   6.64036727271619020854494742636039501      
   6.73039064907233788268441367657367217      
   6.82162852060138560893967597227218098      
   6.91409758817676062395533642276392451      
   7.00781477888883372704401459517489114      
   7.10279724927110945879783035642451742      
   7.19906238856929484711996818508509505      
   7.29662782205382139858254171931116358      
   7.39551141437639468933176369137284374      
   7.49573127297114525166605671850855911      
   7.59730575150095342737460988973543941      
   7.70025345334951943297982991036116618      
   7.80459323515974801968412726091823949      
   7.91034421041901477495435580272566651      
   8.01752575309187826442363624626579058      
   8.12615750130079881144010334637406223      
   8.23625936105542261792377240003260451      
   8.34785151003097217068480331435745374      
   8.46095440139631731779138827259468156      
   8.57558876769223171979972309054382382      
   8.69177562476039516367562173597311513      
   8.80953627572365754160295457967308244      
   8.92889231501808383605779448180121183      
   9.04986563247728820206269236968559661      
   9.17247841746955467982337713239659336      
   9.29675316308823029973366566984029939      
   9.42271267039586369956327555460009615      
   9.55038005272254816069606797329509168      
   9.67977874001891267245191925755948524      
   9.81093248326418786536243665434180382      
   9.94386535892975542284160934250215195      
   10.0786017734985697844375200957662312      
   10.2151664680408194986733414155576341      
   10.3535845228461723704583538845230624      
   10.4938813621129234731743303039913186      
   10.6360827586943380494962156173344798      
   10.7802148389024521928760308905340162      
   10.9263040873695628626286247360671377      
   11.0743773519676051127780290980962461      
   11.2244618487855782748735915463364810      
   11.3765851671651440877212509351324901      
   11.5307752747944782651645236781145513      
   11.6870605228604125820309264762506003      
   11.8454696512588570756920809841644261      
   12.0060317938634412357813470778624487      
   12.1687764838522589083552107754898923      
   12.3337336590925438829759675639937789      
   12.5009336675830415778583226924843481      
   12.6704072729537766530753030467115968      
   12.8421856600228468995782254613038420      
   13.0163004404097971929898426080424549      
   13.1927836582050551581252974732242551      
   13.3716677956948150831199919792757381      
   13.5529857791406784805566468164511020      
   13.7367709846132586158797965883211749      
   13.9230572438788591447625543269007314      
   14.1118788503382229729695872338593318      
   14.3032705650162550767622240197877827      
   14.4972676226014713936719434775955839      
   14.6939057375338291083650440537161515      
   14.8932211101394429583907933435559442      
   15.0952504328105553309077522053125127      
   15.3000308962289769998816723652644718      
   15.5076001956310567894360339063650987      
   15.7179965371120703747411392461447403      
   15.9312586439677411835151763946054917      
   16.1474257630704189270193183076063083      
   16.3665376712772433498777990043997871      
   16.5886346818674121897756206919081740      
   16.8137576510054513291230367001443104      
   17.0419479842271543496589351978855592      
   17.2732476429446053213481099019762741      
   17.5076991509664613318128891971884610      
   17.7453456010293665011502490314520688      
   17.9862306613361113247029165122196067      
   18.2303985820958327802878204207734830      
   18.4778942020612367953338225144682737      
   18.7287629550574887637196750615854988      
   18.9830508764970648290204603128230445      
   19.2408046098744868960376948090057097      
   19.5020714132344647599307595268914212      
   19.7668991656065822387035641272227129      
   20.0353363733991965108211772412192911      
   20.3074321767447987982940266512434278      
   20.5832363557885906041143699261115319      
   20.8627993369115355247734911632426106      
   21.1461721988786153636149475858026985      
   21.4334066789024810773965292905070927      
   21.7245551786120928431975225369375872      
   22.0196707699153510584915265902708687      
   22.3188072007440779399311851231546796      
   22.6220189006690413944315969398749972      
   22.9293609863720201331446008940676898      
   23.2408892669611705713920742721805725      
   23.5566602491151924239728928639513095      
   23.8767311420409905422045581598727193      
   24.2011598622286800721287932703335140      
   24.5300050379869289565781442815307223      
   24.8633260137406801425910836044800757      
   25.2011828540723592772410482589616834      
   25.5436363474866743815362415027377188      
   25.8907480098780458823898843139751317      
   26.2425800876786304993885656292514505      
   26.5991955606637619205079589395738615      
   26.9606581443904291086710158245277398      
   27.3270322922431882586576701104269549      
   27.6983831970605952978922337322575755      
   28.0747767923139331401105521183966448      
   28.4562797528085559315508765233763718      
   28.8429594948767753109697452157066797      
   29.2348841760296428420042419812885575      
   29.6321226940334608014542995298586214      
   30.0347446853751680569996597008196201      
   30.4428205230791027713318880222353052      
   30.8564213138358321056281007840171200      
   31.2756188944019690641921143040597526      
   31.7004858272279570006874685757842595      
   32.1310953952688897190069855404321846      
   32.5675215959313935104304067780051649      
   33.0098391341075072419714101772824653      
   33.4581234142443657727010070114839893      
   33.9124505313962429685110453434327360      
   34.3728972612032412741524297784743546      
   34.8395410487385623840500071079103453      
   35.3124599961638650757656283009122767      
   35.7917328491297454511384763725060407      
   36.2774389818558297831618596908499190      
   36.7696583808223680500099791115503490      
   37.2684716270025621520007475837565685      
   37.7739598765621531543199696770803654      
   38.2862048399500350547835490122113649      
   38.8052887593008641410858084933037028      
   39.3312943840677980070287397671790168      
   39.8643049448006362529871901381386284      
   40.4044041249817304294839243742460202      
   40.9516760308291790221223515124652437      
   41.5062051589738512524781835070463101      
   42.0680763619139752446342974259652348      
   42.6373748111480899911366336271193421      
   43.2141859578843953261877854873442066      
   43.7985954912217116398813957462708257      
   44.3906892936946289983151285689221429      
   44.9905533940727787607531732693602621      
   45.5982739173017256087741992519092417      
   46.2139370314706577202617711834300413      
   46.8376288916899008069543205074775193      
   47.4694355807593492061947493838660333      
   48.1094430465073005534948459513792640      
   48.7577370356777082361290364586855628      
   49.4144030242428697437973710645749322      
   50.0795261440179852758850142684800142      
   50.7531911054536558892851086079614349      
   51.4354821164828684454912191279955519      
   52.1264827972997545965334802453618626      
   52.8262760909490040715700047844628639      
   53.5349441696070278459517521773475545      
   54.2525683364390184963884012411008668      
   54.9792289229200668440572400766172404      
   55.7150051815134194469798953540356743      
   56.4599751736051122286560216747289270      
   57.2142156526015467676756674935920984      
   57.9778019421053082584668504968379480      
   58.7508078090947694883399768882699131      
   59.5333053320449503766857415044761225      
   60.3253647639407827874459971744939767      
   61.1270543901497056207933474114652860      
   61.9384403811383467237723074438965548      
   62.7595866400382856071971570248502714      
   63.5905546450885995703117665065305155      
   64.4314032870083816938970925011979286      
   65.2821887013807171940650630580427800      
   66.1429640961610316109810625676432084      
   67.0137795744573816067121065806157309      
   67.8946819527682984289773537166440867      
   68.7857145749053735695772542756237123      
   69.6869171218729913506544126088415357      
   70.5983254180264717604139494920704097      
   71.5199712338824890865190511822007740      
   72.4518820860118157736521844730901411      
   73.3940810345040847439588311281361017      
   74.3465864785572085634084502370746531      
   75.3094119508097931665666331874172912      
   76.2825659111030513827752744846507108      
   77.2660515404284769187149373851496829      
   78.2598665358882416526326859112492936      
   79.2640029075657244082496580023200967      
   80.2784467782725642308585288658777859      
   81.3031781872046775765031970191919196      
   82.3381708986009790613521414949526199      
   83.3833922165530108842922126163751366      
   84.4388028071591991843709438372826973      
   85.5043565292512386318639867446406364      
   86.5800002749394908419099531420651193      
   87.6656738212261277549681013289643706      
   88.7613096939159669045672034779258542      
   89.8668330450118763911201857643181248      
   90.9821615447112343302547141668060470      
   92.1072052890183661003870756423628311      
   93.2418667238521468990709769945615547      
   94.3860405863547496825262779822994869      
   95.5396138638941551228810389736061404      
   96.7024657709972677053389545943008925      
   97.8744677441506090291284446758909374      
   99.0554834540608290855162684822024610      
   100.245368834577792752570761689340207      
   101.443972127050170473601921788981864      
   102.651133938409976752591119423355924      
   103.866687310772852367151019271584785      
   105.090457799801388414093424472247179      
   106.322263558518203609617309386198863      
   107.561915422685290148230841263692778      
   108.809216993301151212788094400413246      
   110.063964711226265334450592246604360      
   111.325947918454162694835400144227471      
   112.594948900129055290693403318544826      
   113.870742901107843201360911074700674      
   115.153098110718113346059892645352770      
   116.441775609427009144083495128098970      
   117.736529271470195066541294342701388      
   119.037105618165998772255261041593980      
   120.343243617735328863279989264148658      
   121.654674429045424688355797242452252      
   122.971121088876231594823228816654993      
   124.292298145143536661057631603911789      
   125.617911242052044628398372749231782      
   126.947656667404838227745088139332501      
   128.281220877214798598728765625514537      
   129.618280018219336316100603043572588      
   130.958499474659361887929641108636922      
   132.301533471393258645255473526455476      
   133.647024770594418423822640883583419      
   134.994604503325293750150081838002424      
   136.343892179504611819659070420098442      
   137.694495919475823861145588607022321      
   139.046012946898763194928245163911358      
   140.398030375557366905761267062544107      
   141.750126311740064034682167381222883      
   143.101871279350460491796862764100427      
   144.452829957563917658400260900570702      
   145.802563201853730122889122462938628      
   147.150630300151081791536186847229575      
   148.496591398577007532156388506772871      
   149.840010017378605222512349309116216      
   151.180455568927894915461704754749786      
   152.517505786904195676269570005507886      
   153.850748979415995316487954329346786      
   155.179786028443614375621592307969863      
   156.504232072565958859974397234467204      
   157.823717827958095975158514180075290      
   159.137890522347472382907848109742765      
   160.446414436231819197189583625495192      
   161.748971063643949439523983227642308      
   163.045258919922887271380040193006958      
   164.334993035588051542414629607233195      
   165.617904183231847562413904864708997      
   166.893737888452621288805571791368570      
   168.162253276644833170615169698223979      
   169.423221805532857465526433295782093      
   170.676425929349281465468100005157936      
   171.921657735188105186012094376210246      
   173.158717585917259018527239816296684      
   174.387412797625789095327538728825441      
   175.607556373308493474676798603031740      
   176.818965808641860674796726803666727      
   178.021461980464956322546653073686825      
   179.214868124047177121054916811246329      
   180.399008901435112439534360341271446      
