  0.391825770291958785816302463276659014      
  0.388862777846680916539810123210643668      
  0.385863586431042797980829080455034683      
  0.382827115154075028122087930919880993      
  0.379752231344628274866478824643267658      
  0.376637747105302538582405201031713797      
  0.373482415567915669911478796698169665      
  0.370284926818268485407475669374770051      
  0.367043903453750414911374509681944033      
  0.363757895732464273127927906401288758      
  0.360425376266913747876620714006540341      
  0.357044734208750789743948467674973060      
  0.353614268863450144257516538745509978      
  0.350132182664855548368442506000966187      
  0.346596573429070917648655608227921712      
  0.343005425794836422849668533057144982      
  0.339356601742946957577552914793750869      
  0.335647830069960143962713231442929548      
  0.331876694670792334573289067637494897      
  0.328040621460199690328157982957213507      
  0.324136863733124904721803289928178009      
  0.320162485728494656378211316426366994      
  0.316114344116944695050407851025293327      
  0.311989067080015469915838356318431449      
  0.307783030582908238898642874129346465      
  0.303492331362206587909615329255378996      
  0.299112756049705380622197498964965416      
  0.294639745728106464439692789554430714      
  0.290068355056458596768194659986335613      
  0.285393204902950130676021667428457303      
  0.280608427166632747553083999793142306      
  0.275707600139590514406107471038609175      
  0.270683672331736538644476250052696753      
  0.265528872116566950915506114828690591      
  0.260234599807966496436444891924479417      
  0.254791297774065999134717879815607050      
  0.249188292830251824512181183977868547      
  0.243413603276163064909315447068064318      
  0.237453700320138734747501366400582991      
  0.231293209915847583380298904804085551      
  0.224914535667803280238966644822025665      
  0.218297375563082601946320751878185314      
  0.211418093410594413966197440713359266      
  0.204248887581857856806285760218230792      
  0.196756670716130384716062218340766460      
  0.188901526856282122311993788408163048      
  0.180634532729370688005478087306695488      
  0.171894589504129517333215521917303506      
  0.162603652113213655179890754525607339      
  0.152659236271926038667912414469626378      
  0.141922020436683510002627642490547092      
  0.130193929120316892862098593537936026      
  0.117175865188474329685129200197219786      
  0.102375746069684793787394397575159156      
   8.48688027708006793609796239083029118E-0002
   6.24443418137032558641091855534450229E-0002
   2.49010483949838651597378522416880880E-0002
   9.86322059231383265785119166044894741E-0004
   4.51388850662703129881226577005298554E-0004
   2.92039965077227230537641266064586264E-0004
   2.15640977968177358763018048875556365E-0004
   1.70881896393491430358546436048359857E-0004
   1.41536851724393189479656693633139282E-0004
   1.20855047913093602350327538487091485E-0004
   1.05525519721608822774139216091521627E-0004
   9.37336641858979065900947265147552007E-0005
   8.44016434834283545458510646432250505E-0005
   7.68488548441926610977950553427476282E-0005
   7.06243205787279392395094903601687344E-0005
   6.54173429047523111232990532670813528E-0005
   6.10068661578422074801673559936843799E-0005
   5.72312999942120496309040902535552048E-0005
   5.39699747775574536422367241403557315E-0005
   5.11302458731815179590417218113865684E-0005
   4.86406930103388619722860348065718174E-0005
   4.64448576143798252666951864382989500E-0005
   4.44976270992035613801011290801824925E-0005
   4.27625195343563851573572952675321936E-0005
   4.12097135813794788026232763865449338E-0005
   3.98145957309326526345993760004172817E-0005
   3.85566726459441457725613838387680698E-0005
   3.74187458809909388818503392945301958E-0005
   3.63862777965504855649782197016368766E-0005
   3.54468990457261563948748681983359339E-0005
   3.45900215743138870772802049317004143E-0005
   3.38065321635695030088432848098144462E-0005
   3.30885471008333299663435387786067798E-0005
   3.24292143651241905462275558875159286E-0005
   3.18225528404420237269250510555291090E-0005
   3.12633207547810643763476083210676655E-0005
   3.07469072484257898090065476503882942E-0005
   3.02692422388952969448440975312752002E-0005
   2.98267215963386135966429907480793882E-0005
   2.94161440859185846075688159284259244E-0005
   2.90346583488414473284143675918682163E-0005
   2.86797178276853036900045598396844296E-0005
   2.83490426415401242078998953714501783E-0005
   2.80405867314062633460160764250798514E-0005
   2.77525097440552431134619503048520431E-0005
   2.74831533947712247834134836548069504E-0005
