 0.50518855410852E-04
 0.50710957788681E-04
 0.50907656153145E-04
 0.51109149620756E-04
 0.51315649862534E-04
 0.51527382150247E-04
 0.51744586511936E-04
 0.51967519010542E-04
 0.52196453161538E-04
 0.52431681507887E-04
 0.52673517373485E-04
 0.52922296819648E-04
 0.53178380833197E-04
 0.53442157779430E-04
 0.53714046158977E-04
 0.53994497714343E-04
 0.54284000940105E-04
 0.54583085060701E-04
 0.54892324551709E-04
 0.55212344295248E-04
 0.55543825478112E-04
 0.55887512363405E-04
 0.56244220093954E-04
 0.56614843720031E-04
 0.57000368686826E-04
 0.57401883071353E-04
 0.57820591927289E-04
 0.58257834184386E-04
 0.58715102662704E-04
 0.59194067909626E-04
 0.59696606761323E-04
 0.60224836786679E-04
 0.60781158114380E-04
 0.61368304606864E-04
 0.61989406977486E-04
 0.62648071322779E-04
 0.63348477769306E-04
 0.64095505681669E-04
 0.64894894404044E-04
 0.65753452223931E-04
 0.66679331820812E-04
 0.67682399002306E-04
 0.68774734928263E-04
 0.69971333606780E-04
 0.71291092273113E-04
 0.72758253790379E-04
 0.74404570088085E-04
 0.76272660984048E-04
 0.78421447491068E-04
 0.80935389228744E-04
 0.83941187740924E-04
 0.87640457560655E-04
 0.92380629965070E-04
 0.98832883263539E-04
 0.10854903567286E-03
 0.12654747020141E-03
 0.20039702535965E-03
 0.10070383371031E-02
 0.14893241935069E-02
 0.18531569390462E-02
 0.21592295154370E-02
 0.24294740595853E-02
 0.26747773694805E-02
 0.29014771196595E-02
 0.31136438020565E-02
 0.33140736756348E-02
 0.35047843700181E-02
 0.36872873636592E-02
 0.38627490161270E-02
 0.40320912439245E-02
 0.41960573676096E-02
 0.43552568051043E-02
 0.45101963622136E-02
 0.46613027242645E-02
 0.48089389936955E-02
 0.49534170918394E-02
 0.50950072216143E-02
 0.52339451991518E-02
 0.53704382124482E-02
 0.55046694003241E-02
 0.56368015338746E-02
 0.57669800061929E-02
 0.58953352826513E-02
 0.60219849259570E-02
 0.61470352826952E-02
 0.62705828979409E-02
 0.63927157095872E-02
 0.65135140628448E-02
 0.66330515768749E-02
 0.67513958890233E-02
 0.68686092970992E-02
 0.69847493162324E-02
 0.70998691637636E-02
 0.72140181831961E-02
 0.73272422162894E-02
 0.74395839308266E-02
 0.75510831103234E-02
 0.76617769109316E-02
 0.77717000899517E-02
 0.78808852096854E-02
