   19320754766.8703092052862992458319016      
   604080327.337215862361949103210478219      
   370640703.738725012912748343339482563      
   169027149.886258919301385579140949091      
   64928695.9615381406932480078988891278      
   29511673.0835294925118658321373322399      
   16890221.9710421261436724825873539239      
   7937541.94481416049512563787598285358      
   2834286.30744987609827504816122048183      
   1341963.60915030875070655013409375850      
   705871.794086584155568375523480688732      
   162380.168996754240901718252578783168      
   41630.7416548370433696943556396557676      
   74748.7663880414348996903686756076773      
   16672.7455051080206681643578554241672      
  -6361.65234703882988720823248969480880      
   21724.4985147691851046886976081366575      
   8966.54920124203494295250712658122742      
  -11815.2001536374791034955166071615378      
   7372.86507662899330324111909189115928      
   12154.6346354340423070897787917022559      
