   649.922657506158714837172065876969980      
   576.878956895541085737620087865559310      
   426.084214226669494618834442411535614      
   290.366416323013535963940243456324380      
   193.846875750037585619275751085680827      
   117.998157014142562569706162472907556      
   63.2932134370117044015303479769318597      
   34.3295799284875681950862458499780101      
   20.6445452956017518149143841800954644      
   10.5742995962747322155253584687827083      
   6.12043693163920754910325332906844716      
   4.73731709603545759570018991122578400      
   3.70621219144002016593560130332766570      
   1.96687133849255494432943014680793864      
   2.13582319562218110028165238746819272      
   1.42203398154179895820964329213732068      
   1.01536431670258026698045426138795685      
  0.497822712101877284728952926712504555      
  0.912732618567569507946285291851195601      
   0.00000000000000000000000000000000000      
   0.00000000000000000000000000000000000      
