   625.163678748419762904674373800430000      
   553.770631161364011880308742441118332      
   402.127530339006347623541775137103500      
   267.399095564091128542649543519098390      
   167.730046457268668005207848439116791      
   99.6942258754259076913883076736083582      
   40.1897398708521878739008996090558607      
   11.3509056255720472536134111218583728      
  0.902524887839398334435597291552736969      
  -5.84369820951836914355469601942674830      
  -15.0099515724791044525683036905394678      
  -11.8485895852176474354178711776601682      
  -11.2669259395558127382544810853816978      
  -10.9412357627762672131076830540202847      
  -12.5314704400188909575586054808416024      
  -9.24862651458925066030334448679193920      
  -6.69734763780111380269853614993299946      
  -6.15585906274947267843570999929870624      
  -7.73534857243740412313845449338211620      
   0.00000000000000000000000000000000000      
   0.00000000000000000000000000000000000      
