   28628842588.6674190675076487643185659      
   6050333623.07525545642527848984855165      
   1527345610.23496708256241233018254352      
   162940380.261904333494095451306635930      
   252431066.079409155063606241874528067      
   173727562.798184657490898190354653325      
   123107124.171689785745429509530720916      
   93842730.0165449951369502210639566077      
   61540710.5003188110886443696719217115      
   44813202.6050854301256587417995270561      
   28675641.5654590092815199996630535822      
   19099257.7649390742755352941496327987      
   11578338.8672684285166136886698963803      
   6794181.49223222787694260071759283602      
   3767789.94317115107431786977112966224      
   1842173.78067482254391488136124509933      
   890134.514810016449573084410558160273      
   317464.921070264219114219334243999819      
   136699.872502341017397067964279385211      
   49253.1360209833271494085402960428263      
   59336.4141950969779409112523579980694      
   71218.7185915246590282565505624795975      
   79057.1571842813950027705896091163223      
   77015.2425260088377057917932051235223      
   59055.4737100757522319165458392991039      
   40830.4582945788394143392874883208335      
   18214.0250968616380795536446957644865      
   2271.29316167107965769624671610230013      
  -9919.72414565881716600913396427332436      
  -15380.9963652191102583836110015673893      
  -16300.7670830421014632004674283101987      
  -13976.3133719068635140653438876591007      
  -9737.25516505140827294995680603988704      
  -5481.04108590960999824663471120334533      
  -1616.18313713335047246644356647168454      
   902.918126223384959442887066713344470      
   2308.91184576846266546631989889356616      
   2558.63447123906028102318967935869326      
   2088.25877298455470453083548682271234      
   1209.11396279767582060293337182012663      
   236.941822487762237282168043323758090      
  -583.460801910919803283707780937551355      
  -1156.34993361995611094134526688858878      
  -1421.61010220626911279844840645251093      
  -1439.23043933892643796512059982433794      
  -1259.50387010359803056461664510083423      
  -988.490439314764539725131597072383987      
  -684.079123919197862375582834819646816      
  -415.561198009225735512654913955629395      
  -221.297607036521161066877366605199572      
  -65.4129126587025373676336857966631478      
