   28628826655.3631567011846351585137006      
   6050345141.65829715390068142798987044      
   1527340034.58931452031381706502422203      
   162942458.044868515706624524241454325      
   252430766.634420013355516639582224050      
   173727317.776478318558414546306316138      
   123107483.849930281040361998751694822      
   93842426.0932528759607841537984414746      
   61540905.1528676930596937780667398006      
   44813076.7185667004546680836994584443      
   28675694.2256641969571890740888073415      
   19099231.7574166719847555084685825690      
   11578337.1266795047363031548021244125      
   6794189.08131241348832728165895225874      
   3767779.19577868979288550945611506998      
   1842184.86879005793007080223269791903      
   890128.126921054177748595653663386537      
   317471.090515108705238080355892765462      
   136698.144371890971043977030771082964      
   49254.7970864793294344251183781567773      
   59336.7938704084530327778297138140043      
   71218.1873174447295478227307222547580      
   79057.8576794748997273607061968972419      
   77014.2583090997649992245939854539022      
   59055.8906147636362327179411048065913      
   40829.7867000989751532877475654516028      
   18214.1775825647500161548960120508550      
   2271.04104165760137530259823105561325      
  -9919.68171439292796618446160636642289      
  -15380.9905342319429445933850727813743      
  -16300.7439358651495764818094370974502      
  -13976.2297320622347392888160034672604      
  -9737.23261812563443663289620933969854      
  -5480.98116015899496803556535593351334      
  -1616.16833031206773993727579307593889      
   902.931235750891611912455568819522873      
   2308.91608731753529456656294221925482      
   2558.61870694355064114608410171415395      
   2088.25797257242064229279200235990374      
   1209.09344246426474171230412335452161      
   236.942560024328392340900075079227303      
  -583.472904796255541095956852497936594      
  -1156.34538655172022696338660438050479      
  -1421.61270431524426777270797357568065      
  -1439.22394276867278315377170035466082      
  -1259.50168923979355209393813242874602      
  -988.484997503946400554360579490273330      
  -684.076522846482553554994810664501408      
  -415.558553430445675973854212662566510      
  -221.296005791353065620971542188696515      
  -65.4128488905611268213156771790428801      
