   592977.916710285379027650896511844330      
   501493.862096428412859052883508248288      
   323082.465481354911352904944357875624      
   174971.782309134190318026757965401683      
   95955.0180251594415603977703404142936      
   58529.2087421974986965755959443408366      
   32015.4672784551979584062903014666167      
   13452.3090532987000430215054958022118      
   6310.26679445376441880503431184234012      
   3794.52402931250820872697632769939044      
   1389.94503550082338699411851053820670      
   235.989964387433724089041536605831428      
   456.727426506769813473089270738566988      
   358.367233948112437474881206673278369      
  -18.5833026084216124173426506397180775      
   11.9695467960039584077584387335069316      
   160.568641772420870424546583830073435      
   2.50306323012233845595764718206771916      
  -102.857664715401490022746263814509508      
   67.5535101932389696315016973295503910      
   0.00000000000000000000000000000000000      
