   19914726766.4620235097010437222743678      
   516801351.596210590570350971036503540      
   308667609.927462139112534260089770629      
   150664004.240669925348557137349976715      
   65398346.7058214731496387359571535098      
   31375615.0009838459270459173474652341      
   15821078.0064615769900678099581654962      
   7350431.19630650886497657538212085688      
   3156581.95228310755890730270006181632      
   1400811.12966732510281336179384290181      
   587949.693223185340130038599707054601      
   237916.197379900164588739640122519171      
   117625.979448126353031691740705168236      
   63740.4191228657890138089660307761990      
   35104.6803035952722888493301639252976      
   24210.6389286033387256884508759451577      
   14894.0756684559986058019100552013533      
   7014.77127690388651218341778616905041      
   3899.81296124767497693659760422757728      
   1897.71888266521794487593143856312114      
   290.294537381695653139416455190624335      
