   625.282193447928760051042560215426086      
   565.000987928654027809320701342444149      
   426.328216375109105689522237922920116      
   297.585832249683889057248333671623326      
   195.294581727828244657385608384914166      
   119.885030482758269663820214869706134      
   68.6023271665615173460066357565262532      
   39.2634191793308274328687673892369683      
   22.4895210665627322773963960264025651      
   13.0764051331584416576710880444803955      
   8.09523933679733507777413562081984968      
   5.24594772624091530715649629138951843      
   3.27743291430836642499397772993860189      
   2.05283816781468419147123048599062180      
   1.20828936904298045009846084727276658      
  0.619050195239841690984242127699893740      
  0.277007649105886666738472448394819705      
  0.128201640193287541631223911988380351      
   2.17892538630198539664401666563864943E-0002
   0.00000000000000000000000000000000000      
   0.00000000000000000000000000000000000      
