   590915.795222208975256713616557836809      
   503575.910794307445608099969427036242      
   322320.838512333832480831697337177828      
   174192.107095313572597286665697848431      
   96961.6002233847285585797162080932756      
   58741.7931613156965898937116243647586      
   31373.6504216625451272273567742740306      
   13712.7836816323834021136547168508841      
   6681.06473141259226018528468294294835      
   3628.59465192590514650426889096146160      
   1313.83188700952512087299680021284793      
   494.781214982747156379699177736400587      
   518.475240617329666686661835123025817      
   271.744369421251970062414421421458863      
   87.4853829023530991641933294294487597      
   168.367866430572156645584994889338606      
   129.016651227640948295273242068208469      
   14.4346499977181248049146304888313127      
   61.3863221794960829574235407039165378      
   108.194628895572051173869574206713439      
   0.00000000000000000000000000000000000      
