   589341.940493607096981930192092661530      
   503817.604866808066899497700185788513      
   323133.756100897927310419055956097058      
   174094.487923569952896839452129908427      
   96276.9221164552322421804451108327313      
   58807.7230729934517667573395786013247      
   31877.9042428305353689791454138981345      
   13358.7032822852326522159501378795901      
   6445.05376583759349922310124037904468      
   3864.72454241797749976190280996300043      
   1288.19350644731472072430408282250223      
   316.783906097507161345744517972495212      
   492.856753431369974573622750616549916      
   359.406505359470148784487790229509715      
  -23.3446576002729192412638795764675258      
   75.2154782235441748451912300620445964      
   185.195515788088932730816258361039680      
  -41.2479622987709269492712354994956005      
  -15.6758250370636023729006154383086923      
   78.3094878957832968061576762419636169      
   0.00000000000000000000000000000000000      
