 0.11174265202507E-03
 0.11174591996998E-03
 0.11175137665312E-03
 0.11175902832124E-03
 0.11176888103029E-03
 0.11178094024144E-03
 0.11179521047236E-03
 0.11181169501075E-03
 0.11183039569699E-03
 0.11185131277831E-03
 0.11187444483258E-03
 0.11189978875683E-03
 0.11192733981611E-03
 0.11195709175098E-03
 0.11198903694647E-03
 0.11202316666903E-03
 0.11205947138121E-03
 0.11209794114724E-03
 0.11213856614543E-03
 0.11218133730510E-03
 0.11222624708224E-03
 0.11227329037788E-03
 0.11232246558479E-03
 0.11237377572567E-03
 0.11242722962323E-03
 0.11248284302570E-03
 0.11254063960384E-03
 0.11260065173943E-03
 0.11266292103920E-03
 0.11272749853010E-03
 0.11279444451727E-03
 0.11286382811238E-03
 0.11293572646262E-03
 0.11301022372924E-03
 0.11308740987637E-03
 0.11316737933703E-03
 0.11325022962378E-03
 0.11333605994726E-03
 0.11342496989873E-03
 0.11351705824318E-03
 0.11361242185884E-03
 0.11371115484878E-03
 0.11381334783963E-03
 0.11391908747404E-03
 0.11402845609533E-03
 0.11414153161686E-03
 0.11425838756375E-03
 0.11437909327125E-03
 0.11450371422197E-03
 0.11463231250301E-03
 0.11476494736404E-03
 0.11490167585777E-03
 0.11504255354552E-03
 0.11518763525190E-03
 0.11533697585461E-03
 0.11549063109697E-03
 0.11564865841308E-03
 0.11581111775722E-03
 0.11597807243113E-03
 0.11614958990459E-03
 0.11632574262629E-03
 0.11650660882378E-03
 0.11669227329240E-03
 0.11688282817464E-03
 0.11707837373223E-03
 0.11727901911472E-03
 0.11748488312874E-03
 0.11769609501345E-03
 0.11791279522821E-03
 0.11813513625937E-03
 0.11836328345382E-03
 0.11859741588766E-03
 0.11883772727918E-03
 0.11908442695616E-03
 0.11933774088842E-03
 0.11959791279753E-03
 0.11986520535695E-03
 0.12013990149701E-03
 0.12042230583078E-03
 0.12071274621886E-03
 0.12101157549319E-03
 0.12131917336230E-03
 0.12163594852403E-03
 0.12196234101452E-03
 0.12229882482725E-03
 0.12264591084035E-03
 0.12300415009674E-03
 0.12337413748861E-03
 0.12375651590635E-03
 0.12415198092246E-03
 0.12456128609310E-03
 0.12498524897522E-03
 0.12542475797532E-03
 0.12588078016821E-03
 0.12635437025151E-03
 0.12684668083515E-03
 0.12735897430725E-03
 0.12789263656917E-03
 0.12844919299830E-03
 0.12903032707900E-03
 0.12963790224640E-03
 0.13027398762151E-03
 0.13094088848753E-03
 0.13164118258083E-03
 0.13237776356185E-03
 0.13315389341788E-03
 0.13397326606479E-03
 0.13484008511023E-03
 0.13575915968891E-03
 0.13673602359006E-03
 0.13777708472889E-03
 0.13888981461433E-03
 0.14008299121465E-03
 0.14136701412291E-03
 0.14275431914838E-03
 0.14425993201802E-03
 0.14590222050435E-03
 0.14770393580733E-03
 0.14969368612438E-03
 0.15190807448385E-03
 0.15439489148346E-03
 0.15721804873031E-03
 0.16046551829451E-03
 0.16426275620521E-03
 0.16879683056374E-03
 0.17436330847521E-03
 0.18146726065421E-03
 0.19107445826006E-03
 0.20538832538465E-03
 0.23139859445036E-03
 0.33544960485950E-03
 0.53277859173787E+01
 0.10375765375744E+02
 0.15054626670198E+02
 0.19556071737709E+02
 0.23955109308069E+02
 0.28290491662333E+02
