   25.0615347915346254604178300866609768      
   17.7611431065524415361415327487241649      
   14.5104027964291891878481082749338568      
   12.5686054618139065729849329265712898      
   11.2417046544196829202272654095527950      
   10.2611532989553716426269127208404650      
   9.49827605089615735390653429059949379      
   8.88268694229336320656084213994585802      
   8.37221703325230137386815090106049237      
   7.93986078268088180055020100825049952      
   7.56741727386975994041986988527373026      
   7.24211351197744807134658218679650668      
   6.95468652529585625223221073544349897      
   6.69823355686134406606424109496206090      
   6.46749142277772725498524129588269391      
   6.25836772641050909038892074515762650      
   6.06762610149587734690467345103728578      
   5.89266903255904836814985554047610359      
   5.73138440020075607305219515739999876      
   5.58203476322384047799067598219709753      
   5.44317598059193102522198940003886799      
   5.31359639937275324891017970102198155      
   5.19227073047760337498205561193258292      
   5.07832459345674927367306401346965021      
   4.97100693241423572260790771599944312      
   4.86966832250146082509752693984853037      
   4.77374374332800829121220377016397071      
   4.68273878094298836889270975231189382      
   4.59621849043924751156975855807559602      
   4.51379834354003818439123765408866067      
   4.43513682410669081247435052895877708      
   4.35992933571052727876782271380818887      
   4.28790316034453380658026564846410133      
   4.21881326361182628672756678628805482      
   4.15243878456010074667211542783570429      
   4.08858008137179106357590346854356643      
   4.02705622991211100558984110782753645      
   3.96770289247698672823089065922807478      
   3.91037049025326282695198747598916251      
   3.85492262593594775276150725591089020      
   3.80123471333033750259753066634649087      
   3.74919277912013760505441885398679938      
   3.69869240870612170922817299007985069      
   3.64963781342713291729872163843754076      
   3.60194100081641246761627886757742832      
   3.55552103302316223966784526133966963      
   3.51030336130624603773645128397897187      
   3.46621922671851779706983390192698570      
   3.42320511885674936309852156132982969      
   3.38120228594399843127615619260567628      
   3.34015629061249888308047447090431778      
   3.30001660662609573649790269526684184      
   3.26073625247078167945955126192466440      
   3.22227145828944321230284191773183114      
   3.18458136307404270089259791335259609      
   3.14762773938022480330793598364504331      
   3.11137474311550512098243429825881404      
   3.07578868618820646954918382151863600      
   3.04083783000210890440215131122243234      
   3.00649219795050643346787775293610788      
   2.97272340520994168637684282791105685      
   2.93950450426348465115636178764160848      
   2.90680984469983059102684289313163459      
   2.87461494594048023341734139112075735      
   2.84289638164476325100969838398083525      
   2.81163167463284758525865355253365053      
   2.78079920125103325829179095975013722      
   2.75037810418216843416955739141888993      
   2.72034821277728977111986896775647466      
   2.69068997005281255200666830642774082      
   2.66138436556085898569070742252879241      
   2.63241287339866654687783778832072072      
   2.60375739467646029099513709359805216      
   2.57540020381165863568326036760200772      
   2.54732389806078677499258828056903539      
   2.51951134973891419507613793125248241      
   2.49194566060975287822460068433189744      
   2.46461011795764965877345396510545647      
   2.43748815187545349170080898761197269      
   2.41056329331948461742366057105105680      
   2.38381913249435239316398088931706090      
   2.35723927713589212361303602594877479      
   2.33080731025964429361546487721053115      
   2.30450674693460689482913888252033191      
   2.27832098962684420445565883458597653      
   2.25223328163414172806053482210723096      
   2.22622665810026995933981121409263295      
   2.20028389405429521035348935883633794      
   2.17438744886517688414000590455579192      
   2.14851940643261580462798220410152687      
   2.12266141034927623223129113936682364      
   2.09679459316393066095556881654112757      
   2.07089949874582051342210866899023917      
   2.04495599659256528718283460354408395      
   2.01894318673094529752914395339168421      
   1.99283929362374458195204260743165638      
   1.96662154720625354723300138725860378      
   1.94026604881970990479385439314751471      
   1.91374761936874674406858409547864481      
   1.88703962648348944361985612868570628      
   1.86011378678504021163203841690262902      
   1.83293993849705661022362423416353662      
   1.80548577856464226258845373920437242      
   1.77771655706567586211491736470146298      
   1.74959471993564796156803326097464253      
   1.72107948874699508851201436313981239      
   1.69212636331086774463007074899143674      
   1.66268652895555124509100861845981870      
   1.63270614513052644593558004812165824      
   1.60212548498453977231875097385444520      
   1.57087788603585871984677700240995358      
   1.53888845890606457372179964908614610      
   1.50607248268742062701567844762358149      
   1.47233338934245744968203270734982195      
   1.43756020164661648219839574642441326      
   1.40162423324290199841571122408841522      
   1.36437477493464279034339189956369397      
   1.32563336066976241389753319464990296      
   1.28518599868285750730494400351488726      
   1.24277241141840990846474822311079160      
   1.19807074494147097721583326474206525      
   1.15067517133828983916793827765347951      
   1.10006186819829389893407614405502340      
   1.04553501398790587832972767368928858      
  0.986136256804747535166410015898402407      
  0.920482118758964319385726401485132977      
  0.846444442901684912211138361917084970      
  0.760439511361066188726078294798790394      
  0.655523918791642396310892739515934797      
  0.514331506908277643419637420751556877      
  0.243321325889219691774686188979524029      
   5.32778591740527319117393279094946693      
   10.3757653757690467381191342466694359      
   15.0546266702222767173075688916432497      
   19.5560717377341044402250932788064983      
   23.9551093080982053719954191913576827      
   28.2904916623699589279575984432544515      
