   24344493455.4328348622127385731333935      
   3152637734.12763113162728344319825008      
   1051715323.58241119350133103416292322      
   207203469.651671405861177275033768601      
   156471625.783902864417579648813215548      
   100403562.532792605459307935971778436      
   40788533.8908686876452554070739066706      
   26228544.6607859108076871145467736137      
   10813980.0259964620377752918417335657      
   4547013.66246533425947426337596324811      
   2224064.49850201210848734895387599329      
   195875.002120918896581961966231853480      
   197657.155496202691972756363360543170      
  -56768.8431814983177410584079257706803      
  -44967.1072727940104003887228626618889      
   53763.3233773125232691445876738445600      
  -7862.50271787358376714318402004645347      
   45069.5517835577292185755959965416273      
   10359.0771462181337621519695083629305      
   8052.12989843979277603444819231176108      
   9337.89644657209279606629153155962558      
