                  NaN
                  NaN
                  NaN
                  NaN
                  NaN
                  NaN
                  NaN
 0.27353561439847E-04
 0.17562515488299E-03
 0.25699697030286E-03
 0.32764425163347E-03
 0.39493194289391E-03
 0.46196027509738E-03
 0.53057591148127E-03
 0.60214478462058E-03
 0.67783942586796E-03
 0.75877221202457E-03
 0.84606794417143E-03
 0.94090872276079E-03
 0.10445646471333E-02
 0.11584166394550E-02
 0.12839748010081E-02
 0.14228945517258E-02
 0.15769923547912E-02
 0.17482626065824E-02
 0.19388970428404E-02
 0.21513076956311E-02
 0.23881540645623E-02
 0.26523748274967E-02
 0.29472241928035E-02
 0.32763129225212E-02
 0.36436541168500E-02
 0.40537139972864E-02
 0.45114681073250E-02
 0.50224635298534E-02
 0.55928878827929E-02
 0.62296459983233E-02
 0.69404453238174E-02
 0.77338912147996E-02
 0.86195934318131E-02
 0.96082853124360E-02
 0.10711957273817E-01
 0.11944006516212E-01
 0.13319405050237E-01
 0.14854888466668E-01
 0.16569168215561E-01
 0.18483170570939E-01
 0.20620305940098E-01
 0.23006772747580E-01
 0.25671900801089E-01
 0.28648539852799E-01
 0.31973500032479E-01
 0.35688051983270E-01
 0.39838495919806E-01
 0.44476810504911E-01
 0.49661394471419E-01
 0.55457916381797E-01
 0.61940290921913E-01
 0.69191803792389E-01
 0.77306411747601E-01
 0.86390249831018E-01
 0.96563384603747E-01
 0.10796186045267E+00
 0.12074009625291E+00
 0.13507370218240E+00
 0.15116280187364E+00
 0.16923596397655E+00
 0.18955487036276E+00
