   553071.756944927008842323448990026833      
   462047.935780680810141561147288154738      
   291336.823390167953056209420927452889      
   170298.753688388404174294726191544699      
   101459.656270160170289859419010202798      
   56730.0160962324252402766431677781595      
   29762.7643219350512742625895544430644      
   15157.2513204440850163100143635450594      
   7383.09910099815701632935211713117810      
   3537.95843366025498404445082190691388      
   1756.46207747000884435305598914516735      
   936.446408366617122882718971179681544      
   544.102148590849815216196869183181831      
   337.263088570073935693756676089517890      
   208.664058335853284615502409263153045      
   123.066516303438058167776727950910350      
   66.6658948792147832820536475765004103      
   31.5502777833820966018955844536980360      
   11.9465963268421789149932107836281061      
   2.65107187936450516492220743408774064      
   0.00000000000000000000000000000000000      
