   24389539890.5483085218530732517545597      
   3302647606.68833704101372388935706333      
   1174735619.05660478486800957675753129      
   376214823.711808852517788298792583581      
   336315295.958351279723964294305759026      
   260368453.356349339305078996182887762      
   183027898.223760629448892459288659462      
   136210118.370055996509408224187449789      
   94220991.7577710480038574856383855957      
   64788193.1493213423887357630300189308      
   42866123.6845761609100161897756712213      
   27170224.9705589864606741738407266028      
   16814888.8084854004800583552199914739      
   9933868.82436907235605972812221010872      
   5779529.75669503637394556084556921177      
   3305988.75180767383600295043795212452      
   1917130.43505716412714186037532878356      
   1169053.52759805184007025330779324926      
   743771.511433599797776949791586919649      
   498255.576911057657812559723505632414      
   324465.195134676124750195024381964163      
   196377.380687645246218520308016448307      
   96135.8571840094891689127757283239933      
   23875.7203393284210296190201564646872      
  -20898.7840024671584955962154761270450      
  -41739.2746044912605779213560641332267      
  -43350.8824291935648645630778491577613      
  -33397.8630992687315364712605132177920      
  -18368.9451012031307687188200720353056      
  -3891.51012504128624977912804739577986      
   6727.57171973433203446961282059165789      
   12278.3213667078900635097543985027615      
   13101.1034754782161002095060397133822      
   10662.4667898164105792274033583748477      
   6616.10154433808026363633172322142133      
   2522.70255072553714957807665957501194      
  -616.007784731643681392178060418689954      
  -2335.50500762764923620021432317865062      
  -2674.41397129890841270845064928066420      
  -1996.84003369600662822504592019328905      
  -787.434187107780786220520444632439166      
   488.135926195723239541148977010447718      
   1498.28636061791097053781404778316633      
   2079.21457464817678916052138887333274      
   2216.58533557483589586966362497626965      
   2000.05399647750045639539732450813387      
   1585.33789845395342417004282317006689      
   1091.16659006251894853073114125327275      
   656.087451550058740213567383268557995      
   336.156084860341403830894637909888780      
   97.1849425174574569815241081159197398      
