   24342161060.7037987036821483064050936      
   3337545751.76006669222957396211121692      
   1158378285.49268265095912493011516931      
   381002204.113265479833181116737183354      
   336277575.142674411735020947767084094      
   259309152.042660002340318901253456820      
   183863907.241318747734852955017537592      
   135761022.381533462273007815046129953      
   94373636.3613663862316246280965496557      
   64773133.3783817988388059851757864606      
   42832769.9327298739718992796173407839      
   27208960.9541744477145278036224418150      
   16792479.3682038362466047043924861545      
   9947189.04201710717264922362691959782      
   5777879.67115433910815608434043841172      
   3304650.98356522419325406504701281740      
   1920156.44375094392420675022949407106      
   1165681.55099715039485541278713395450      
   745285.455260358901336933628734117549      
   496518.835014942090244237913449316160      
   324663.880739048586776009632422969518      
   196029.384097698105008315148515380610      
   96091.1114530120077606132325201079300      
   24072.9333484663209964411225218372642      
  -20836.9172497547220405487294918360540      
  -41515.1639471552072296689943905911552      
  -43266.4052449269924123532749511215437      
  -33316.6558521484253769233998584096514      
  -18352.9876436789741581984931063417056      
  -3924.48370435549006267744091769686928      
   6689.90096435237522731265677241527927      
   12217.2699425413815585956103213800426      
   13064.4920363997309860872623049851613      
   10629.9617934597451198027948637072501      
   6607.99327821559856877103422569688492      
   2524.85226215011799320025760153979250      
  -604.176000355148185268199547147257789      
  -2320.18277847370178958384273756019925      
  -2662.31845022656538873273262610778241      
  -1987.72604121931962927193568624261184      
  -785.004564908957644851876440730870552      
   486.608435872023719267685789676942815      
   1493.31616897025751208883047830466347      
   2073.17119588588374762882180590795617      
   2210.32687290014962054004259767117841      
   1996.20128991337707857029037804224657      
   1581.34912735728095584458171846510270      
   1090.66857441133363491462161875020900      
   655.468452680946774992195560193491652      
   335.482955585266931055144947880721741      
   99.6227550341150771982380651326977271      
