   23940032947.3757956268390423044087020      
   3585436732.98989696233882801785175005      
   1068134489.50456362788669062122695357      
   402853543.245432430102168180151718862      
   336263648.029325166746167088219022540      
   256092998.983673113845636608024184320      
   185731575.654181222809234129599585708      
   134672691.531253620814497316204515942      
   94516742.9027158698655698217096398698      
   64665317.4982103957688057856934225299      
   42749394.6533105748190712926720860367      
   27265640.8141747408018850681107487885      
   16794773.8033185231608234202162911370      
   10004773.4440854702020218481213268730      
   5808738.82836692923501600153539603920      
   3331965.00967144618379820595596594608      
   1934013.29598672277696400443004215457      
   1166371.06575182719777133069758114884      
   740244.403368501637140654471574499805      
   485961.547689973321212018876374135142      
   314790.029261321668162216057587721645      
   187628.354916646684026625462887382054      
   91094.8073854038962458666396455357297      
   22251.3606180421944646780647374069158      
  -20147.2041138879155893929619280787694      
  -39251.1446999756058290777814900169497      
  -40578.9193241981760662902123190473927      
  -30903.8996982598592523919002245798405      
  -16753.5124770505744877359972008252507      
  -3223.68710429808922462982898846551537      
   6595.83724933960118836337791342204803      
   11605.1109884429097321875839003704967      
   12242.4844390512615327284862251897871      
   9850.89357142866126492137125587197345      
   6043.56632779509581002949754785607357      
   2233.19981920325470810885040519060649      
  -642.949918505706984591423361091744604      
  -2182.75373045709590979022185277460017      
  -2443.53428894686526375460342885535565      
  -1771.21692623870496988729205997346913      
  -629.144438970840923358645053010489944      
   557.120933168075610107664830825215998      
   1482.25887835055580788215252192957723      
   2002.27609360858218953025376828330228      
   2108.76082656318466903216265410778785      
   1894.23511642358236056432969133253111      
   1492.30162389728875164565937501702032      
   1032.00934240601211027846431419832327      
   619.686168346035479224955363920867763      
   316.902362941442909492638870257595563      
   101.060562893207037014307035356991043      
