 0.73237036142722E-02
 0.81898230136086E-03
 0.81445720960624E-03
 0.80996177332208E-03
 0.80549562634011E-03
 0.80105841242919E-03
 0.79664978491770E-03
 0.79226940633250E-03
 0.78791694805359E-03
 0.78359208998368E-03
 0.77929452023201E-03
 0.77502393481161E-03
 0.77078003734949E-03
 0.76656253880906E-03
 0.76237115722414E-03
 0.75820561744412E-03
 0.75406565088977E-03
 0.74995099531897E-03
 0.74586139460223E-03
 0.74179659850729E-03
 0.73775636249250E-03
 0.73374044750854E-03
 0.72974861980818E-03
 0.72578065076354E-03
 0.72183631669078E-03
 0.71791539868165E-03
 0.71401768244170E-03
 0.71014295813485E-03
 0.70629102023411E-03
 0.70246166737798E-03
 0.69865470223259E-03
 0.69486993135899E-03
 0.69110716508569E-03
 0.68736621738599E-03
 0.68364690576006E-03
 0.67994905112140E-03
 0.67627247768774E-03
 0.67261701287592E-03
 0.66898248720082E-03
 0.66536873417800E-03
 0.66177559023001E-03
 0.65820289459620E-03
 0.65465048924582E-03
 0.65111821879438E-03
 0.64760593042302E-03
 0.64411347380093E-03
 0.64064070101054E-03
 0.63718746647542E-03
 0.63375362689088E-03
 0.63033904115697E-03
 0.62694357031403E-03
 0.62356707748044E-03
 0.62020942779269E-03
 0.61687048834750E-03
 0.61355012814615E-03
 0.61024821804062E-03
 0.60696463068178E-03
 0.60369924046935E-03
 0.60045192350359E-03
 0.59722255753879E-03
 0.59401102193830E-03
 0.59081719763120E-03
 0.58764096707039E-03
 0.58448221419227E-03
 0.58134082437774E-03
 0.57821668441450E-03
 0.57510968246079E-03
 0.57201970801028E-03
 0.56894665185816E-03
 0.56589040606849E-03
 0.56285086394252E-03
 0.55982791998825E-03
 0.55682146989091E-03
 0.55383141048447E-03
 0.55085763972419E-03
 0.54790005665994E-03
 0.54495856141062E-03
 0.54203305513924E-03
 0.53912344002901E-03
 0.53622961926010E-03
 0.53335149698726E-03
 0.53048897831815E-03
 0.52764196929236E-03
 0.52481037686123E-03
 0.52199410886821E-03
 0.51919307402994E-03
 0.51640718191798E-03
 0.51363634294104E-03
 0.51088046832789E-03
 0.50813947011079E-03
 0.50541326110946E-03
 0.50270175491557E-03
 0.50000486587774E-03
 0.49732250908703E-03
 0.49465460036288E-03
 0.49200105623952E-03
 0.48936179395283E-03
 0.48673673142760E-03
 0.48412578726517E-03
 0.48152888073154E-03
 0.47894593174580E-03
 0.47637686086894E-03
 0.47382158929304E-03
 0.47128003883073E-03
 0.46875213190511E-03
 0.46623779153985E-03
 0.46373694134970E-03
 0.46124950553121E-03
 0.45877540885388E-03
 0.45631457665142E-03
 0.45386693481337E-03
 0.45143240977702E-03
 0.44901092851947E-03
 0.44660241855006E-03
 0.44420680790291E-03
 0.44182402512980E-03
 0.43945399929320E-03
 0.43709665995954E-03
 0.43475193719270E-03
 0.43241976154766E-03
 0.43010006406438E-03
 0.42779277626187E-03
 0.42549783013239E-03
 0.42321515813591E-03
 0.42094469319467E-03
 0.41868636868794E-03
 0.41644011844691E-03
 0.41420587674980E-03
 0.41198357831704E-03
 0.40977315830665E-03
 0.40757455230974E-03
 0.40538769634617E-03
 0.40321252686031E-03
 0.40104898071694E-03
 0.39889699519733E-03
 0.39675650799534E-03
 0.39462745721374E-03
 0.39250978136056E-03
 0.39040341934564E-03
 0.38830831047722E-03
 0.38622439445866E-03
 0.38415161138528E-03
 0.38208990174125E-03
 0.38003920639667E-03
 0.37799946660466E-03
 0.37597062399856E-03
 0.37395262058928E-03
 0.37194539876266E-03
 0.36994890127696E-03
 0.36796307126047E-03
 0.36598785220909E-03
 0.36402318798414E-03
 0.36206902281012E-03
 0.36012530127264E-03
 0.35819196831636E-03
 0.35626896924306E-03
 0.35435624970976E-03
 0.35245375572689E-03
 0.35056143365660E-03
 0.34867923021101E-03
 0.34680709245073E-03
 0.34494496778323E-03
 0.34309280396142E-03
 0.34125054908227E-03
 0.33941815158545E-03
 0.33759556025208E-03
 0.33578272420354E-03
 0.33397959290028E-03
 0.33218611614081E-03
 0.33040224406066E-03
 0.32862792713138E-03
 0.32686311615973E-03
 0.32510776228677E-03
 0.32336181698712E-03
 0.32162523206827E-03
 0.31989795966985E-03
 0.31817995226311E-03
 0.31647116265034E-03
 0.31477154396438E-03
 0.31308104966824E-03
 0.31139963355468E-03
 0.30972724974592E-03
 0.30806385269344E-03
 0.30640939717768E-03
 0.30476383830802E-03
 0.30312713152260E-03
 0.30149923258838E-03
 0.29988009760112E-03
 0.29826968298550E-03
 0.29666794549527E-03
 0.29507484221344E-03
 0.29349033055257E-03
 0.29191436825510E-03
 0.29034691339369E-03
 0.28878792437173E-03
 0.28723735992378E-03
 0.28569517911618E-03
 0.28416134134761E-03
 0.28263580634985E-03
 0.28111853418844E-03
 0.27960948526354E-03
 0.27810862031075E-03
 0.27661590040206E-03
 0.27513128694681E-03
 0.27365474169273E-03
 0.27218622672708E-03
 0.27072570447776E-03
 0.26927313771457E-03
 0.26782848955048E-03
 0.26639172344298E-03
 0.26496280319551E-03
 0.26354169295886E-03
 0.26212835723279E-03
 0.26072276086750E-03
 0.25932486906540E-03
 0.25793464738267E-03
 0.25655206173114E-03
 0.25517707838001E-03
 0.25380966395774E-03
 0.25244978545397E-03
 0.25109741022145E-03
 0.24975250597806E-03
 0.24841504080886E-03
 0.24708498316815E-03
 0.24576230188159E-03
 0.24444696614837E-03
 0.24313894554334E-03
 0.24183821001924E-03
 0.24054472990887E-03
 0.23925847592732E-03
 0.23797941917418E-03
 0.23670753113569E-03
 0.23544278368699E-03
 0.23418514909422E-03
 0.23293460001664E-03
 0.23169110950869E-03
 0.23045465102199E-03
 0.22922519840721E-03
 0.22800272591597E-03
 0.22678720820249E-03
 0.22557862032517E-03
 0.22437693774808E-03
 0.22318213634219E-03
 0.22199419238650E-03
 0.22081308256888E-03
 0.21963878398679E-03
 0.21847127414761E-03
 0.21731053096885E-03
 0.21615653277794E-03
 0.21500925831174E-03
 0.21386868671566E-03
 0.21273479754249E-03
 0.21160757075073E-03
 0.21048698670249E-03
 0.20937302616101E-03
 0.20826567028759E-03
 0.20716490063809E-03
 0.20607069915884E-03
 0.20498304818201E-03
 0.20390193042042E-03
 0.20282732896169E-03
 0.20175922726188E-03
 0.20069760913842E-03
 0.19964245876244E-03
 0.19859376065050E-03
 0.19755149965568E-03
 0.19651566095804E-03
 0.19548623005449E-03
 0.19446319274818E-03
 0.19344653513721E-03
 0.19243624360298E-03
 0.19143230479809E-03
 0.19043470563383E-03
 0.18944343326742E-03
 0.18845847508909E-03
 0.18747981870903E-03
 0.18650745194440E-03
 0.18554136280647E-03
 0.18458153948819E-03
 0.18362797035208E-03
 0.18268064391891E-03
 0.18173954885723E-03
 0.18080467397387E-03
 0.17987600820590E-03
 0.17895354061399E-03
 0.17803726037770E-03
 0.17712715679276E-03
 0.17622321927077E-03
 0.17532543734155E-03
 0.17443380065849E-03
 0.17354829900712E-03
 0.17266892231740E-03
 0.17179566067978E-03
 0.17092850436568E-03
 0.17006744385228E-03
 0.16921246985230E-03
 0.16836357334870E-03
 0.16752074563467E-03
 0.16668397835898E-03
 0.16585326357682E-03
