  0.209705497155261060224877184962324531      
   1.47305679772270717957495519377667151E-0004
   1.28975758219454932958236331812187457E-0004
   1.13185425130277301185451928075893309E-0004
   9.95479587240077009992030192686064878E-0005
   8.77521183573738858458398459386274640E-0005
   7.75444834265580146862009314532635715E-0005
   6.87164173360301008473173319955107138E-0005
   6.10942497637842884695788789240429536E-0005
   5.45317269489715500040952060901285374E-0005
   4.89040801437357570830129127530647931E-0005
   4.41032782157193223573628985582287908E-0005
   4.00341908478424326128564455325460445E-0005
   3.66115196449486108382767879098238871E-0005
   3.37574493818812419398728883781722348E-0005
   3.14000223318508246192667876405072824E-0005
   2.94722294907719587417899111510221544E-0005
   2.79117427491364977543553032087599010E-0005
   2.66611242172994515033683543235742036E-0005
   2.56676293110246176563624254094483797E-0005
   2.48861931324174856208168934021320633E-0005
   2.42759170598242478218533240435735871E-0005
   2.38031078537768729595733442264918628E-0005
   2.34381301738680787454677430434188509E-0005
   2.31572556402802029412402151686250961E-0005
   2.29430910763627328403316230128763357E-0005
   2.27805548547806029825026922927300801E-0005
   2.26566543822649807357520486976270900E-0005
   2.25620357061098743137398284005937009E-0005
   2.24910189566537869868295060271127828E-0005
   2.24374471489798820012565316313503268E-0005
   2.23970414241097652977613078924211002E-0005
   2.23666304540108414132844165015515451E-0005
   2.23437778031470298938198285797760721E-0005
   2.23266503132098477695455596912613011E-0005
   2.23138367093350199191101657409318154E-0005
   2.23048100010621651945822208807679158E-0005
   2.22975952536791720132573772976846613E-0005
   2.22922288338258195048312957353278901E-0005
   2.22882779212822955822211883464786334E-0005
   2.22844588628174248157826341108810726E-0005
   2.22822135459164923640747459751519549E-0005
   2.22813031310946474932715803435401815E-0005
   2.22801115424015326522713893595396456E-0005
   2.22792933870832489144510528831423015E-0005
   2.22787043977561618580126941382471394E-0005
   2.22781824339945750490263776523136361E-0005
   2.22771256065264997546898696730851144E-0005
   2.22777295182487186523514415992318135E-0005
   2.22775411049740454420514888012489933E-0005
   2.22767492667392041286308392369904956E-0005
   2.22775280813607452018468225237039280E-0005
   2.22775124154388114822554932464751687E-0005
   2.22768317140171076696158233958860488E-0005
   2.22769069935583911780185577651594873E-0005
   2.22777885637987072173933286745373009E-0005
   2.22778757916800663555685959205567020E-0005
   2.22781489944769018428187519589595068E-0005
   2.22775085810803710128685300483073787E-0005
   2.22776258364381697872803507440086448E-0005
   2.22786485372847052864584598999831535E-0005
   2.22788944549639311341487292772495247E-0005
   2.22791141919360728122926271603458195E-0005
   2.22787413424490753035458856771866386E-0005
   2.22789460570732775560871685606664509E-0005
   2.22792877163520229004033008118693338E-0005
   2.22795989564601925835882616044870303E-0005
   2.22807793054849950024539768564866173E-0005
