   19918440443.9810907533699279252841805      
   508842332.009742504132781077904184309      
   313874909.687175181062631202277749813      
   149371882.426699838567684184486073208      
   65292433.6530082676886529415457188269      
   31496155.6346877245291301730727583733      
   15839398.9566254051258483885202137560      
   7313468.24924528138967492379823972012      
   3175651.69089323398588028159462735839      
   1394456.36981982180014249100068886829      
   587222.057607908123978766530905819643      
   240516.941129019933613369983595256896      
   117058.731957166129656453562369792242      
   61851.4661485928392354039958887284708      
   36950.6361347569295507054361223932408      
   24199.7318625204577788734093482220648      
   13710.3129687212240559448183344931539      
   7880.45133724914830575300798927562420      
   3990.02983345417836399681259455575548      
   1424.21563928792942317195326950235246      
   332.655718930821501506834389128980623      
