                  NaN
 0.84369986308117E-02
 0.94099345544584E-02
 0.10495551501639E-01
 0.11706889501876E-01
 0.13058496494041E-01
 0.14566602423853E-01
 0.16249313270053E-01
 0.18126827255093E-01
 0.20221675735717E-01
 0.22558991532264E-01
 0.25166807743972E-01
 0.28076390412149E-01
 0.31322608734654E-01
 0.34944346904530E-01
 0.38984962042935E-01
 0.43492793121737E-01
 0.48521726223176E-01
 0.54131821961247E-01
 0.60390011389035E-01
 0.67370867234187E-01
 0.75157457835469E-01
 0.83842291689828E-01
