                                           NaN
   8.43699863081166917170418365745992886E-0003
   9.40993455445841641176035157153932291E-0003
   1.04955515016389868388623395851767254E-0002
   1.17068895018756321679635887258568465E-0002
   1.30584964940414913607326914480343626E-0002
   1.45666024238532222125433958665942576E-0002
   1.62493132700527204256262438533695640E-0002
   1.81268272550926800009614681756848143E-0002
   2.02216757357170529698607088899944123E-0002
   2.25589915322636743378966077037348795E-0002
   2.51668077439722157947825632374532288E-0002
   2.80763904121486473349511423251648887E-0002
   3.13226087346542945540432489755366900E-0002
   3.49443469045304722012710213316627897E-0002
   3.89849620429353627604962163730604173E-0002
   4.34927931217367572044615431499354122E-0002
   4.85217262231758787422089049767202417E-0002
   5.41318219612468857203388870201091890E-0002
   6.03900113890348592570204556635030429E-0002
   6.73708672341871017443780086843028107E-0002
   7.51574578354686834939888848284254858E-0002
   8.38422916898278198912459376684548208E-0002
