   158.208469197058181474288460387716098      
   130.674596495815330579607084030114297      
   103.245892213325325215745601435201563      
   83.0437144661258057737938553400010311      
   50.2074103271449416614670931599469001      
   31.8935893972564922964792188325099519      
   18.1163884793300865981856111255921971      
   7.75971795673264208567297694469653580      
   4.45741189066919801866618637384975387      
   1.27927669443203296308699664552222798      
  0.752872566841404610066992921718014133      
  0.676220724594336029560595643912849444      
  0.304403220150323554989836926597516691      
  0.601508167744597129279467628274316582      
  0.257815211973608539991704372382710285      
  0.291064001590595195722756252889844418      
  0.131698188510702587518318197039495070      
   6.12804540246963235537278480894777278E-0002
   3.32001620796890182465316495813474984E-0002
   0.00000000000000000000000000000000000      
   0.00000000000000000000000000000000000      
