  0.308754190930485656066856520945266949      
  0.304413308244532164489379331081860694      
  0.299966626033337331385169467776821615      
  0.295409314219700527673969098787853332      
  0.290736120840123560310801729317988547      
  0.285941318396420012688661337485017470      
  0.281018641072188292782435935809699024      
  0.275961210838378734116990892900552200      
  0.270761449948895648079106460684394597      
  0.265410976626180186901312726804957548      
  0.259900479823819961955608262883710429      
  0.254219567699900249440802228594605357      
  0.248356582730667809603172463793763439      
  0.242298374107206277849002870069525812      
  0.236030014585382420495540363574039408      
  0.229534444381076324835625388614079811      
  0.222792018051240174358994219338347064      
  0.215779919158656063618825199101826497      
  0.208471394822852910602088679214544765      
  0.200834734465473125689604324625184665      
  0.192831883563957284055447514848948734      
  0.184416519315961374787677637958176028      
  0.175531312006982481402618174804324534      
  0.166103913391454043773777046991583558      
  0.156040879630169652373739105880553102      
  0.145218096003979607129668342083721255      
  0.133464979058511159782504554645422406      
  0.120536990981053245730826492268726315      
  0.106065055456132931007683809262259685      
   8.94591220522067418194292999856053912E-0002
   6.97524035404580477878136806609710343E-0002
   4.59793641196877367977011094791756769E-0002
   2.38881669724523597835373437540338114E-0002
   1.34892663422566392899446254308232004E-0002
   9.11807985193451952586907705974643815E-0003
   6.84268793299707594402414892027918605E-0003
   5.46160687956060573246310942109350905E-0003
   4.53684237771768843144835140594825976E-0003
   3.87501834201320747264059856929022363E-0003
   3.37820237758258538030423049580977542E-0003
   2.99163608909586921841463449108086092E-0003
   2.68234575012762058992111808045886193E-0003
   2.42930229464005280705021989879024952E-0003
   2.21846675989578534548117887566743088E-0003
   2.04011076479452165837632221689092836E-0003
   1.88728094225964567554010335997138990E-0003
   1.75487577855858658881302984167736337E-0003
   1.63906782968215726889931603377263361E-0003
   1.53692946695927679007704640196801188E-0003
   1.44618320242641479300945859517404470E-0003
   1.36503074806709651171351487974207303E-0003
   1.29203329779472153387207060106307883E-0003
   1.22602599408858788864072482938282389E-0003
   1.16605569931699563853312614873142268E-0003
   1.11133499079521014854969356074650407E-0003
   1.06120765044725809466671931090192780E-0003
   1.01512243337085876444434121409936130E-0003
   9.72612886590195817986421455348274763E-0004
   9.33281651261285186636867601170890205E-0004
   8.96788126206741240946279727307211546E-0004
   8.62838685964645435260946861751231771E-0004
   8.31178851827427411024669979451769556E-0004
   8.01586979150451704129040386655883403E-0004
   7.73869127842068867724329058258502377E-0004
   7.47854865133099564057137847697798174E-0004
   7.23393814561288483887582522441364525E-0004
   7.00352770539933477434885708050072232E-0004
   6.78613158169265411925605365547851231E-0004
   6.58069744511100397246213410313615484E-0004
   6.38627872389562889291362010107775759E-0004
   6.20202753454242724490738506389205010E-0004
   6.02718078974293357401922189072696724E-0004
   5.86104985775650541251972511837245901E-0004
   5.70301169887038386481092877007196713E-0004
   5.55250123895988054518811396673487562E-0004
   5.40900478184409495896656654736383483E-0004
   5.27205430121195583312693406773863087E-0004
   5.14122247633114195697369761198726169E-0004
   5.01611836148035972044262811375906910E-0004
   4.89638359695452086462598669837408680E-0004
   4.78168908372710509721049168903750009E-0004
   4.67173205724208301416646160396469169E-0004
   4.56623350563143408569573257507431609E-0004
   4.46493588528487592526417507550266078E-0004
   4.36760109571382681631029693947985106E-0004
   4.27400867894067456621954284174181356E-0004
   4.18395421548440762220913983482223869E-0004
   4.09724789217719228790914896217210523E-0004
   4.01371322077282971931266214615591664E-0004
   3.93318588880194502654077971294508899E-0004
   3.85551272940522577172624220515096917E-0004
   3.78055079280914815873732775635802605E-0004
   3.70816649886679098734086454542710224E-0004
   3.63823489316801832995243166713916767E-0004
   3.57063895845866648865027113170493887E-0004
   3.50526899387569374151540800196154621E-0004
   3.44202205217664848504014159202596087E-0004
   3.38080142794619166473990132682580493E-0004
   3.32151983292375620616551864634989550E-0004
   3.26408444147583082011853081462970798E-0004
