   2.56316811313356669125706219034102812E-0003
   2.52619232304632255636851577571097420E-0003
   2.48836322789042843431022498765079070E-0003
   2.44964277109054712419703853647940904E-0003
   2.40998955761342037967988087099391262E-0003
   2.36935843144075491350724341523880477E-0003
   2.32769998176186266486350843393760130E-0003
   2.28495996265929909731541362235690216E-0003
   2.24107860709064861812420226397988538E-0003
   2.19598981066543234883427811435621661E-0003
   2.14962015386233005305901562615584993E-0003
   2.10188772195321766084901782000509212E-0003
   2.05270066923586079625042821674011802E-0003
   2.00195545737429084047065449241608687E-0003
   1.94953467206008441145717820553164671E-0003
   1.89530428919198524686168186264692197E-0003
   1.83911021432722828184107081978501268E-0003
   1.78077383907158919357104463256425491E-0003
   1.72008627328621392269145938102356355E-0003
   1.65680071601271559214350401495629608E-0003
   1.59062221158685368042795747681985622E-0003
   1.52119361958554642824943139358076856E-0003
   1.44807598823478240341827524920953266E-0003
   1.37072044633100358518721363978312840E-0003
   1.28842691071047072283611321190777120E-0003
   1.20028181627511142068241585895133466E-0003
   1.10506206117261951086157363266019398E-0003
   1.00108605128388454195007328916319483E-0003
   8.85998362468026398292942471734801226E-0004
   7.56603990307322914815637115535061579E-0004
   6.10115755606643823423349957839916285E-0004
   4.60537027248359290955288503922869871E-0004
   4.17404123969239031984808651358196377E-0004
   5.03109386580009498264185311929526185E-0004
   6.01679682132774104999500896163103092E-0004
   6.91467931820963497286970282126363760E-0004
   7.72734755133124689277160260046287336E-0004
   8.47250065112851838018985372564760378E-0004
   9.16440416837073020760798023078574116E-0004
   9.81346151616190824605599648303606822E-0004
   1.04272918794046285303396066909211971E-0003
   1.10116008947089036373955043964526601E-0003
   1.15707653703701387708834767793509815E-0003
   1.21082180103318130471990764076188269E-0003
   1.26267041714050281446980553162396333E-0003
   1.31284571765044556487111340592483287E-0003
   1.36153209288079525243129528197964685E-0003
   1.40888376494904717423424607485344323E-0003
   1.45503119886215642296433992271418701E-0003
   1.50008587688461446080223734758367883E-0003
   1.54414391515718187311943594799697321E-0003
   1.58728884610705609350333798866872481E-0003
   1.62959378861571623426861427898894640E-0003
   1.67112316233508618885783600744120512E-0003
   1.71193405733515417614349247533071157E-0003
   1.75207733982181919125383288505778370E-0003
   1.79159855330128386893695989313037946E-0003
   1.83053865944912985985571107862753363E-0003
   1.86893465209349600315457734306498846E-0003
   1.90682006981769614464957940402705417E-0003
   1.94422542685296464578212956985047499E-0003
   1.98117857759276519001187486404474343E-0003
   2.01770502677420693796847487947487046E-0003
   2.05382819488112654607424364639643536E-0003
   2.08956964640184462436005374898646615E-0003
   2.12494928708720498541623975000852031E-0003
   2.15998553518596218073135510422768560E-0003
   2.19469547080507638570398797750244837E-0003
   2.22909496627441177412192763435007302E-0003
   2.26319880138393921301930196094572572E-0003
   2.29702076430915429321757150513354911E-0003
   2.33057374122808914883485566813020947E-0003
   2.36386979579295510800351983825901729E-0003
   2.39692023987586222719610193396539895E-0003
   2.42973569672821685882245376237506929E-0003
   2.46232615752189702656106014606251307E-0003
   2.49470103209788804626304444368877432E-0003
   2.52686919462923170671889865950138345E-0003
   2.55883902480560941606959896887442350E-0003
   2.59061844506314792941998927586742566E-0003
   2.62221495431233069096253502137573746E-0003
   2.65363565855697468156532259763988570E-0003
   2.68488729874626146385144033556306221E-0003
   2.71597627615830891038538118398181546E-0003
   2.74690867557652696649251146234691250E-0003
   2.77769028648800412833691707731706228E-0003
   2.80832662250561419767411309082264553E-0003
   2.83882293919171906439041069334024382E-0003
   2.86918425044071299182171744104826353E-0003
   2.89941534355973421881908261210459104E-0003
   2.92952079317125966564670227661943593E-0003
   2.95950497404766738125629351107194421E-0003
   2.98937207297591601897290981559937285E-0003
   3.01912609974008500742771926287230930E-0003
   3.04877089730021583833676116620902246E-0003
   3.07831015123789238956339119721521714E-0003
   3.10774739853177951870163299469784026E-0003
   3.13708603572003793181339015068875585E-0003
   3.16632932638600509897972968514620189E-0003
   3.19548040869975767246407349544088060E-0003
