   19319216734.6926557415914186129332358      
   603696034.636759531790067379792682690      
   372546477.293766587269693831667964661      
   168206274.060839956760220540091635420      
   64389470.0991208239174396762679516063      
   30117122.7517643243127267975174350121      
   16849533.3449075764312019588402095667      
   7706845.85284255724831864233777023293      
   2956211.44385150609104889831759594009      
   1379888.14496065577006964682386327038      
   634159.746815099254653793832340616864      
   183770.149527189609829546992709229896      
   64049.7432493353789239414870835200848      
   49337.0942188059117553488356930603414      
   20390.5291454155339563382340852864117      
   7182.50742779271882640294854210424289      
   9731.32899445231195392564259142356161      
   6459.40745515707717167082850033342423      
   1012.14863952587380793191716943643996      
   106.542789528872351213052513049873293      
   283.877419019135293334345937641234259      
