   7.30832599853186261900996809287580814E-0004
   1.23499772829240900370918374398920382E-0002
   1.25251455561692473590271345791202168E-0002
   1.27025910631693766819159909104297177E-0002
   1.28823453525810838967375056289826399E-0002
   1.30644403893874070279849953454603041E-0002
   1.32489085606070145913485050449292134E-0002
   1.34357826810777839232306764119031621E-0002
   1.36250959993154966519116494754731617E-0002
   1.38168822034484313940427471105339208E-0002
   1.40111754272286737018280568933546499E-0002
   1.42080102561210005324934577844407890E-0002
   1.44074217334702313099228868612715256E-0002
   1.46094453667479702273916915060298476E-0002
   1.48141171338809990952781330822883846E-0002
   1.50214734896544537155732362560481149E-0002
   1.52315513722104890802853891075937331E-0002
   1.54443882096171211076080751379044221E-0002
   1.56600219265281356371266722665932070E-0002
   1.58784909509271891868727489650480115E-0002
   1.60998342209585385378432830052410612E-0002
   1.63240911918455259512560487885392075E-0002
   1.65513018428979668744075548939514162E-0002
   1.67815066846096062347144068828641582E-0002
   1.70147467658468279492432501987306975E-0002
   1.72510636811298201624147461266125542E-0002
   1.74904995780074179208630179455993910E-0002
   1.77330971645268485780491185833461348E-0002
   1.79788997167996610718722005593597024E-0002
   1.82279510866650704543731032081722728E-0002
   1.84802957094520301708672498994721363E-0002
   1.87359786118413205797850940285178046E-0002
   1.89950454198289702350663622020874396E-0002
   1.92575423667923393084914124602244242E-0002
   1.95235163016602089860063371320362129E-0002
   1.97930146971882347471935437445366015E-0002
   2.00660856583411333669987913070415472E-0002
   2.03427779307820035334239084306271944E-0002
   2.06231409094772401839027594455602306E-0002
   2.09072246473970396604890757648265925E-0002
   2.11950798643489021872784248308835070E-0002
   2.14867579559093485186289883582979438E-0002
   2.17823110024771927664485917934278101E-0002
   2.20817917784424292721808233353511199E-0002
   2.23852537614734739259496673349437056E-0002
   2.26927511419240579072027637401182665E-0002
   2.30043388323604671142742630234132324E-0002
   2.33200724772158471631411568472513950E-0002
   2.36400084625585989484817395417790526E-0002
   2.39642039259998690873354091012108614E-0002
   2.42927167667186764048448587179964176E-0002
   2.46256056556191190938591330665224947E-0002
   2.49629300456208119234292112791768981E-0002
   2.53047501820749466824494973247361842E-0002
   2.56511271133206741342884384142333096E-0002
   2.60021227013735934114049883289423643E-0002
   2.63577996327519452575863302436792444E-0002
   2.67182214294415025949837919466355896E-0002
   2.70834524600008267735647725160716512E-0002
   2.74535579508085708977739861102600820E-0002
   2.78286039974545245991172578850104008E-0002
   2.82086575762761075238388915073609754E-0002
   2.85937865560420316245769639551148882E-0002
   2.89840597097848650719987804370277007E-0002
   2.93795467267842432270541770021927487E-0002
   2.97803182247024846249308795683921501E-0002
   3.01864457618743823060988766862046096E-0002
   3.05980018497529530743682434701490253E-0002
   3.10150599655129393551807501966353310E-0002
   3.14376945648138702528457645477080308E-0002
   3.18659810947249171487227855288646349E-0002
   3.22999960068108626246233526826973863E-0002
   3.27398167703873247001989245904090378E-0002
   3.31855218859386567232009151044417759E-0002
   3.36371908987067335528393423977050881E-0002
   3.40949044124499493481292151150404291E-0002
   3.45587441033747373826962504075891006E-0002
   3.50287927342415059695102668294308732E-0002
   3.55051341686468899805007499231558430E-0002
   3.59878533854842581158496670642927529E-0002
   3.64770364935843267300048061308167486E-0002
   3.69727707465379106273891720916415660E-0002
   3.74751445577026711482299863367143828E-0002
   3.79842475153958408810376636468648861E-0002
   3.85001703982748730365689560526590760E-0002
   3.90230051909079760038388281595122607E-0002
   3.95528450995364998555694871097356124E-0002
   4.00897845680311287050003779409947949E-0002
   4.06339192940439623845539000753066716E-0002
   4.11853462453582181862636486062018996E-0002
   4.17441636764378569662477703631913622E-0002
   4.23104711451788963596380796321528637E-0002
   4.28843695298641546283073807132918564E-0002
   4.34659610463254364523174239350832810E-0002
   4.40553492653100102526152095967706262E-0002
   4.46526391300603282889614789821404631E-0002
   4.52579369741036824585594269302717364E-0002
   4.58713505392559558715061274231023246E-0002
   4.64929889938410829021836160798309667E-0002
   4.71229629511282088062883937059245530E-0002
   4.77613844879885318673075958709116420E-0002
   4.84083671637738057186975119812471288E-0002
   4.90640260394184747885829261388189161E-0002
   4.97284776967674066292535804065446748E-0002
   5.04018402581311477161920766013411593E-0002
   5.10842334060707071525936752501786051E-0002
   5.17757784034138272159819147740249356E-0002
   5.24765981135044745265703757231927569E-0002
   5.31868170206877974051448179533100797E-0002
   5.39065612510314085320705276546334780E-0002
   5.46359585932875593014159926165414655E-0002
   5.53751385200941927896576245277465933E-0002
   5.61242322094197755102494893156061173E-0002
   5.68833725662524573415088297552920629E-0002
   5.76526942445355744809442885733457604E-0002
   5.84323336693512644872859457700022401E-0002
   5.92224290593539485551646094912206043E-0002
   6.00231204494553262880133770710118121E-0002
   6.08345497137627539408541376646415680E-0002
   6.16568605887722105938733141422460958E-0002
   6.24901986968189707555524604742650459E-0002
   6.33347115697840932249964791763689895E-0002
   6.41905486730629784780145531285141299E-0002
   6.50578614297938861941590238099359209E-0002
   6.59368032453493336873213081976061954E-0002
   6.68275295320916174643759003376532988E-0002
   6.77301977343937898551346274857798135E-0002
   6.86449673539274362303183421584970890E-0002
   6.95719999752185278102572722271322545E-0002
   7.05114592914726392475418824830759400E-0002
   7.14635111306706721223031900126300705E-0002
   7.24283234819357206285372168962790074E-0002
   7.34060665221737200630892829398728735E-0002
   7.43969126429866503945937213832763310E-0002
   7.54010364778609011542951727475678739E-0002
   7.64186149296310483847537257280861685E-0002
   7.74498271982199283110623731243994636E-0002
   7.84948548086557760895616047121114061E-0002
   7.95538816393670323541454994332244737E-0002
   8.06270939507554200605857203297112269E-0002
   8.17146804140486020552853123992696074E-0002
   8.28168321404300244935330813205252857E-0002
   8.39337427104513608302344602861997572E-0002
   8.50656082037226233129141308305590908E-0002
   8.62126272288833933517831089994121866E-0002
   8.73750009538540234031685523393324379E-0002
   8.85529331363677871475426160386273234E-0002
   8.97466301547822109387061365150485161E-0002
   9.09563010391716779051161207446992012E-0002
   9.21821575026995060019593183827960390E-0002
   9.34244139732697938146425355762025108E-0002
   9.46832876254586469279360785107012622E-0002
   9.59589984127243734750577407514798271E-0002
   9.72517690998953988660138783071616008E-0002
   9.85618252959371241986744883364960407E-0002
   9.98893954869945436006671211074679073E-0002
  0.101234711069712118290820376854906117      
  0.102598006384827993601539933950304074      
  0.103979518751043351136866945060861786      
  0.105379488499165354713789776020202650      
  0.106798159006521674252192681075998784      
  0.108235776731647001230828761432567435      
  0.109692591249238572502380639072567052      
  0.111168855285381256107130988749923001      
  0.112664824753039116906889851695459976      
  0.114180758787813628536331977459183232      
  0.115716919783965601897406038225606370      
  0.117273573430700314915694906204565334      
  0.118850988748713897793238402169787225      
  0.120449438126999428662502761748107561      
  0.122069197359911158088458817066725700      
  0.123710545684485126968870610296055419      
  0.125373765818014719008902364735036757      
  0.127059143995879260516410414794016216      
  0.128766970009624580292942466915498176      
  0.130497537245292872350217755609244940      
  0.132251142722002021249278828185836682      
  0.134028087130771853521120014835753547      
  0.135828674873595749521003530597167440      
  0.137653214102758549629125076557093039      
  0.139502016760397474770648716957199577      
  0.141375398618307339475882959466355088      
  0.143273679317989954390368752094149147      
  0.145197182410946716704603551985217042      
  0.147146235399217215888859577302606398      
  0.149121169776164534377744140659050413      
  0.151122321067510184747273490067374222      
  0.153150028872622464939483488346614040      
  0.155204636906063178613624231572975323      
  0.157286493039398965679615381907945977      
  0.159395949343286330275418313659351648      
  0.161533362129839108037142735421981428      
  0.163699091995293304568689977795952769      
  0.165893503862982443084969644131157034      
  0.168116967026644510893950338218791332      
  0.170369855194081290651907354459525711      
  0.172652546531197782357500767086016661      
  0.174965423706452965762323386203773884      
  0.177308873935758898687274554530296423      
  0.179683289027871591251282740341710369      
  0.182089065430322825937095977027722592      
  0.184526604275951497238337161066846868      
  0.186996311430099396903110240389735295      
  0.189498597538546622254003150826891349      
  0.192033878076271812877290322295254068      
  0.194602573397132398040061772897871837      
  0.197205108784572506655909618777973932      
  0.199841914503477471340553904491803787      
  0.202513425853307808860434572469405362      
  0.205220083222658082800772189138279441      
  0.207962332145401530209723145368952664      
  0.210740623358593814282400423617112609      
  0.213555412862325650684575965010853647      
  0.216407161981727711038633929122313432      
  0.219296337431345241852291788977594320      
  0.222223411382114313588589353671707120      
  0.225188861531184118423897841453969615      
  0.228193171174841583199207116165430911      
  0.231236829284804721554429283994525287      
  0.234320330588160370618142100963028270      
  0.237444175651227258942705701300855045      
  0.240608870967630092863092653908246926      
  0.243814929050870848929351852165723482      
  0.247062868531681774096752057086997481      
  0.250353214260438874666345906500468846      
  0.253686497414906100157260419472811501      
  0.257063255613568141883055452194957516      
  0.260484033034793582132097133760891487      
  0.263949380542052188771299004184651291      
  0.267459855815386953631670686956604505      
  0.271016023489319007327787229534275338      
  0.274618455297337039200508165164064831      
  0.278267730223097405174586779383142347      
  0.281964434658436376813581945642901049      
  0.285709162568272688451849874814246671      
  0.289502515662460871359785741342505463      
  0.293345103574643052396661943560446092      
  0.297237544048143537767045333414398932      
  0.301180463128958060101699775465852852      
  0.305174495365910825056520818704672156      
  0.309220284018091155745001385697060902      
  0.313318481269739953795410706905348457      
  0.317469748452838549849674941095462014      
  0.321674756277760835188450312755290181      
  0.325934185072489016142233789058357526      
  0.330248725031065241287195917863086170      
  0.334619076472160191491442870120492205      
  0.339045950108887215308161820633588675      
  0.343530067331280134176170206242198089      
  0.348072160503185154435931046441749308      
  0.352672973275694460079379062743010316      
  0.357333260919671352788651435129473616      
  0.362053790680383225645852134399769633      
  0.366835342157769209929367752779862765      
  0.371678707716419549622977091346016088      
  0.376584692929932632831464698166112879      
  0.381554117064935825346945187199784819      
  0.386587813610703806075782494785688200      
  0.391686630860975229676959247113876747      
  0.396851432555246853400171149737310391      
  0.402083098587505812533348123439131175      
  0.407382525791035303267631702089587425      
  0.412750628808587487968162411952249715      
  0.418188341057850336479241454003199832      
  0.423696615802734053064682391034679561      
  0.429276427341560382383840654836456335      
  0.434928772323749265412160745297875072      
  0.440654671207059684259414947809302706      
  0.446455169867855735204395605575742367      
  0.452331341377239914340419167320699547      
  0.458284287956232632784285026928141344      
  0.464315143123494099264835605236661829      
  0.470425074049401470031129553792666562      
  0.476615284130634852287977652040580790      
  0.482887015799820116103793846736282035      
  0.489241553585258478187952716480897420      
  0.495680227436380820905032599279240596      
  0.502204416331340097594067444924328930      
  0.508815552184142040859298699087796483      
  0.515515124069957731381943475275707084      
  0.522304682788807801700160445942675265      
  0.529185845789702274477768004638632229      
  0.536160302479607403409737417533650377      
  0.543229819944334533537332658886069464      
  0.550396249111648322288994864071109007      
  0.557661531390613576709562025403110062      
  0.565027705825482390767833163834168923      
  0.572496916807307965311112633629139525      
  0.580071422392002180234940659704479140      
  0.587753603279779076581242956503567578      
  0.595545972517899873640399531431070449      
  0.603451185996420467352415846616516208      
  0.611472053815313489929790749670290871      
  0.619611552610982712465931629317929502      
  0.627872838940913431845997861989663357      
  0.636259263837134580300163279904229751      
  0.644774388652456806190853278404841037      
  0.653422002338273479712821738804416672      
  0.662206140309278586220071721332226247      
  0.671131105069013798338362393293685485      
