   24347690692.3833220981907166505830579      
   3149246662.32021912497383334856211717      
   1055237548.03799250182254702859816199      
   204112905.876969576627151373580794024      
   158642519.081017957138295044512746046      
   99238355.8368464727140364079350827871      
   41186551.2013102799816619562289963146      
   26255830.9050489990325016662229378467      
   10641100.1895786918110387743721756641      
   4705655.83067395732676287739110417628      
   2136437.80758166419271564945099641415      
   216359.624208166991169307347154394676      
   218039.592268548788840406833301326859      
  -92203.3199271673846812200390618885612      
  -11044.4470924000245094930212907145956      
   28537.2510149317536665589617117037038      
   7558.43741856507053783011134877083270      
   37901.4625968117584884286849837090083      
   11339.0178045204887049984810147999031      
   11536.4369056210451433234033336196256      
   2774.49162452012766869346789629258174      
