   157.963333088142210187439257700389001      
   130.941892031126674441347088092731907      
   102.825553668398307428946413021501027      
   83.3989566599123077107043562109232194      
   49.9708878861484669110146938934371291      
   31.8571712642907503399787335911135697      
   18.2860090378253460080822466704588749      
   7.47161409944172972785040896595180716      
   4.67980588581438633438158828113295609      
   1.09667402359787376930969542973852564      
  0.806726060412402561225498766917769373      
  0.657047304663977474806780666446335266      
  0.250884709237589248689836164340838881      
  0.637219998741831767914720463793894487      
  0.198676199532856274652674943893942077      
  0.315761148333600166840691969987989627      
   9.72010487607267268464015790565857118E-0002
   7.01400555364206483126310984834363705E-0002
   1.87444164198579670062599881192845037E-0002
   0.00000000000000000000000000000000000      
   0.00000000000000000000000000000000000      
