   595099.097103781045427517670008041807      
   503391.308931457475103473172858107923      
   319923.754771536900237689432074099067      
   174206.140875478546395599347623443920      
   98339.2929025037092614031223345543432      
   58330.5107282321688928337368330988624      
   30666.6163376552217591064874899856392      
   14084.6828468243830236508859317176638      
   6825.96036945807186967697593927273194      
   3299.49513638261188682379944011850928      
   1291.86512417469538766767401586298386      
   597.199635765980136266987097260875360      
   387.243097072459247015583834873915905      
   193.889100624551542594012327546077238      
   119.998536362005335560258606876035600      
   100.942268634818842402991895538313446      
   46.2677780100519040997209995750400589      
   20.2861741648609096817658188531698387      
   21.7565915200334143126822733550810053      
   9.80074945605500811347125358729505142      
   0.00000000000000000000000000000000000      
