   19317844624.1349418081701399237241270      
   606319892.278634432513518334121056735      
   369701516.697648182887783570466315402      
   169098487.044255041607444778366682748      
   65052931.4436482832343934650009935581      
   29480622.4917450237575365894389834399      
   16860289.2664337025718058994035264932      
   7954529.99052715093239672581749157317      
   2838733.48859062965013414317260904213      
   1335385.57217576929350301482069262638      
   706575.560008019200664020315783632193      
   164727.223569860128373055108187250204      
   39652.6871215812365000489723426112364      
   75191.7208154998940430167313471611981      
   17495.1476465144000295057286766836068      
  -7079.69707787491247750215891675183807      
   21249.7664730265879786978884185432103      
   10082.1858056539444715651333001560689      
  -12051.5970386000560874685703678787416      
   6428.11591606701336974398120067613862      
   12921.0877333953778403128747381277540      
