   157.055600639905203575044625466001272      
   131.925029894895843701426817541920242      
   102.188365383894022986252376707838947      
   83.9177515007143013355681074806490969      
   49.8156032076038042498870774812543811      
   32.0482204396687572208943278901100103      
   18.2125555089778627914546872580504752      
   7.76262287579193170670739998246095824      
   4.43254865162239386708078206648058103      
   1.49790314860426194956422630349232784      
  0.549974041393154288878834800855683379      
  0.946345719710802278538273676501317603      
  0.154763894974766825998479335942858648      
  0.739734474638764434226011357517956478      
  0.241196892445095263173353541207462965      
  0.310747254124355999829991833103688439      
  0.175468482242800083053422818617197471      
   4.90246231851961155184908543228593189E-0002
   6.29398212131813737083758514705207715E-0002
   0.00000000000000000000000000000000000      
   0.00000000000000000000000000000000000      
