   24348853359.5586064243916924763691346      
   3148227446.92744102019710359447648815      
   1055917110.57397458509951251056504317      
   203797640.912737867392574154189888827      
   158690395.081286230923469357993459557      
   99327864.7209998603005312438709876669      
   41063494.1048468637030998817360416680      
   26353775.7707224698163196131568392486      
   10588049.1386711328125943915821417981      
   4717882.08262057042194390725539059721      
   2150922.55886597832120335466078852229      
   190251.179270900264992720067020230576      
   244148.092137393932723904258135250041      
  -111373.171500283786369030943948885321      
  -1535.68346144518562953546431763410514      
   28272.5396707548185127877376817294716      
   1054.21729671709478632040555827137812      
   47510.1790508501404658770776932557848      
   2837.35486506211060620493081712398863      
   14661.8714628592543398610102960282553      
   8948.97231780632792044638764777584459      
