   24350300839.8124012822570793774366533      
   3146961534.99198635841353372380557856      
   1056754016.51537453164854285554238729      
   203418587.516875049717522415123905762      
   158737035.848534555122130039436292695      
   99447244.1590786704569735237838616967      
   40909646.4662287657475466434434278338      
   26469447.7089769414412910173466002809      
   10532817.6198448770827152422593211717      
   4720970.63952658383618560275518789093      
   2179354.43484294470790343415356402676      
   151221.698580076519956109749203637124      
   278420.290969122089724695776522679285      
  -132607.080842423128790861987727684578      
   4598.68210753552700889555874407361900      
   34838.9921089733649501425672219132041      
  -13155.6956707901550250095708213155369      
   63141.0432888122046573232501711338735      
  -7935.81510818799754737256055366061104      
   15033.5555302378450212092519401008726      
   23246.3145001750269190419759854713713      
