   597873.271469809821197694982409826921      
   413798.289445303556148454271865936198      
   178278.400510789627182299030675296814      
   131997.217681759841953078142391165042      
   96910.9664163458752590039252621797917      
   47337.4642269307776347283816339404987      
   30612.8045986801583531878921876115745      
   14609.7462690907609188475262325522833      
   5907.98726253144308417540672353893647      
   3374.74058301275014943247580067768007      
   242.822431533790922903171208570893660      
   468.934959436920037075060632513430128      
   21.0301921211661512331843318892913856      
   23.4629143456147683029494283824307270      
   250.882154398696015780820569214486740      
   14.8788240746052247440023378913562147      
   181.204283252076541485868398525988099      
   42.9439975203530612254404992889345821      
   38.0849889105285445301713866792836810      
   61.9896296369570757947415077902825316      
   0.00000000000000000000000000000000000      
