   158.228331797113790027468292636535468      
   131.322550332545551456429701424976001      
   103.055226537739982541007723054410633      
   83.7816435296683175411499599115635012      
   50.2563394650360457597764660979446097      
   32.0957947742838507363478664384009499      
   18.6980299804155273366242116753176054      
   7.60555109533972405379755268831168792      
   5.06226679593081714569985385826880730      
   1.30369801530618476401045218320348866      
   1.01257809631551696638088289745559076      
  0.979934773261130200139557238442297029      
  0.324806822474700912004127303102559849      
  0.946286465867264358166462307419430799      
  0.284137770942301980279014960573013282      
  0.477973110989698462042263911552388824      
  0.254380122793091530791010284790300827      
   9.14039733852685068724113280302808466E-0002
  0.157040395080291258680011819735382435      
   0.00000000000000000000000000000000000      
   0.00000000000000000000000000000000000      
