   591315.401515415958352857037410769656      
   501674.464126134067304761268223028132      
   322063.086912710119796020923753333638      
   176002.311195556412228032247151750658      
   94265.6302271370204324616105995406847      
   57347.8362187240184103509855810710861      
   33169.5937467671296137845499309565900      
   12659.0068788942917249235896105218222      
   4827.49801109080493093506874008589455      
   3938.92228289887203399264600016989347      
   1407.70747416309165879938249237419027      
  -766.017270410452806989438959922880792      
  -183.161967678712586462334668026372284      
   224.438816058686658069845297399696743      
  -260.785413589513346763337620027447689      
  -846.120123218626156455146653834385853      
  -468.238544257836544962427794489249708      
   148.011493676737440617681985935656420      
  -729.525198853631100095878445162950068      
  -935.910074843111174039208333568303029      
   0.00000000000000000000000000000000000      
