   596757.389735055614755358654363756696      
   505312.177753710351794629951713419663      
   318242.169938563612677364879396745999      
   173291.076218046545419004698108350946      
   99567.6641733182558103128929301494844      
   58273.6448613716102956429629044593831      
   30174.6221230504682868130118688573115      
   14358.9229412144275969194995279487939      
   6859.77885917672489280078527980072411      
   3188.22061304167662747916063026067317      
   1358.04128058890970465407595774300925      
   590.791278714813400472358202231840503      
   371.197160727395705018620795577347641      
   216.810587810022212709884419999247720      
   112.460548838968813379234758955095274      
   100.965949782156495573344060138067629      
   53.6812008517929593137820507942939203      
   19.4036685064283737180093942103149750      
   24.7019750403925741990844356365614507      
   11.5352853346716950519964560267102729      
   0.00000000000000000000000000000000000      
