   157.840780545268532771071611186942587      
   130.975131619279980549983361366015439      
   103.057075723606743039125240889486792      
   83.1084706805651789093764059162566850      
   50.1847015825803748446562590421427328      
   31.9081950392666508512652795385552801      
   18.0618975552985725841802876311573624      
   7.82771101007918874218299925037043394      
   4.37468555148466785496742939854476828      
   1.33825830667747878929034165912606393      
  0.707332781533727598984405995185622115      
  0.691655147073465173905753566030325943      
  0.295012619704531076991814208144971684      
  0.597466090798329943605336786405451772      
  0.255418476350707854691533368868348054      
  0.289636935192704778136025586119793933      
  0.126271171539835887095656185247066150      
   6.28517742408240294358171414089760127E-0002
   2.94655165898871221654249324680477840E-0002
   0.00000000000000000000000000000000000      
   0.00000000000000000000000000000000000      
