   1032016.39704842271011812116879346755      
   844347.388910802615073786200571801085      
   597659.328284866921655602247551417735      
   525325.857644456407302060210509197466      
   449094.946922592716047438528121925758      
   347260.374260892376907708453427638172      
   273131.119473958539136922213879721959      
   202708.195351144859507562121486007747      
   145140.508207492145257915764762553762      
   102230.177086641726095726861754910912      
   67789.3124429068788157695762545376151      
   44614.1990422393286839617311701837210      
   28280.4367598617198610525668005493451      
   17547.0838834731316969195458777094255      
   11089.0837076014861003215528701405621      
   6810.67606091595646251021150175307097      
   4403.56107882789592033460347883549790      
   2781.79086578638879586543829183500818      
   1716.33617593135688687954851610919733      
   1008.67322191065441819410561598035373      
   456.615459819203681632842520863930524      
   132.596069823192148091955731423271192      
  -81.9367547285091321606247812635337128      
  -158.074369460942707100265632159549677      
  -149.469977812082073557418545773128040      
  -93.2465093012816680708494353186328602      
  -9.68168984600804548802566454137741652      
   57.8958604301139312105518880966807288      
   109.469969762325842507258354486229386      
   127.616404126052866429456658383982535      
   123.301719895095555537222633458907570      
   101.463480682775924511227363965958943      
   71.7959248387348010485772813215399633      
   45.8108383843377410515194544373312862      
   24.8293190111162842217712461916156901      
   15.5832184133569996131018394469058103      
   13.5044600324934893178881012130452427      
   18.1332045788784756353055704698680548      
   25.4574771184793268258356180507459363      
   31.4791733215132345581530085722626352      
   35.9072262936676076008249130570000422      
   35.7799498464791022956012981960761531      
   33.0150113241659096781147812739794655      
   27.5976185499094982548487988932813756      
   20.8865019670423052291203292950329090      
   14.6694411850346588433574210487345956      
   8.88546073541190674239335388820460625      
   4.84856565840012618789650046643216244      
   2.17398730360556680813517186665196125      
  0.550103043238054796797588386288582170      
   0.00000000000000000000000000000000000      
