   1032017.77406774460421016673680944786      
   844346.300938862913873346910381252132      
   597659.789629095252615036076895578560      
   525325.940048103789874507570862877843      
   449094.629965221583523578384103165405      
   347260.648080058808335363677845817873      
   273131.013440689028042557214311590182      
   202708.146358199676204337993806386260      
   145140.635725565957135916850411212849      
   102230.047400136640574656198276495927      
   67789.4005368627896783756942893330400      
   44614.1614831668114612235458128949396      
   28280.4374661782720774993551290654075      
   17547.0991862378197318674500035848782      
   11089.0697664620948831558856705722341      
   6810.67946746644231991006905254745902      
   4403.56972630350401533950050548069991      
   2781.77365732914021238474977943820734      
   1716.35696923479208523380176827230972      
   1008.65326398318018599845661905725540      
   456.632158465678488953977926763876899      
   132.583385431047500713473275959018424      
  -81.9273941733632614316413986580754253      
  -158.081486159121662474442620637434957      
  -149.463903231788959402670007113556375      
  -93.2522556038746366312253845648754383      
  -9.67583178937251367973893721579222560      
   57.8899174866634186500844637907374761      
   109.475931983543863340952829553676552      
   127.610686041009796602979097575233569      
   123.307111614777075412924134236410224      
   101.458589764877429639727386550312224      
   71.8003528396454827043328015687729166      
   45.8069513218935703541047982202896951      
   24.8327622287113954153305188387739295      
   15.5802630816323362930530837813585263      
   13.5070414594750219020848366828206746      
   18.1310248198514175997267591502313627      
   25.4593817148530278886251130932865477      
   31.4775637709120713762694508597560054      
   35.9086642427074156222101316539489724      
   35.7787210506180141280435464355236410      
   33.0161263379467644779259951075540073      
   27.5966891374091977596919681487649568      
   20.8873118866196058473421597238234771      
   14.6688399637870740985487962924341481      
   8.88592001505603863083748639500226565      
   4.84831751624930219015350105171771558      
   2.17412460265060957763773834004093692      
  0.550103325499840600397357438990297787      
   0.00000000000000000000000000000000000      
