   1032125.99871335272629232774310605775      
   844260.445948722976205920566959263419      
   597697.201703455455666046921810892985      
   525330.563060148771372930867445702314      
   449071.805379109763237606524859290161      
   347280.352137878854570474705671335748      
   273123.972781893645861534834096496910      
   202703.542117519829601484190040198241      
   145151.028705864167645920699220599223      
   102219.703995164536096404631730944759      
   67796.3861539532751315667075903268912      
   44611.1974426507444771288854361773012      
   28280.4607075347230388067558342334462      
   17548.4151891384537864170767269368305      
   11087.7670539299902406767228185446379      
   6811.26334675448776931104006093461377      
   4403.84675192459283679016834252164244      
   2780.89577493757692982617641313044405      
   1717.48228371288404060818551372367709      
   1007.61370828280917987339222005731050      
   457.422647302468494959076126107448527      
   132.101389950835584017730112511600167      
  -81.6853582464460455691339016093540529      
  -158.159531210605464672778416955276506      
  -149.445431740212017842477129646711667      
  -93.2575145456657994534834302437536805      
  -9.63825712056169273777706815390050458      
   57.8305197155764189984046444960628381      
   109.563767537018262890929770680348116      
   127.523506030773362564188619489263767      
   123.398230629310716018836788810315595      
   101.386734981592480987915205886816198      
   71.8658349368524338634515490645551827      
   45.7644389992382567824466361671769820      
   24.8691492992691297686878214431519616      
   15.5643763991918597561214192253713136      
   13.5203340507515795549539224143620522      
   18.1335727522126676362579858274874115      
   25.4597922853659986369510594334809434      
   31.4868723499411724077776315679348083      
   35.9081780785277960843543042165183460      
   35.7844327650171437360524077492821170      
   33.0215732944242081883208546062717143      
   27.5967621892225810358833928397555806      
   20.8958588095357527232813898669072900      
   14.6696940448860895535288101511811755      
   8.88983417905636198393813724894805510      
   4.85615420094888856325247411644845085      
   2.17123877492728173458794666733369191      
  0.561333288482115197862438248334985930      
   0.00000000000000000000000000000000000      
