   1032161.48450252131396827609584179260      
   844232.268678016119051651413736860704      
   597709.571582847397222992264933971399      
   525331.891251697210034245800930944254      
   449064.539696886083007734980133031419      
   347286.639420758445444904817767560218      
   273121.742955209794290517437597256801      
   202702.051882348399106383059325564135      
   145154.347877529510128244981024417041      
   102216.430865275406270601913345228875      
   67798.5578503131226264094506469158681      
   44610.3306416857633573725328220761780      
   28280.3766317470832467447241354883892      
   17548.9311323755993503918854124692982      
   11087.2551895674077488542615496322847      
   6811.54288650843150376315353416241819      
   4403.84611074222133320655987290628272      
   2780.69886448932834237801221690746370      
   1717.76468275604210862432780803498445      
   1007.35101247601852211399720567299956      
   457.613498993481048172196760917444120      
   132.001227179251151750667331862161516      
  -81.6550457767822995817744616168341037      
  -158.143648930294838496815815605367411      
  -149.475539845161099850982354145493656      
  -93.2274867130189903839333224622679314      
  -9.65468975254874118559033020080386007      
   57.8367561856231820351789104393684540      
   109.569211191560978895149182589391742      
   127.515466946992869393294768000709088      
   123.409824275829405991080348933365326      
   101.378790920974514567085263375134656      
   71.8736904966187938761289898006558541      
   45.7618247028721024425639066629544028      
   24.8713123730450478158176126659392548      
   15.5671032896103518625674030317157512      
   13.5178760246313323907290458301887633      
   18.1397889775403290571139711095939074      
   25.4553130089550641855882418236653738      
   31.4934125910502314823407592640243259      
   35.9050270094601088714639972660204762      
   35.7884040244005107155888683858278230      
   33.0215627347538332757731002943925460      
   27.5978498226560885864079662340832328      
   20.8977666022151940091882303767498730      
   14.6702548239899531823282009298664304      
   8.89088426660749084673318996116592015      
   4.85848470576851464142721491433112989      
   2.17040461212386148354073691852302560      
  0.564643627728735724837840782115217365      
   0.00000000000000000000000000000000000      
