   1032353.90056544745452387335771936588      
   844079.525889999652615645233704937142      
   597776.697391810046870586952006140356      
   525338.742536262721489428640282429426      
   449025.686246193853772709352840177271      
   347320.323878330105345761495040387559      
   273109.643963933237668800747733284764      
   202694.436238876137572726860614982851      
   145171.579944899130157109072961096609      
   102199.518664931819194269756396601966      
   67809.6022441271312412953461947905044      
   44606.1785793763211994644970586114624      
   28279.5379125090266589862256048895311      
   17552.0049167860746447949729601549766      
   11084.2410861453586168624938871591787      
   6813.29817034913560676255920360161848      
   4403.58690767174399412838914867464128      
   2779.88865932276224036963927590798280      
   1719.05394792864356705181287473918208      
   1006.13149070133346988468537679630136      
   458.486767752947156200222439158877126      
   131.573949683202268945221305045693665      
  -81.5721672128932939019468763178842896      
  -158.002249518453606477081760154480275      
  -149.681922976581702617198642484307469      
  -93.0292548089443787169605938814355961      
  -9.77890155660219794886988916297590146      
   57.9030050921440042771211766931056147      
   109.566574289944056989440247006189098      
   127.498831744550625183953361125273259      
   123.449006701884250082164827007196902      
   101.352141862533221700158541288703987      
   71.9038000229170622170618514428842421      
   45.7535170100217111880226131227367031      
   24.8796058014161831737004886502626352      
   15.5806010142501332837407864721435894      
   13.5063309287871936853621810127871156      
   18.1687300584001496625621368792910523      
   25.4348094005710734952065814854564623      
   31.5232811062779920501397776161002488      
   35.8916849954980434435275342137067563      
   35.8049548632817859209162930737696361      
   33.0243664853885572281040959965276097      
   27.5996571202187230526969838609520447      
   20.9102752480710716604457224223899968      
   14.6696146461435515465569235864550696      
   8.89858120066571059188834508446593259      
   4.86752999015263832694694506668044445      
   2.16758238588704555560921677160637436      
  0.579850529384562421339656071337596831      
   0.00000000000000000000000000000000000      
