   1032016.15536676115673568135891615335      
   844347.579662904817866595280072900480      
   597659.247976965779071153121410476130      
   525325.842143961789039397864256895201      
   449095.003749323839626681927715549277      
   347260.325083684791745400473927394042      
   273131.139045933407480175239636675592      
   202708.203163009103340205246153020113      
   145140.486515034246007320602166787955      
   102230.199224663206447969617331346735      
   67789.2975940492156681707528875203972      
   44614.2050486347088843586721787301675      
   28280.4372058206625809725993824175664      
   17547.0806816802708191263859993631904      
   11089.0866257387254218568298653502775      
   6810.67506466123257210815884192805282      
   4403.55990903757373253643993459591881      
   2781.79360607423444869853776234810553      
   1716.33276686964558592488857021854820      
   1008.67654013462009381631993794834697      
   456.612684667027701560727306630249637      
   132.598188139595685877911466025296195      
  -81.9383127985798790121768376005636713      
  -158.073162058450755324717778886599957      
  -149.471021177846466737448238669809041      
  -93.2454850064944600851032057615668869      
  -9.68274739627109171783559076306743040      
   57.8969656496698930045464094020952416      
   109.468853601855308328561429661269881      
   127.617504082928828808143143492269300      
   123.300675606895207524774167496400785      
   101.464458079887800930575334394439477      
   71.7950323555987833481931237799434951      
   45.8116520179399457883022723576551564      
   24.8285915071764295015262437862714879      
   15.5838721570891653849818513767100233      
   13.5038840303822763150747951639021063      
   18.1337184040254373675812976996765854      
   25.4570269157420498388689057613596663      
   31.4795771836308985695040912414144126      
   35.9068704316629389907580275873170149      
   35.7802721961611863387885810432431679      
   33.0147287819551696928231735750739221      
   27.5978700354423650763033172201774975      
   20.8862926994399993263938107727311178      
   14.6696142003779317495663615617870418      
   8.88533475347815680263523688501669858      
   4.84865435067913173976238848907332274      
   2.17394053531826678586179819800434137      
  0.550125333387170140344580307549885706      
   0.00000000000000000000000000000000000      
