   1033653.85253373247365248574851250555      
   843054.154447776785789581364676994980      
   598218.961782994628131190971984419886      
   525389.207835198925035149356446802864      
   448768.189225660804984660001375048358      
   347542.143024017984205175148261154602      
   273025.165102464933618179644265601961      
   202656.649661993845288257420208159465      
   145267.575044061732044871035997432033      
   102105.769616274790383348888858178874      
   67868.6757436905284305630858355842365      
   44586.8765552023156526772313491003154      
   28270.7121537940370810636032749972323      
   17572.8372710118092820594304326453220      
   11064.3089411811363185221734672129450      
   6825.71989523916898185933221684754662      
   4399.76941871594367944567405209779989      
   2777.50168381171464418383677004904339      
   1724.36708551994974636514632330492750      
   1000.81965856378744847921787607653649      
   462.292141984055816753855131859587640      
   129.811394809021692573620003099864480      
  -81.4050158325154200421716315103017946      
  -157.150150383101313591008346129354566      
  -150.831591067335210838025773075378433      
  -91.9365478913187396588075424121289138      
  -10.5348248377651707394772466614007526      
   58.3712650723638176876692457252919921      
   109.402832434920016959677358152152832      
   127.529365710139280574640809124018480      
   123.561272774856880326645138007184039      
   101.238580742735976461447088160536651      
   72.0718647176702113561293625223659028      
   45.6447246816352303144122039727284849      
   24.9972663031939335768484500899475372      
   15.5541453972869895617515110194958025      
   13.5219035560726803846465233241516402      
   18.2423019367402007664009572221692009      
   25.3723725904204577976525768321015950      
   31.6357064777914484609035130062221900      
   35.8362292836804245343847280629569697      
   35.8712918511761008084730214797071982      
   33.0385651095146155350054145285013973      
   27.5954724147941976533787069884989769      
   20.9759653595710187115940769951142233      
   14.6467002719883017945467628544044027      
   8.94771608810431738604603539271480790      
   4.88697782699467185105384191787221301      
   2.16604693264971666653725336666246262      
  0.634334528242125121295812728115094801      
   0.00000000000000000000000000000000000      
