   1032016.18113166123610508816764101651      
   844347.559334698463766243476540890465      
   597659.256514347707671254438931548630      
   525325.843834114073291811340411661527      
   449094.997647556313064345709279367384      
   347260.330367671550908586807951480611      
   273131.136923198193377470225448991174      
   202708.202360853595225974986004241981      
   145140.488799943722271577422231038757      
   102230.196890573714805038524759246860      
   67789.2991509793419113783592496749684      
   44614.2044339830565613582510725475921      
   28280.4371327546075787994425208242764      
   17547.0810471344277467579992055952211      
   11089.0862917635263170834947937653994      
   6810.67519159500868104891249737904191      
   4403.56001455811705823828699505906807      
   2781.79333103906399350251407680114454      
   1716.33311447538609574683902168423508      
   1008.67620043239727524577128184980980      
   456.612967493303994715865573483297181      
   132.597973726096597647134975240460115      
  -81.9381571896715600745223603311777107      
  -158.073281835290809770643568214990473      
  -149.470918021920444182799274475267240      
  -93.2455876069439134851352421406339251      
  -9.68264048638178486909366059043725600      
   57.8968523092334088188766893681627756      
   109.468968725106275293411571750572014      
   127.617389496189167348483402005017447      
   123.300784714952715043167599834216926      
   101.464355070979106708716863637140369      
   71.7951266124815367132396916341446089      
   45.8115652868999329706701493152610678      
   24.8286692083625350724124272910446242      
   15.5838015837018691183355390813709627      
   13.5039463276048399044918034888192586      
   18.1336621356543600690248630276128222      
   25.4570762823923390496995378974503245      
   31.4795322827572278926780874268634741      
   35.9069099768383720828601757560171353      
   35.7802358628069266741576382701047022      
   33.0147605252328959369160662243739321      
   27.5978413439923120710253447841414727      
   20.8863164483730453615308877693669747      
   14.6695941458212371010275052322050511      
   8.88534927088168594175144574485787717      
   4.84864371156165822376424675708703037      
   2.17394611697596877803608151648852724      
  0.550122320741475994877891246625129687      
   0.00000000000000000000000000000000000      
