   20425440514.1510805323428013860287339      
   691537272.980830006259338096419461292      
   378749866.710679779302829129160472104      
   180663776.618499125215478831251308174      
   107124455.205694017498750938861048824      
   70844938.0298152454824140106474404598      
   45024572.6915532914220633892407885773      
   28835785.2697998360211317631555736565      
   18280604.0944829968045728511192900968      
   11302313.4843902164542843008396471715      
   6907213.16816148821377166104349834443      
   4153682.44080966968824078456849589153      
   2470450.22454606650003457725073746527      
   1468139.99134013400175283710192270824      
   875260.292752587636381894707982797915      
   527630.844637689472904607302563334195      
   321898.147105696710194727883376628551      
   197065.801308672532267239536202889722      
   119286.234794919328680576905647551797      
   69485.4995130199806947663290850744183      
   37345.1141700221710024044928644987592      
   16987.6812198744353543765436717964152      
   4715.50811925818316555503104072253552      
  -2004.51444829248837371482345099697761      
  -5065.76062593053646556332143554240297      
  -5897.46630355711982733004861080450554      
  -5532.92591913062011438935761729345094      
  -4669.65644009314787004028421969427634      
  -3724.24355099358020777205616905657267      
  -2904.02074781522196414011245242618341      
  -2276.20949964076838102802044409431775      
  -1828.86118466274348766580651062685353      
  -1516.04158739662179068710343007411444      
  -1287.55060492460774118708610776165773      
  -1103.50792183762554994524495081470918      
  -939.471775191426947254637622039304202      
  -784.544616844963754035679598474844233      
  -637.379885728879386618436625587808998      
  -501.270812835180421255741909466031810      
  -380.713545456271287149986703647710514      
  -278.933544047132194447986073034794194      
  -197.175748032186783314444675767428726      
  -134.554047956212231758284160521201577      
  -88.7508554965694648365078522100526033      
  -56.6274229590743523705746321877346324      
  -34.9873280245259635065936682775508922      
  -20.8065255410002192940523093259493270      
  -11.8123741326541328048007705378158485      
  -6.26381308795537155155214014119166725      
  -2.70978808722709383618883997653563350      
 -0.622570059371929168181733877203995093      
