   20350780112.2481994272951617512741840      
   712044173.720648757035442915165884798      
   377954310.937488348442381635268495911      
   179575368.565184236383809056072563751      
   107616518.417551039040454269832950177      
   70651722.5348547515216309488957782158      
   44980233.6749673711913950667435961974      
   28845948.6535423629431750309095276927      
   18257973.2205089129262722788653474113      
   11310420.8524063279473700041341105783      
   6914355.80011310344112196253926869007      
   4159470.25536089990887359931737678389      
   2477388.79303670679935521517432563595      
   1472253.53282781892688857750694606406      
   878071.172909607479260521837237832437      
   529372.896761949258613824181454433416      
   322764.671070089196194394609928609463      
   197645.660768621154970228352563057024      
   119731.655931616278267491458651586633      
   69943.0094678266998014147410110093562      
   37871.0037014512777323290627335578633      
   17554.9245686696698511853372644556569      
   5294.35826699792805928175876157681809      
  -1453.26206279274578573804354110754916      
  -4571.62488298419915640402349221489247      
  -5473.88982890510013489087305540540776      
  -5182.95456340256533881123078606940029      
  -4386.92531138351549867141848702521011      
  -3498.31512816939236508078492320828206      
  -2723.44521968742960798707474529821453      
  -2130.77674353912710374106764665362817      
  -1710.41956534141794613757711137212615      
  -1418.81566180829473871834936223900563      
  -1207.49282392750509326038942478855918      
  -1037.94722944993107495879503531230830      
  -886.380952750557100846029379729061565      
  -742.310829895161412591348933626245446      
  -604.445478690559321118352630439008656      
  -476.176635816929541687253527425421375      
  -361.996575425634116681946864569886404      
  -265.284355605980325100240101301516265      
  -187.394158237427958445693231605085968      
  -127.670139096083102440303193938335654      
  -83.9663795565246816446843198102791715      
  -53.3586766869145736726699808793734564      
  -32.7756596984234144925809861563710161      
  -19.3750568574045132251027947568161410      
  -10.9133336021746249565706359635827366      
  -5.73444936171244757088922841995830050      
  -2.48452225324384323073413166002281626      
 -0.595537096255019683151709485070231462      
