   20425439415.1664961342923767183596596      
   691537578.933571944204086155532806486      
   378749857.754253259446590160950249839      
   180663757.130160761976677142408781718      
   107124463.914008666884213547579211260      
   70844934.8356842842138490597020035550      
   45024571.9536291922746641082094674264      
   28835785.5611197184620366423358096918      
   18280603.7344808519653062742080670701      
   11302313.6079928875608878452257519137      
   6907213.30483097372561109891798896576      
   4153682.50716075402455327767150516648      
   2470450.33540433011783262715140561104      
   1468140.04490285712398201370451136781      
   875260.331967854515185725772659351483      
   527630.866986729365215300963913396845      
   321898.158611652636761913310075669778      
   197065.807711110252774332350151772164      
   119286.241473429299130689986382508185      
   69485.5052451334081744419090969921295      
   37345.1222255885256158170192591145336      
   16987.6890995596939909314282467152617      
   4715.51677634852337793428257154937410      
  -2004.50671713428812977519761354465598      
  -5065.75337727053756892385613666309286      
  -5897.46042952801141945209393608356816      
  -5532.92085585996654962801164611039783      
  -4669.65256474163927855417718179102617      
  -3724.24030311895770783357929050789945      
  -2904.01828293591920742558947072563150      
  -2276.20740413538781462981286561692978      
  -1828.85956089312102958298823650930094      
  -1516.04017833861838190983678336671144      
  -1287.54950060338900867857135209169072      
  -1103.50696926710325307228754314083814      
  -939.471041526724365573478007430896294      
  -784.544004655128138416185660544059811      
  -637.379431899712362008132226113277124      
  -501.270451197684653864864211432070791      
  -380.713288425677381203608244166152695      
  -278.933349049030433032867261164742849      
  -197.175613148956013866073205011170378      
  -134.553951163604800871272421701645285      
  -88.7507876888452506916436407192622335      
  -56.6273789495776142814266748759908525      
  -34.9872939896687055850821208675636183      
  -20.8065089392675011436120343257083576      
  -11.8123570595301389447863694326273857      
  -6.26381035821724536119788551804779888      
  -2.70977957220635840749782165079553073      
 -0.622575638091649544077544582114904442      
