   20425424117.4635607345262941110921737      
   691541837.738592019006220588789972217      
   378749733.071012686170887472409577084      
   180663485.868458465734920192582007009      
   107124585.126609991492811877700635715      
   70844890.3755759627799172447575894142      
   45024561.6817216973450143448990887172      
   28835789.6161296002088909547136198100      
   18280598.7230563730858663053099221455      
   11302315.3288199716043367456115406815      
   6907215.20688423386558214444870865447      
   4153683.43103593067488220359179330344      
   2470451.87833359101529348328287387804      
   1468140.79065434967895209459093288290      
   875260.877724953923367164999831434681      
   527631.178197087906281754788657203384      
   321898.318686177717485502112503953747      
   197065.896917861856483257162858212542      
   119286.334368106617156889100324562520      
   69485.5850982910460695663554010249794      
   37345.2343046438206407673384764597863      
   16987.7988308215056549328629743407347      
   4715.63724125922749266334725226598656      
  -2004.39906401159758334438435878692173      
  -5065.65250791034392603348745339132631      
  -5897.37863537207661170982505251358368      
  -5532.85039962285675090636521007320990      
  -4669.59859830919542155135087825774285      
  -3724.19511150799650389391984387863296      
  -2903.98395524077769875999580000350563      
  -2276.17824911766407818945081807765427      
  -1828.83694543246168095092708292427841      
  -1516.02057517815414392113437594592458      
  -1287.53411904914273246206963265027703      
  -1103.49371757625211688624059113429870      
  -939.460822066257999498356338564453993      
  -784.535488745458311901591916273656136      
  -637.373109823051950008786504526657255      
  -501.265421083696599392122331797015466      
  -380.709707484117071100364685760191735      
  -278.930637009640043501321704926107377      
  -197.173733896888123835192169078018377      
  -134.552604879514352049881992530788246      
  -88.7498432778499524359789246997748551      
  -56.6267663682431747819954868546752728      
  -34.9868206405751258351989669934442646      
  -20.8062770222037092512368429185022914      
  -11.8121205889104743687149710090643052      
  -6.26377084347497902504279201934158481      
  -2.70966285780959664981918286229212626      
 -0.622651210829192011755133556710041992      
