   20425302586.3162822407088269138094085      
   691575670.620024946397391037304886971      
   378748741.801413048337756690124147929      
   180661331.722303203888096955475067262      
   107125547.701430488362929351465768609      
   70844537.2800539640610969112434550957      
   45024480.0705718204375871341603056547      
   28835821.8223132986531785883225888204      
   18280558.8943338865685817745937466779      
   11302329.0189338927897105911491487331      
   6907230.29375630249539619521737538254      
   4153690.78868764922654592651982187106      
   2470464.12301935436079411909890927270      
   1468146.72587569385077467626714197490      
   875265.206240037264742115565359885785      
   527633.657893781474279629099342015165      
   321899.584925892553125997727675875219      
   197066.611028574341816921584838047193      
   119287.068024672520759633837545454379      
   69486.2234267948516961874180259739189      
   37346.1213927164160503144845003166032      
   16988.6735101213247002895209644963328      
   4716.59176252315986541681251154361886      
  -2003.54157144979637828190446483973091      
  -5064.85305415190713054591564465558750      
  -5896.72708055010634042086993172112757      
  -5532.29211017652380250518884234464854      
  -4669.16851977815437299199561334554232      
  -3723.83719857831113095033664330839013      
  -2903.71021554328543146164989970862267      
  -2275.94747895953637894415247736657525      
  -1828.65650500782220730444323746461676      
  -1515.86548327117596014885350883326142      
  -1287.41134577928020634225920512211876      
  -1103.38891800715773426694579654326148      
  -939.379215212691220849751088217228018      
  -784.468177338278401652124467763562520      
  -637.322590818396922944885002368447876      
  -501.225693169922592002152932343938147      
  -380.681066519294632664026570815813482      
  -278.909236466313390508471167934815541      
  -197.158693934723915255450378009966192      
  -134.541982667626218920128834652004277      
  -88.7422964821525625568648673575994215      
  -56.6219145487915931201267155070443511      
  -34.9830697690315206408576118258719587      
  -20.8044018440507699394350813747857985      
  -11.8102947296065034432626730572572312      
  -6.26338579172464114712477735391779201      
  -2.70882298695105948815736582230145341      
 -0.623149586742795784532922220614908967      
