   20425164173.3172103160570277709694806      
   691614201.503868025094149957875969835      
   378747611.247447340322269861335447929      
   180658880.215879554491626135566430821      
   107126643.152418522176005170110325713      
   70844135.3795095250915786878315712993      
   45024387.1099272671730999230001904977      
   28835858.4819357211853020795950019890      
   18280513.5004670303427392136649043815      
   11302344.6503807108511213044051646487      
   6907247.42653356731964950447383054156      
   4153699.20577757110735183316700916481      
   2470478.04201837307974945304555328883      
   1468153.50727653258086731208728673094      
   875270.121718085563840791424254441492      
   527636.496690208582122455716090666388      
   321901.016351065956016192199293171557      
   197067.435032450662802142726086594916      
   119287.895159727433478184186901797780      
   69486.9580763585575006953365681314297      
   37347.1253512053185593969881017502481      
   16989.6752771593137449105216936136823      
   4717.67415965539757683674738141183187      
  -2002.56073073469635604215361414280858      
  -5063.94605722620849910631080098708332      
  -5895.98177321933610154049021223590648      
  -5531.65889954155378175430983561720367      
  -4668.67623279983946373470548213023391      
  -3723.43155697712628335367286345845099      
  -2903.39659796863786375123107589383217      
  -2275.68615830528835384365170702806809      
  -1828.44962153124999762936480921279094      
  -1515.68997627373104631472173238464700      
  -1287.27050458149798505771353404005185      
  -1103.27038995425589427711270595381497      
  -939.285540869420521425446572123589213      
  -784.392106895190630905754596525644526      
  -637.264543637505026352952380357448370      
  -501.180849377011483450820328614221119      
  -380.648111023700293100950901094566712      
  -278.885116736301022227068680349750519      
  -197.141366945888366300842070651671470      
  -134.530020129180686517272590097850999      
  -88.7336126215236533744676902678358341      
  -56.6164298720311714079793617184708501      
  -34.9787949345619993895883199549057575      
  -20.8022326418773649525530707159501246      
  -11.8082794981588966618086399215725987      
  -6.26285494139760975197212151043411827      
  -2.70798304488909803676225461715725184      
 -0.623578888345413537649748708472545354      
