   19915663353.3113949863381074439796674      
   516225164.917226842552330312886279717      
   308840120.996690933198072164191493093      
   150647644.992109075778337591246869985      
   65395630.0679072202486474003869719041      
   31373544.8286073296368858010327571280      
   15823030.0363072381698179687935708558      
   7349894.52728753841726791130027056693      
   3156729.62098561273260982351853053899      
   1400742.00179018292459711499531600084      
   587867.078336298349564653761171951935      
   238039.668201922545041513207216693245      
   117610.185933204011121427493975415887      
   63676.9713648293182800845788618387452      
   35141.3896295320239311588491253660001      
   24231.1270025911402454086151049490769      
   14861.0177325412063827212075315222739      
   7019.94273395388041323489065738830340      
   3916.49754002124991290632740432902454      
   1886.83278518829345684469910733840358      
   281.443542773838753800913346030294203      
