   591571.747219924125100096546409792517      
   501756.672571521233393597872155871770      
   322590.755265787829410448172724905062      
   175493.659072563328881012267812234694      
   94760.3442876070111429071556983840064      
   58128.6393660451156759982869762005077      
   32469.7923268965980720026517472327770      
   12956.2540463852310512939782544579765      
   5527.01036059328457831482585439933027      
   3846.69254827277640147089812709855046      
   1301.57339400335460580746596775523304      
  -336.903278659900639421051117222933763      
   69.4256056790222752787718452841781289      
   325.521682722062324574578560805921430      
  -300.828775138235659546910229333658586      
  -536.636510673935402592582179021358385      
  -27.2296644498742110299043274787499975      
  -98.8140374239318419415574392888721030      
  -535.074223327707856666596282872944215      
  -444.562290533643056638052431975225178      
   0.00000000000000000000000000000000000      
