   4.83784094854166945759013823619004736      
   4.91646021195573331872074237159618613      
   4.99632110378762255764736245449765304      
   5.07744496070191141341399330880996635      
   5.15985342987777372030432087137510805      
   5.24356847479169335663663855153473001      
   5.32861238108311508570478685964678106      
   5.41500776250296079290843666958080452      
   5.50277756694514304440405098585277484      
   5.59194508256139125273891412289804277      
   5.68253394395986816093469794596178084      
   5.77456813848819819590362489379539418      
   5.86807201260165658863912236451660883      
   5.96307027831738087605905692485435659      
   6.05958801975556614412073445077547587      
   6.15765069976869361357716551050558762      
   6.25728416665992021045530471221824380      
   6.35851466099182575448365777331646785      
   6.46136882248677535695231281160982588      
   6.56587369702020844089573794538005302      
   6.67205674370821326923064550295037590      
   6.77994584209078768232746737441339946      
   6.88956929941222351112411643780930449      
   7.00095585800008437409625763715808667      
   7.11413470274427474606024779796229955      
   7.22913546867819237705209491970322146      
   7.34598824866068017272681299515719247      
   7.46472360116743177147910482389928597      
   7.58537255818393950096321856637236459      
   7.70796663320871512293192722762063761      
   7.83253782936551794879944369387096283      
   7.95911864762667259912287539415520705      
   8.08774209514911894718932682419498810      
   8.21844169372485487204156700404308609      
   8.35125148834696580321418081587332159      
   8.48620605589378252795395630079449464      
   8.62334051393180511979328185015122040      
   8.76269052963976389560612738327388401      
   8.90429232885474990759694930532584732      
   9.04818270524253882951487546790037906      
   9.19439902959352539996291299915364160      
   9.34297925924582887713795807341303569      
   9.49396194763715489313013032734559472      
   9.64738625398696557218986335571710077      
   9.80329195311049378926268295792435930      
   9.96171944536610266189166066484910925      
   10.1227097667374922773529926137331894      
   10.2863045990522091254762858451848262      
   10.4525462803378937814185504612230045      
   10.6214778153177640007499939992715362      
   10.7931428860461200044822852658846160      
   10.9675858626866790069461750452013017      
   11.1448518144330196082415547854756290      
   11.3249865205739356713539111938361896      
   11.5080364817041092390129909121135944      
   11.6940489310817449824756905340520073      
   11.8830718461337132442638653090403700      
   12.0751539601096191379206803194605055      
   12.2703447738855859132509362806512601      
   12.4686945679186548715033901093776668      
   12.6702544143525982495237550509651109      
   12.8750761892758564717243418977876333      
   13.0832125851322198022964327927670141      
   13.2947171232847763404676462212147332      
   13.5096441667335430908215258682471324      
   13.7280489329870840887480089771076184      
   13.9499875070882988248407164382976625      
   14.1755168547944350241027028081893441      
   14.4046948359112417033105214533137803      
   14.6375802177810308332434012920484690      
   14.8742326889237557799380821441826042      
   15.1147128728335604825099355989221655      
   15.3590823419225763378546073246165872      
   15.6074036316214397700173445503009622      
   15.8597402546254235897406262703197834      
   16.1161567152926850507896473147480121      
   16.3767185241894911618510562638285768      
   16.6414922127783516135741681444387822      
   16.9105453482515744618180020540254186      
   17.1839465485052249713205541020068071      
   17.4617654972514115152959853284834625      
   17.7440729592658919913829152285775979      
   18.0309407957677086921292912610310246      
   18.3224419799271701459295635811721977      
   18.6186506124981797350983503310729636      
   18.9196419375704553614311687626879330      
   19.2254923584367983999090953710932726      
   19.5362794535701119058875677404448299      
   19.8520819927044652032377139295428174      
   20.1729799530135390974865509492146645      
   20.4990545353805900162615177017213432      
   20.8303881807505299236259023024881178      
   21.1670645865621402591649466931805912      
   21.5091687232384927235475865465074210      
   21.8567868507440277592513361391233374      
   22.2100065351848624795523514031574981      
   22.5689166654470820364902274389337767      
   22.9336074698606630010095924145513082      
   23.3041705328766596034689183498325807      
   23.6806988117444461092367219449107779      
   24.0632866531750354500639580812729870      
   24.4520298099750381941942420480063520      
   24.8470254576355759735274298761009941      
   25.2483722108579495972477523200932221      
   25.6561701399999992116252301102702114      
   26.0705207874201444738421355859210046      
   26.4915271837010785497556741324270275      
   26.9192938637284731155634193858776178      
   27.3539268826053142732728697471830999      
   27.7955338313696359006116999644692261      
   28.2442238524943384407492009424876858      
   28.7001076551411794716503527959358598      
   29.1632975301332292639997044132461600      
   29.6339073646184849782878875336485298      
   30.1120526563884159232379257815660845      
   30.5978505278151659661620935945764411      
   31.0914197393707600266336970352021851      
   31.5928807026826775073472242428044356      
   32.1023554930878830646391025507284459      
   32.6199678616377808478813094340433783      
   33.1458432465021731783990552147616418      
   33.6801087837241510197589451701758844      
   34.2228933172718600443536883675479762      
   34.7743274083231404544309387477365969      
   35.3345433437305590770625792676656580      
   35.9036751435955498092533822340301373      
   36.4818585678854006697290154760852300      
   37.0692311220214379564417222970149618      
   37.6659320613609390823757198905524710      
   38.2721023944928121763401941488619357      
   38.8878848852634444251296410641808745      
   39.5134240534414503433548605886034197      
   40.1488661739299155205482154900297344      
   40.7943592744265719205501563248830100      
   41.4500531314305116429436120178344081      
   42.1160992644851588456387373985988453      
   42.7926509285492578710467267820794655      
   43.4798631043767438411166561362159243      
   44.1778924867818905588867265210975128      
   44.8868974706687402294591350156604687      
   45.6070381346921198348898076030789141      
   46.3384762224135989089310511587610276      
   47.0813751208201190491219316044740805      
   47.8358998360593199193266885679600160      
   48.6022169662472119300584152591840094      
   49.3804946712034850558053633680646696      
   50.1709026389655967022449900388375732      
   50.9736120489249675999075706936908092      
   51.7887955314406778072265388848246609      
   52.6166271237685237202753925817357565      
   53.4572822221587655190773367338132017      
   54.3109375299626013105233336987149787      
   55.1777710015928889445306825760637509      
   56.0579617821838147247769390595330827      
   56.9516901427896821872906823200276037      
   57.8591374109642453865186746972733439      
   58.7804858965549643147890327610537464      
   59.7159188125448625258038941567925712      
   60.6656201907627718889186728076889945      
   61.6297747922748807080237509029217751      
   62.6085680122544242020518754924186479      
   63.6021857791078584346556248759328261      
   64.6108144476107868306048887413608389      
   65.6346406857771832681703302964456780      
   66.6738513551479675898038241601649856      
   67.7286333841405552883580869364723783      
   68.7991736340481025082120070240831841      
   69.8856587572169005903457476084856137      
   70.9882750468595118121910907159397727      
   72.1072082778851274261684801542785847      
   73.2426435380406335572405767338531782      
   74.3947650485635360874625408885345985      
   75.5637559734486630959734221821039471      
   76.7497982163261957124355645607123595      
   77.9530722038458579350506740542395050      
   79.1737566543539495616926652015784266      
   80.4120283305559167754844148082515262      
   81.6680617747631328204345803280305617      
   82.9420290252490098601150253912897544      
   84.2340993121827698201793601218959784      
   85.5444387315790886266967929111809487      
   86.8732098957030501768155793313050199      
   88.2205715584119785805399812227903053      
   89.5866782140023503527005831420022015      
   90.9716796682708217312205313791230798      
   92.3757205806991650039521167159325914      
   93.7989399769384430654044994808244900      
   95.2414707311052787109110454882756691      
   96.7034390178121785155396475509391475      
   98.1849637343404155632714702199611878      
   99.6861558939203171998634415331317938      
   101.207117991710497747900267014734404      
   102.747943345752487720013082241101255      
   104.308715415906496108250144767736679      
   105.889507104533963270533970201705476      
   107.490380043452978127844998987934012      
   109.111383872434556165054563999310423      
   110.752555515190742044519364935596679      
   112.413918459403212454092690311351876      
   114.095482047809644672442642398473210      
