   4.12995165818028870798819995496579489E-0002
   4.20337524991917681880740573373167967E-0002
   4.27791377880260004870155019406203438E-0002
   4.35358605734560996439527908871827032E-0002
   4.43041120072874585508977731920978688E-0002
   4.50840863098920365451335339866182906E-0002
   4.58759808136969753437673390308188370E-0002
   4.66799960081731226409337083997650695E-0002
   4.74963355862557433734708379868502210E-0002
   4.83252064921381101126853416011235897E-0002
   4.91668189703862666270137275250832101E-0002
   5.00213866163301261761214255722856890E-0002
   5.08891264276922672719179313205128023E-0002
   5.17702588574213876472952912234895664E-0002
   5.26650078677024301151792259101844735E-0002
   5.35736009851199549843207821778943410E-0002
   5.44962693569554511115660818466426305E-0002
   5.54332478086029954743265521242780463E-0002
   5.63847749020910291855040868560572704E-0002
   5.73510929957010521862638020031464451E-0002
   5.83324483046767819970354990236215058E-0002
   5.93290909630198031971678023068756693E-0002
   6.03412750863699801976810710177812759E-0002
   6.13692588359709403140432630136396079E-0002
   6.24133044837227781648708931842194474E-0002
   6.34736784783301283667339672729826547E-0002
   6.45506515125249249602457608002390852E-0002
   6.56444985914358596293675450113645372E-0002
   6.67554991020251722674351443498307703E-0002
   6.78839368836676396081044138938385215E-0002
   6.90301002998555488993952296622515062E-0002
   7.01942823110451454721744716518049758E-0002
   7.13767805486568114956176356956473899E-0002
   7.25778973902421609464351551792787007E-0002
   7.37979400358276732580474322179467236E-0002
   7.50372205854575220203360850026391602E-0002
   7.62960561179414298747273328547019161E-0002
   7.75747687708298856314374621858551056E-0002
   7.88736858216264531581271480771997438E-0002
   8.01931397702583824224865139287213626E-0002
   8.15334684228207976804135667932046287E-0002
   8.28950149766115826069803232054140563E-0002
   8.42781281064748310163596268713033065E-0002
   8.56831620524709391572052540793907233E-0002
   8.71104767088917807600403528515999739E-0002
   8.85604377146395999389349145045307210E-0002
   9.00334165449887804185093735112516396E-0002
   9.15297906047497456393439193580016948E-0002
   9.30499433228545926889509791016851660E-0002
   9.45942642483851655497454660655665795E-0002
   9.61631491480583576835888886292132879E-0002
   9.77570001052024116260546295307505628E-0002
   9.93762256202264481550696258623857745E-0002
  0.101021240712618134579839042122367796      
  0.102692467024483263552436917125156706      
  0.104390332925652918232507980299070485      
  0.106115273620374611972842070283612932      
  0.107867731255612456926307426857682140      
  0.109648155030976446197029269914977063      
  0.111457001310302779926981610182085429      
  0.113294733734907047959446089609627084      
  0.115161823338532198482850028561671665      
  0.117058748664013328955249619127021113      
  0.118985995881681432165930667172395797      
  0.120944058909528316353951561348693434      
  0.122933439535154993690525363280387869      
  0.124954647539525895666017569696179680      
  0.127008200822551326619716345748233501      
  0.129094625530520607455859812115501026      
  0.131214456185408390017031403763869854      
  0.133368235816072072526274147271100415      
  0.135556516091390172981845215028521497      
  0.137779857455296132165801568521894866      
  0.140038829263824502463093203062298080      
  0.142334009924101320460331409550556146      
  0.144665987035372339467478152439928513      
  0.147035357532059073103428039793947222      
  0.149442727828844464106202114712258023      
  0.151888713967852048078016661369326195      
  0.154373941767916449818501799046808466      
  0.156899046975972311692762129294258473      
  0.159464675420582979659691825676860512      
  0.162071483167630511401889159661688704      
  0.164720136678188027818089234670256732      
  0.167411312968595702884730503633806516      
  0.170145699772760898896372603111991294      
  0.172923995706702992457734875388529367      
  0.175746910435363021872035293871378247      
  0.178615164841698591884029301599539025      
  0.181529491198079926236142289856689575      
  0.184490633340014676985861741471166440      
  0.187499346842201673382137738838223187      
  0.190556399196986016417574778810763364      
  0.193662569995112380512515914567659489      
  0.196818651108954259695383416707659947      
  0.200025446878113810326761412947698170      
  0.203283774297457940636578841520254578      
  0.206594463207598449193159927315262091      
  0.209958356487830786883822678616915194      
  0.213376310251545759573291571637259335      
  0.216849194044129237498004032581332041      
  0.220377891043359946675615038861646034      
  0.223963298262321829218744245088035168      
  0.227606326754833862901807987121260792      
  0.231307901823429288018122468719434305      
  0.235068963229863517680023595011037040      
  0.238890465408186019689107230230722823      
  0.242773377680363018532826027143601262      
  0.246718684474497677604719334661426899      
  0.250727385545590871821562655472136459      
  0.254800496198898165143298463469205530      
  0.258939047515893195475347011480671964      
  0.263144086582792329424746373045988956      
  0.267416676721687603552028509842697990      
  0.271757897724271220141572254256100870      
  0.276168846088152460872120018607138485      
  0.280650635255783507545778173368388695      
  0.285204395855949484921671545621707697      
  0.289831275947869339672102452334955222      
  0.294532441267889608497415565206487205      
  0.299309075478737313262494425243299306      
  0.304162380421358326300097424516483971      
  0.309093576369340118841648267848233468      
  0.314103902285856073143946720276845466      
  0.319194616083202793286259670077837211      
  0.324366994884863328468419846702466456      
  0.329622335290108247864429870088800261      
  0.334961953641133249009262141389909735      
  0.340387186292716900737456537975986258      
  0.345899389884399352256088266658379965      
  0.351499941615192066858200720264176273      
  0.357190239520803810644104696498775196      
  0.362971702753414155396872141861388966      
  0.368845771864001925129314838087082359      
  0.374813909087272465773343395460854155      
  0.380877598629203296366859169126856869      
  0.387038346957305666417828424308405943      
  0.393297683093663958129134685945787557      
  0.399657158910841198168935983600326669      
  0.406118349430833424923851284111206897      
  0.412682853127224800030949632434844042      
  0.419352292230739217612478697611837086      
  0.426128313038508300243558536362739902      
  0.433012586227341158660651037324476068      
  0.440006807171391146891597588625319297      
  0.447112696264712581782166707375694892      
  0.454331999249270082653907126889336402      
  0.461666487549006281553542158617936133      
  0.469117958610804041056531520698501328      
  0.476688236253149074848075759777111334      
  0.484379171023575889113012048638292513      
  0.492192640566004967446677953848935107      
  0.500130549999283659412236654147783499      
  0.508194832308400583196905860950716645      
  0.516387448749977765713832604194647826      
  0.524710389273842983691139539851311371      
  0.533165672962619977369475046835106899      
  0.541755348491471046460053406762920791      
  0.550481494610244891566883820163460663      
  0.559346220650452472797889155780532806      
  0.568351667059605171461139847659660349      
  0.577500005965556304341353112357534017      
  0.586793441773552557686019878473654491      
  0.596234211798744902423787040048782319      
  0.605824586936902156395834647332981074      
  0.615566872376023441185866398159437308      
  0.625463408351446083845340381945416958      
  0.635516570946904702653830305372772945      
  0.645728772943787700885191272271781274      
  0.656102464720609722328080136375820592      
  0.666640135204414495063365241703313408      
  0.677344312875512773054096484729274801      
  0.688217566826623959972346483878093659      
  0.699262507877146175115546137561890789      
  0.710481789742992751064332619228967687      
  0.721878110262142301745862222449784389      
  0.733454212675936736584069742381149043      
  0.745212886966101872237008654302188926      
  0.757156971247650312419441280052144125      
  0.769289353218227812599766906266021501      
  0.781612971665179349244277976255086390      
  0.794130818032689542771399052141064288      
  0.806845938052890096791098981197132749      
  0.819761433446867478046041603233165481      
  0.832880463704147667825615447968314610      
  0.846206247952547683612203995506021113      
  0.859742066934326201903134459849381051      
  0.873491265109422825093858988552791061      
  0.887457252912265248864554637894783477      
  0.901643509195224654251447219944374724      
  0.916053583899270823932877098965066589      
  0.930691101000757771710039767324230735      
  0.945559761792484193120565684671505966      
  0.960663348567135845771611699116857284      
  0.976005728781850290090755372114474300      
  0.991590859793723922053139446520275906      
   1.00742279426749078657785866629237241      
   1.02350568636803424784471716849929746      
   1.03984379886167472151913759126756535      
   1.05644151126098232559302175724129786      
