   404.999811331041704838836193700917038      
   404.999803977584950013968446089016649      
   404.999796324028377157720048080183626      
   404.999788358124662907630717286761249      
   404.999780067126661837407395049152133      
   404.999771437767008304705196972698934      
   404.999762456236885835576552469780640      
   404.999753108163930072074200643959710      
   404.999743378589229923009907631605740      
   404.999733251943390114803427260482325      
   404.999722712021616837396126991327050      
   404.999711741957786616947387997449434      
   404.999700324197456919977818308693395      
   404.999688440469775300167857576379473      
   404.999676071758242136453611189181565      
   404.999663198270280176563247376008686      
   404.999649799405562190771434591961909      
   404.999635853723046053360695181536567      
   404.999621338906664500887119316135104      
   404.999606231729614663543752945047007      
   404.999590508017190225253199087522545      
   404.999574142608096736016016360596258      
   404.999557109314188172761496716019882      
   404.999539380878560318608190103093824      
   404.999520928931933901000435461663442      
   404.999501723947257692436488333178430      
   404.999481735192458929064220518126967      
   404.999460930681265437733695524286727      
   404.999439277122020776418063869059420      
   404.999416739864410481307431733938110      
   404.999393282844014171205378977159435      
   404.999368868524594780765644987187945      
   404.999343457838032573029873608121319      
   404.999317010121807812871716248322413      
   404.999289483053932060287062283715944      
   404.999260832585223959717596260157893      
   404.999231012868821152221997040777743      
   404.999199976186815514515991738677948      
   404.999167672873894325611744480247290      
   404.999134051237865170632449499894884      
   404.999099057476937404692640229350417      
   404.999062635593627809538860458747617      
   404.999024727305152673633549627032944      
   404.998985271950162903892900485165464      
   404.998944206391672925359898892480883      
   404.998901464916028034342416599051821      
   404.998856979127748531226596963187270      
   404.998810677840082361143586783866273      
   404.998762486961091123364665638958252      
   404.998712329375087162736857406034944      
   404.998660124819232017210551362109199      
   404.998605789755098752648108393288102      
   404.998549237234992657247649413463844      
   404.998490376762816380173331133342014      
   404.998429114149256868930230729698861      
   404.998365351361062373688538135402798      
   404.998298986364168329608020605803570      
   404.998229912960421085106215308407866      
   404.998158020617638199201449941176409      
   404.998083194292733368150703364641061      
   404.998005314247622943529565317850401      
   404.997924255857619452907852358170908      
   404.997839889412005511875731953714505      
   404.997752079906469003133095321139607      
   404.997660686827067374645865171324559      
   404.997565563925375353656213974405430      
   404.997466558984456264918063013263852      
   404.997363513575282457338257436346641      
   404.997256262803215059739629392136463      
   404.997144635044137379267966789435656      
   404.997028451669819699585794852847712      
   404.996907526762076003938112638955125      
   404.996781666815255212863838253291543      
   404.996650670426590859061380035999327      
   404.996514327973913692825859364357450      
   404.996372421280211489468373432787444      
   404.996224723264499282844777737571515      
   404.996070997578441342882645034030701      
   404.995910998228143414745664551384859      
   404.995744469180510006529518903563562      
   404.995571143953536813167961231696429      
   404.995390745189882657018397705098546      
   404.995202984213038569255741027235729      
   404.995007560565383787915785854505868      
   404.994804161527389463631665730248517      
   404.994592461617200696417223204817958      
   404.994372122069796127994620573075353      
   404.994142790294891633895368926508356      
   404.993904099312720645588756786421645      
   404.993655667166788230779799441254065      
   404.993397096312659213119374425488764      
   404.993127972981802261919257129614248      
   404.992847866519471966695101489500244      
   404.992556328695569366597276780543702      
   404.992252892987378164552388367240282      
   404.991937073833028851033673423466578      
   404.991608365854496120788823165381658      
   404.991266243048886212622604198899831      
   404.990910157946720059443362046803183      
   404.990539540735865322037642796634874      
   404.990153798349715410922504810996057      
   404.989752313518156388178300734444166      
   404.989334443779803093833669776188691      
   404.988899520453923863870757672626713      
   404.988446847570408700065048309692506      
   404.987975700756068612445918702459241      
   404.987485326075483975723708810823412      
   404.986974938824547009754716594046818      
   404.986443722274767794621530930952870      
   404.985890826366334442057160073540659      
   404.985315366347836040658533647500221      
   404.984716421360471641393804076081384      
   404.984093032964479715728733668649949      
   404.983444203605430059126687556332691      
   404.982768895017923879759321188265827      
   404.982066026564147652007755548768174      
   404.981334473504622066459093284191051      
   404.980573065198378905791703901492331      
   404.979780583229685745567949444387564      
   404.978955759458320839802240858211145      
   404.978097273990278215157792015269824      
   404.977203753065655668983450109577895      
   404.976273766860345841379535769835609      
   404.975305827198012598010414357092895      
   404.974298385168691397738560193111632      
   404.973249828650202897609310840809488      
   404.972158479728413528160987829416153      
   404.971022592012214905607116876455724      
   404.969840347838925475115296650672888      
   404.968609855365642431599182271182049      
   404.967329145541889460552165588351145      
   404.965996168958715889438491987311392      
   404.964608792569205136056007190446054      
   404.963164796275144567725735712246381      
   404.961661869374394714867060364388805      
   404.960097606863272871765233129088691      
   404.958469505588034109425541722123550      
   404.956774960239291249073525742674179      
   404.955011259182964013689527867634463      
   404.953175580121085986775085143608228      
   404.951264985575525743741299354724274      
   404.949276418187395146205195869517843      
   404.947206695824622849618564108311424      
   404.945052506489864098068167538115083      
   404.942810403020598375548488095606363      
   404.940476797572933939242904200031126      
   404.938047955880292145215422168064062      
   404.935519991277784236554732001483783      
   404.932888858482718321964008252080073      
   404.930150347121284029066255712980898      
   404.927300074991056146822893813433365      
   404.924333481048535825484233241439541      
   404.921245818110507903920766402062049      
   404.918032145257534978932186899718867      
   404.914687319927432186370666769017682      
   404.911205989686070566912847413436365      
   404.907582583662340546210198156258499      
   404.903811303633569643680738209642098      
   404.899886114747129176397202324915469      
   404.895800735863382549301730838623526      
   404.891548629504521788730517269826449      
   404.887122991393208313339483551582841      
   404.882516739564277535788798019738040      
   404.877722503032083699588691602119762      
   404.872732609995350285083479924993815      
   404.867539075560651228790579290044753      
   404.862133588964877906915102246282927      
   404.856507500276245104194561841243466      
   404.850651806552554740353792109757012      
   404.844557137434567623071181617667640      
   404.838213740151429548683019902196051      
   404.831611463914157233374042109300868      
   404.824739743672210322776836164367252      
   404.817587583207156529746014181048314      
   404.810143537536376157650454157239708      
   404.802395694598648182344298720638072      
   404.794331656192310923264512056923048      
   404.785938518135494293986140043818866      
   404.777202849616675771126636540809798      
   404.768110671702516565699824624580681      
   404.758647434968585949554168946215342      
   404.748797996217178123450996833173334      
   404.738546594244965166640951405279908      
   404.727876824621709142814910135341658      
   404.716771613439673920970502518953965      
   404.705213189991730169683453174114285      
   404.693183058334432663792778632368859      
   404.680661967690564760323467997691144      
   404.667629881643787800347515732217535      
   404.654065946076100303667650170484313      
   404.639948455796800050661735706320326      
   404.625254819809548271084344720625956      
   404.609961525161955832439413793066318      
   404.594044099319843053325777506898604      
   404.577477071005963930204250005930861      
   404.560233929440528381498002320423080      
   404.542287081918298648797775943187259      
   404.523607809654374158711734427162083      
   404.504166221828008681070625426647421      
   404.483931207750920086432814349670483      
