   597819.696673546751157447911492916091      
   413739.476544640501796476264049334860      
   178418.644080486498436571769094822394      
   131842.148242276340717649761267299060      
   96893.8556502910974683234475017445265      
   47472.5562845260750006616214456496901      
   30384.3369673711695275864198284682226      
   14763.6423945859657417656369048746560      
   5826.79666048278287009127607965310205      
   3318.99378918584430708638560459431746      
   332.004705648049763719523341421821817      
   336.817115028258559036260948884782634      
   90.8801048560901698577521453102320389      
  -27.1000519517702587462502729347277648      
   222.054187375825051979765465606971656      
   42.0808138563300026150161445345299299      
   116.746820827074127700421875006659203      
   61.2331813138035143816673486103598758      
   13.6805952057153371707385038935155384      
   33.2704625366403798498849327999307223      
   0.00000000000000000000000000000000000      
