   158.066952830291715426057280208283440      
   131.062223018023714585089476606838064      
   102.901689291006315186527111668372129      
   83.4839179298939816686703381815520980      
   50.1648299940957788994672071614525031      
   31.8071949164053963522311661806216812      
   18.5164591377450622323594595310193788      
   7.49972534250846073016203031784710019      
   4.73705956946482754004486508646970170      
   1.28447557132682566873133583288379123      
  0.754267022441814371541202360956519917      
  0.841802630462759317105304710988028658      
  0.260268587067035151621352969258838665      
  0.696394462693015045332901278491657433      
  0.307242010450103600114853442345700108      
  0.281893312924808281637339076025310310      
  0.223080382737443594884821153276640240      
   3.28334284937168092097724093444372987E-0002
   8.42851717594889622863751630931578388E-0002
   0.00000000000000000000000000000000000      
   0.00000000000000000000000000000000000      
