   625.088777570874672550138978433279599      
   553.716705696772573202014768186016096      
   401.970859093628092721267162313628090      
   267.229384648135617902981270463851653      
   167.895184389024927265012574291687586      
   99.3661015732769367643512657189601182      
   40.2205687912697324488723453848718435      
   11.1709329332017376290289988492887598      
   1.01071004294725066882891575248731674      
  -6.08976428288917018947624873151440377      
  -15.0656527172050076083685783116849400      
  -11.8140923228420904043176517850699836      
  -11.3835917978255039797844479873960621      
  -11.0126594687519169608271514333447221      
  -12.5445456503947778024992694915327401      
  -9.34167640390619490059950216599174908      
  -6.56200093327295436642477047763080552      
  -6.40743956441657969756935585593624425      
  -7.59757874705606760881229548920635770      
   0.00000000000000000000000000000000000      
   0.00000000000000000000000000000000000      
