   599195.277629519478788232243051972817      
   504763.889787724623883116795455919196      
   317152.953281106996721718531455307803      
   174078.275004771006609720503098029956      
   99482.3780717423339096493651088874694      
   58103.7207557672172251323906977642785      
   30276.8431335871680568666194795148876      
   14287.2944856933411191055282039023953      
   6894.36808616966387939149776492943055      
   3174.28316082577973528938614170865586      
   1314.66157842514208510853877343112506      
   622.378136541693931511886959555202036      
   349.145101608034787373304372583110028      
   193.119720950688404351523631175196882      
   127.024006416825240694611356096874697      
   80.1166102110230697646184169506301980      
   41.4055759000841324415313453270271037      
   22.4272322991991082707781049570480702      
   8.45792091015614220562697022794969949      
 -0.503278330975317720770004537157156424      
   0.00000000000000000000000000000000000      
