   1.63739512112776020045386528278354043      
   2.98516167399214240903728896320751947E-0002
   2.58401144451308031047290399191457203E-0002
   2.23750595508304571055707752146464989E-0002
   1.93788355596950454596143547998397949E-0002
   1.67859973699545618241028077596270201E-0002
   1.45410040897385540523223085465972008E-0002
   1.25964671723987686323630645297108690E-0002
   1.09117784699694623614887014212358270E-0002
   9.45202090509066180531721588015093708E-0003
   8.18709169354270180075067013489193962E-0003
   7.09098695878085924283523879167059710E-0003
   6.14121109461585756951426850909772784E-0003
   5.31828352312702398236840933854927113E-0003
   4.60532292910257457566033202407155504E-0003
   3.98769402978604905096579755420371564E-0003
   3.45270561004857192172587692109314440E-0003
   2.98935108310100608668719127443322416E-0003
   2.58808482857306524215825281418330434E-0003
   2.24062880916512190355684055683638500E-0003
   1.93980511091344892397325616696870683E-0003
   1.67939071492750093654583070722798447E-0003
   1.45399147288914267127959826408121592E-0003
   1.25893270687218638433505599584318780E-0003
   1.09016418720944671967272494338874294E-0003
   9.44177675795672085818651694051304970E-0004
   8.17935252135220560223430354693879958E-0004
   7.08807190611845749467117286628406864E-0004
   6.14517937108085323966830834096216189E-0004
   5.33099292758866487654990834130218556E-0004
   4.62849706675639915128752372522165497E-0004
   4.02298917414050339750827874487016262E-0004
   3.50177186610224068234663540174750691E-0004
   3.05387686518455010045368257875376394E-0004
   2.66986090122784490402779165346249182E-0004
   2.34155104609635917690533239829063073E-0004
   2.06182680792655942204854958931334432E-0004
   1.82467537106720035182729885011983383E-0004
   1.62465391497482381956388122544947926E-0004
   1.45716650677004744550101801319787971E-0004
   1.31792766290255292987131463719028901E-0004
   1.20315890274639957440896819515146220E-0004
   1.10958382625440834202965462604173616E-0004
   1.03403610214233656747053498144634651E-0004
   9.73677163670604590909242914909594375E-0005
   9.25919369870727060904194260150665594E-0005
   8.88510071926624378646018369390692649E-0005
   8.59460883672992992282522645672127835E-0005
   8.37058488961027288128999393044241995E-0005
   8.19887882033020140635350314495386002E-0005
   8.06813013961851082380018437910544349E-0005
   7.96836762757735114780578951383954787E-0005
   7.89313507099362474779110193207576076E-0005
   7.83597391327888840727800628242580352E-0005
   7.79290899531465110690457552871041178E-0005
   7.76161335781626191762142376955044775E-0005
   7.73621711600626761329964059085887378E-0005
   7.71771461345628278480426961665539378E-0005
   7.70234779665636108874062628655716134E-0005
   7.69106527114858446921780128692331006E-0005
   7.68284608458968337299510921981157027E-0005
   7.67610623280625665216856878768365065E-0005
   7.67013444464590120283000229874093352E-0005
   7.66550744784942012556162430401142037E-0005
   7.66214735250519662279423095756224690E-0005
   7.65815735816660863233613914221948750E-0005
   7.65555941005128114030692069912309961E-0005
   7.65233529584016274772778117641566530E-0005
   7.64912077856080614143020343391767723E-0005
   7.64625849717078242059019253833136701E-0005
   7.64440687422749823030183917722075113E-0005
   7.64028375756147340282996515948987426E-0005
   7.63713372794503143688083987146855557E-0005
   7.63403781166888470416512032104364197E-0005
   7.63053372001895763840658855953390114E-0005
   7.62840716053120705445916510774812790E-0005
   7.62242469667884841725399872358622153E-0005
   7.62011267247497909202148649717031969E-0005
   7.61418010924990968823186340324384025E-0005
   7.60911495333941527635734914266115276E-0005
   7.60607018237335935341070810444032717E-0005
   7.59990233577056414694150504013952564E-0005
   7.59597440411423826447667630470238826E-0005
   7.59064094648673984398703820933707469E-0005
   7.58346668527134776161668072004889950E-0005
   7.58082107453691129506732847791851575E-0005
   7.57686281554897915870307323349129543E-0005
   7.57177295488711014422178831272697711E-0005
   7.57680005445464561591179511968612573E-0005
   7.57179777814357506627530317785579781E-0005
   7.57649871988864892174306782454176176E-0005
   7.58965182557958026919611708118282080E-0005
   7.60811586824977292589197323356288518E-0005
   7.64602709233132091076221000508896478E-0005
   7.70995300169331674739981873786091191E-0005
   7.78255152169837300204868767005768678E-0005
   7.88487818011613314631268182766233769E-0005
   8.03642810596435865375034902918019661E-0005
   8.21885100838509924047559215857232139E-0005
   8.20649098356731200495563192889107323E-0005
