 0.31502856642273E-02
 0.23331543551604E-01
 0.25077279688498E-01
 0.26949198894963E-01
 0.28957732117991E-01
 0.31113966238373E-01
 0.33429702204232E-01
 0.35917519161052E-01
 0.38590844426503E-01
 0.41464029156700E-01
 0.44552429604782E-01
 0.47872493968536E-01
 0.51441854943651E-01
 0.55279428226276E-01
 0.59405517331082E-01
 0.63841925201589E-01
 0.68612073185522E-01
 0.73741128029889E-01
 0.79256137620917E-01
 0.85186176256290E-01
 0.91562500294946E-01
 0.98418715085996E-01
 0.10579095413612E+00
 0.11371807153576E+00
 0.12224184873078E+00
 0.13140721679818E+00
 0.14126249546453E+00
 0.15185965019261E+00
 0.16325456875795E+00
 0.17550735884197E+00
 0.18868266828305E+00
 0.20285002975198E+00
 0.21808423175456E+00
 0.23446571801194E+00
 0.25208101743018E+00
 0.27102320704505E+00
 0.29139241051723E+00
 0.31329633495867E+00
 0.33685084909349E+00
 0.36218060599847E+00
 0.38941971393053E+00
 0.41871245903316E+00
 0.45021408402255E+00
 0.48409162729016E+00
 0.52052482722271E+00
 0.55970709693720E+00
 0.60184657505947E+00
 0.64716725864372E+00
 0.69591022484124E+00
 0.74833494848216E+00
 0.80472072334041E+00
 0.86536819551237E+00
 0.93060101806062E+00
 0.10007676368607E+01
 0.10762432184485E+01
 0.11574317316039E+01
 0.12447681954339E+01
 0.13387211078425E+01
 0.14397950695023E+01
 0.15485336197920E+01
 0.16655223026415E+01
 0.17913919818435E+01
 0.19268224271723E+01
 0.20725461945992E+01
 0.22293528260447E+01
 0.23980933964636E+01
 0.25796854386603E+01
 0.27751182790918E+01
 0.29854588210691E+01
 0.32118578152496E+01
 0.34555566611531E+01
 0.37178947876827E+01
 0.40003176653291E+01
 0.43043855079377E+01
 0.46317827276877E+01
 0.49843282133232E+01
 0.53639865087833E+01
 0.57728799772609E+01
 0.62133020444854E+01
 0.66877316247585E+01
 0.71988488440753E+01
 0.77495521866417E+01
 0.83429772043419E+01
 0.89825169433087E+01
 0.96718442577721E+01
 0.10414936198841E+02
 0.11216100684819E+02
 0.12080005680000E+02
 0.13011711130565E+02
 0.14016703928988E+02
 0.15100936202141E+02
 0.16270867242781E+02
 0.17533509429109E+02
 0.18896478502484E+02
 0.20368048598754E+02
 0.21957212453430E+02
 0.23673747222896E+02
 0.25528286377368E+02
 0.27532398112785E+02
 0.29698670667690E+02
