   158.115382309367556334731325895703926      
   130.932336202010143100770530082203663      
   103.007914752830953960867962252692803      
   83.3696856826602575098990872090425090      
   50.1140681730022371549254011844320634      
   31.9215409759996021428142997959417738      
   18.3020751037420954883917268508346365      
   7.63662954291864865185049071167067805      
   4.63680396719083818944707813254338596      
   1.24905460479075102088808224477964379      
  0.813122927359213907424524170814884079      
  0.719070680088364986844676881983762851      
  0.335566463338378104704807121058889891      
  0.618654331113304458486367978507466628      
  0.320390955136798909137064871490898833      
  0.268606295792766694921771833964735068      
  0.199764586431951675505689119260960576      
   3.98679895728411777855576679561550753E-0002
   6.76237459834466467491438893897673032E-0002
   0.00000000000000000000000000000000000      
   0.00000000000000000000000000000000000      
