   602030.941773209021615450355401116370      
   503467.320449609652085214470348696621      
   316985.305701718127777110844142530000      
   174334.819425854424089490184434535630      
   99510.8757755841838048079658556059240      
   58040.4903849446996800413444118357313      
   30263.2472909529358083316396408344219      
   14319.1122244199424402460308394265212      
   6888.26598175564341438221051836622701      
   3169.29737097688144828153179381398921      
   1314.55726373252481552790005907562048      
   626.847359110199864976872626658759049      
   348.081223509448789135370577893334844      
   192.191758710873743697398759865132265      
   127.819114528254288507840508519749362      
   81.3995462066921222388661991762174960      
   40.9729022768873016756293641140524556      
   22.3045776487535784633839554352027484      
   9.55176026767718639240953850626765923      
 -0.350195051416719621741998876823217785      
   0.00000000000000000000000000000000000      
