   647.297343858770571132269756779852702      
   572.728550733163703459727879939160173      
   423.534090325610725761063325513765407      
   290.963834553858700991184907368022386      
   191.087664424471493641743079601051261      
   114.055610952820152004859634735834097      
   62.1087969023721610194289809080829676      
   33.3536181769456565159752623602756376      
   17.5604477597323400942191071854226856      
   8.86200579737003548706073607275127568      
   4.88325827582481430109298001016672777      
   3.01952906966992519582562469908185146      
   1.81867118684161496120604716872390536      
   1.16309587761953165377031495031739914      
  0.708229914289899997621076556169808044      
  0.367776942777060525277085119527847615      
  0.165566272911952516028635228328358030      
   7.64140821414174911392763080501412753E-0002
  -2.95720265640785458359910162650717217E-0003
   0.00000000000000000000000000000000000      
   0.00000000000000000000000000000000000      
