   597627.317385642945448569817071853688      
   503700.775556248680274159615350001654      
   318492.158825522345188008334079405235      
   174224.948212333858393633789492444525      
   98945.0536789470786631769444018236019      
   58190.1574106378032942313600519137756      
   30437.9129721282126935146733630076800      
   14209.6054386978598228022070999027401      
   6864.50877424882884090127933396743051      
   3221.51395603818051927855725073582682      
   1301.95661876526872656558717943911334      
   615.463763722515691813495572094753595      
   360.891560066069089408623734255161561      
   190.554211926674753936654565452244448      
   125.162483633382861407556069843269886      
   86.3664694697916033587551582267017910      
   40.6614411247600320611657187560025034      
   21.7202890633296312983155854518306411      
   12.3887787055792341489133494977865455      
  0.535519874469257222900545834194131072      
   0.00000000000000000000000000000000000      
