   1.66521114957611398925025306237952493E-0002
   1.02245510829940500543551528317126397      
   1.03624707321001159352385203666274407      
   1.05022317751322077195886086167494849      
   1.06438597180582082763083463068830324      
   1.07873803928986503029419828617942855      
   1.09328199624947068162396170229435819      
   1.10802049253292820842122674314820165      
   1.12295621204021373640343345583068573      
   1.13809187321599887519034009183217083      
   1.15343022954825174476409388298585258      
   1.16897407007252358069034541070445898      
   1.18472621988201557124038732753271521      
   1.20068954064352090544758573449935715      
   1.21686693111933734798758862666176463      
   1.23326132769524600527078884764417520      
   1.24987570491465230774115023455746213      
   1.26671307601898560635936365666698184      
   1.28377649349445416671114968651585557      
   1.30106904962525274207024168634469268      
   1.31859387705332031687228086611759702      
   1.33635414934474603410833896355149351      
   1.35435308156292175370530803478010880      
   1.37259393084854013350358083927441282      
   1.39107999700653757936205029782934371      
   1.40981462310008187552555198804262786      
   1.42880119605170477991412584449235778      
   1.44804314725168035060464428966318712      
   1.46754395317375025857550008903749772      
   1.48730713599829783681727481596257757      
   1.50733626424307311616567073873387652      
   1.52763495340157160261996606503972867      
   1.54820686658917005835639430139677935      
   1.56905571519712305796296553854109692      
   1.59018525955452460139749733063973095      
   1.61159930959833957454028328662074543      
   1.63330172555161035566714994483606235      
   1.65529641860994145988625880742063086      
   1.67758735163638595633810754829777131      
   1.70017853986479694453107378538878638      
   1.72307405161180928817422629336911076      
   1.74627800899751599531280094661464338      
   1.76979458867496478867649287296643018      
   1.79362802256858066036378856091836570      
   1.81778259862162352638988999184460002      
   1.84226266155279051962811631582787705      
   1.86707261362207286482439131204937067      
   1.89221691540597766474376062784672166      
   1.91770008658222529012920804537980117      
   1.94352670672403340595609400202514353      
   1.96970141610409898031371423861023840      
   1.99622891650838990792208303913368883      
   2.02311397205985813549645533480702686      
   2.05036141005218646894201772393935763      
   2.07797612179368093538875037767553284      
   2.10596306346142220706899650256182198      
   2.13432725696578722265213895478128496      
   2.16307379082545469167353591125641683      
   2.19220782105300669249575978710354936      
   2.22173457205123904278591137037579782      
   2.25165933752029296713462314964921232      
   2.28198748137572044782102111399782405      
   2.31272443867759553899620960648984802      
   2.34387571657078343698257552942144336      
   2.37544689523647888711448256953325405      
   2.40744362885512318250201529043602384      
   2.43987164658081884048147761805409762      
   2.47273675352733821768092495190040173      
   2.50604483176584733536767651591734396      
   2.53980184133444874740759526314627578      
   2.57401382125965233602261713861097671      
   2.60868689058988114847298312885073538      
   2.64382724944111837763836352059549778      
   2.67944118005480047195264300335526491      
   2.71553504786806012967687006406919648      
   2.75211530259642158325102079670427977      
   2.78918847932904910537546486843130954      
   2.82676119963664806320468595850811136      
   2.86484017269211610398434837443244739      
   2.90343219640404016774028265510084331      
   2.94254415856313298305054190649532009      
   2.98218303800170048131630810453260114      
   3.02235590576622934892579404930824781      
   3.06306992630318095030913233970431038      
   3.10433235865810190284273041810669071      
   3.14615055768797551941561895431279744      
   3.18853197528728336457350524736497361      
   3.23148416162732903567063185703693391      
   3.27501476640928724299326092335891162      
   3.31913154013086482184573062928956127      
   3.36384233536680377139699421949502041      
   3.40915510806293262893519884794715410      
   3.45507791884429114084606432611618723      
   3.50161893433702410781592916218841405      
   3.54878642850425177891134210083375596      
   3.59658878399578262096722467668586347      
   3.64503449351214786886774954875228904      
   3.69413216118224342339506416836186718      
   3.74389050395534061899395347150143329      
   3.79431835300703465297611707405421115      
   3.84542465515928548998075246656489839      
   3.89721847431453026269229127265351431      
   3.94970899290385309493209202223822776      
   4.00290551334921857729635441447342063      
   4.05681745953968846570192109255312038      
   4.11145437832165779746862902184505134      
   4.16682594100300026126723029786556303      
   4.22294194487111984477386795159648438      
   4.27981231472479791604141784916747644      
   4.33744710441978673955050222579605902      
   4.39585649842804602907518892648382828      
   4.45505081341052769830045977131278762      
   4.51504049980338392648888313484152056      
   4.57583614341747381663889001929421442      
   4.63744846705102630634765412336292426      
   4.69988833211528783132187364791204983      
   4.76316674027299206164819690377192844      
   4.82729483508944894954930105675544068      
   4.89228390369604470691032749719516614      
   4.95814537846592444085187485698273166      
   5.02489083870160352320567031240250829      
   5.09253201233424153516306302800361123      
   5.16108077763428549245457923690586924      
   5.23054916493316907992006369822374690      
   5.30094935835572762472006930772984214      
   5.37229369756297206222439898385057764      
   5.44459467950482873094701147369585296      
   5.51786496018242837573189767342253970      
   5.59211735641950938172761997960686197      
   5.66736484764245265504241667789944846      
   5.74362057766844986922083648133003374      
   5.82089785650126705289854237245034936      
   5.89921016213403377755281175462947187      
   5.97857114235845147603119805766635021      
   6.05899461657978337789353959602101327      
   6.14049457763693611997518475176250759      
   6.22308519362692419811836804571926914      
   6.30678080973293685382452805575666514      
   6.39159595005522990616955813995288194      
   6.47754531944395391754030153100234803      
   6.56464380533304585571214718496954374      
   6.65290647957421987420703388819925797      
   6.74234860027007373718203579960259389      
   6.83298561360519616336745786015533864      
   6.92483315567427959365809907688692173      
   7.01790705430595751757388670348316562      
   7.11222333088112635845020343389208548      
   7.20779820214457763147771854363645087      
   7.30464808200844763452601465811628917      
   7.40278958334612258979515299396664723      
   7.50223951977506538628567560808896963      
   7.60301490742699079939505298406446879      
   7.70513296670373322145464461124457901      
   7.80861112401706089794580135210063954      
   7.91346701351060768036173350110053177      
   8.01971847876201345925078744933901430      
   8.12738357446325893367884538026756716      
   8.23648056807708982252980338312907323      
   8.34702794146732810018757654939024678      
   8.45904439250076122409642101505405489      
   8.57254883661818082715299846100779287      
   8.68756040837204399719417947103074337      
   8.80409846292810732960409338249543863      
   8.92218257752825715382920322734288724      
   9.04183255291159657250657050032101255      
   9.16306841469083395042210081191234587      
   9.28591041468070837779525523035997349      
   9.41037903217513330184847060152433576      
   9.53649497516965042517018601334750722      
   9.66427918152548162681427091214189443      
   9.79375282007141268454282296921273024      
   9.92493729163952329109434495411995750      
   10.0578542300306141949228694827860507      
   10.1925255029049874613398201741387117      
   10.3289732125940495156749852703498829      
   10.4672196968279949601506628497331238      
   10.6072875293746366071226094916456206      
   10.7491995205842142966026135699821457      
   10.8929787178347802900949433131529813      
   11.0386484058726196136415261540092708      
   11.1862321070417238353155016296991987      
   11.3357535813963496776045366697368582      
   11.4872368266902369858202793874217373      
   11.6407060782359061408080435422446519      
   11.7961858086271652184116427801695822      
   11.9537007273177014243851157162985150      
   12.1132757800483507707954057361092663      
   12.2749361481153924654257802188583790      
   12.4387072474719263419754594681392677      
   12.6046147276541386835395055571015880      
   12.7726844705239996263620915102806661      
   12.9429425888196769102527339294786085      
   13.1154154245046919704484267803771014      
   13.2901295469066801129046626959929647      
   13.4671117506362431904122075840076636      
   13.6463890532763780266550188534483141      
   13.8279886928326154821485981558698863      
   14.0119381249339305894857019263303044      
   14.1982650197743178217607792426814966      
   14.3869972587848080537919525748685992      
   14.5781629310256647746057752348926610      
   14.7717903292883798181742193891916363      
   14.9679079458970838536260082411095519      
   15.1665444681990830248542631020228765      
   15.3677287737340847592244564751568951      
   15.5714899250719217021602893631769557      
   15.7778571643085211702033546754667770      
   15.9868599072100626976782270005535793      
   16.1985277369952212149934075159483889      
   16.4128903977456653919636458136789675      
   16.6299777874348344727662926989695387      
   16.8498199505652144896966751926408671      
   17.0724470704041951390305560127418566      
   17.2978894608085136093772838012410004      
   17.5261775576270733448140689865989576      
   17.7573419096715643023468007035085395      
   17.9914131692438204416986415430553579      
   18.2284220822081234326722787727223833      
   18.4683994775957638831226035655020927      
   18.7113762567279506457588048649716506      
   18.9573833818417353611630912829766550      
   19.2064518642017613123641325250098595      
   19.4586127516785562465822372132667499      
   19.7138971157715179435197972701275703      
   19.9723360380518876799885978546843712      
   20.2339605959976194955088053131625476      
   20.4988018481883944731255192195613562      
   20.7668908188248699284900932365185393      
   21.0382584815317766187111440217710349      
   21.3129357423996438000012792695707586      
   21.5909534222148243724858997858770177      
   21.8723422378221389373146726228263862      
   22.1571327825590285124334322319059768      
   22.4453555056946183255563899151130896      
   22.7370406908017151638273211024374633      
   23.0322184329846909662932767728344735      
   23.3309186148814721344052680996106224      
   23.6331708813537860500686036520861857      
   23.9390046127765483093802549988812900      
   24.2484488968349482419372893764906866      
   24.5615324987367678970147008169494079      
   24.8782838297478040768516192550522521      
   25.1987309139603361247445724381250628      
   25.5229013532084109534397795827915457      
   25.8508222900496884887896131077242978      
   26.1825203687416996080583016089175059      
   26.5180216941508865538049733706704185      
   26.8573517885456919699333340497853557      
   27.2005355462403963907634725645417398      
   27.5475971860742580433870404209085775      
   27.8985602017307980354687528550090280      
   28.2534473099245288870860975750936558      
   28.6122803965069249756606835008276459      
   28.9750804605695395583078636744982643      
   29.3418675566495330214524495172095133      
   29.7126607351709546048529131484018537      
   30.0874779812832797141208504197655194      
   30.4663361522862997547614770438048894      
   30.8492509138566823961498846876110632      
   31.2362366753155629908794053726135002      
   31.6273065241975187168448944267418865      
   32.0224721603983355412595615405522013      
   32.4217438301912587122377566055609380      
   32.8251302604081144856784896823976143      
   33.2326385930821013728711289033266087      
   33.6442743208426195562816853007061858      
   34.0600412233388477283541801438075794      
   34.4799413049477352859370483379247278      
   34.9039747339937451947346002888694060      
   35.3321397836724320449891769892175536      
   35.7644327748284651468369169285946792      
   36.2008480206919466926260536266569902      
   36.6413777736261322344198623578512599      
   37.0860121738864232299909077853060728      
   37.5347392003365359669565009181763302      
   37.9875446230149364830065394024281165      
   38.4444119573949614202767600436070854      
   38.9053224201375380670928696321731099      
   39.3702548860979617365070691387558084      
   39.8391858463196181969059213013265506      
   40.3120893667293589281600654341219757      
   40.7889370472427273697420006524211606      
   41.2696979809933373064020417432117234      
   41.7543387134199155694533157026036162      
   42.2428232009770650127728560449372136      
   42.7351127692814196422497669667802095      
   43.2311660705630043530888133820417107      
   43.7309390403613890609552596590507204      
   44.2343848534864989041259109606390278      
   44.7414538793533535501422353723755552      
   45.2520936368970674879899559575289182      
   45.7662487493775582156079781019343244      
   46.2838608994909441705121429221929496      
   46.8048687853149229485025126699386769      
   47.3292080777268460152910381032593608      
   47.8568113800441076155670542990236012      
   48.3876081907451388230307838167466386      
   48.9215248702340067199590745993392194      
   49.4584846127104021556474267979970867      
   49.9984074242975108337928660329082846      
