   129.867984999999999999999999999999995      
   129.867160017374771577778144871755183      
   129.867132054495042734033949178511440      
   129.867103143810331314710456999873835      
   129.867073253194679846677271310802697      
   129.867042349433217881519985616847039      
   129.867010398185253166636528727789748      
   129.866977363946111787388167052119056      
   129.866943210007684876537053262086232      
   129.866907898417638049921676648398550      
   129.866871389937238241324250118010888      
   129.866833643997751073118700568235178      
   129.866794618655360310847282595994036      
   129.866754270544559307592812694658221      
   129.866712554829962646067196595310362      
   129.866669425156484430838514504945693      
   129.866624833597827868117703280972690      
   129.866578730603228894004976295406070      
   129.866531064942394671970334598176251      
   129.866481783648575774455952059154319      
   129.866430831959708789611893221646277      
   129.866378153257563950006025239972969      
   129.866323689004830163301482123623752      
   129.866267378680067532907238598788857      
   129.866209159710455086932363302761306      
   129.866148967402258983779130736566132      
   129.866086734868943929671909249424175      
   129.866022392956847924522860747045751      
   129.865955870168337744871833047699073      
   129.865887092582359773197604107004058      
   129.865815983772297888570071540320944      
   129.865742464721047141181853691532063      
   129.865666453733208839437848579623693      
   129.865587866344309479554643956384911      
   129.865506615226942640473815604797478      
   129.865422610093729547649142915136146      
   129.865335757596990474128098898340575      
   129.865245961225015492384339454135532      
   129.865153121194819311508877163071012      
   129.865057134341261027434068177199486      
   129.864957894002405574505027695501953      
   129.864855289900999490439027203295548      
   129.864749208021929288884080942289199      
   129.864639530485526269605267560219114      
   129.864526135416576980830693313788053      
   129.864408896808893776349581103502666      
   129.864287684385294976270119132060012      
   129.864162363452839039432044443535395      
   129.864032794753151881660264482374175      
   129.863898834307681021480804102620625      
   129.863760333257704597540039601663130      
   129.863617137698917473508209432536232      
   129.863469088510410620231906971023527      
   129.863316021177853734631470445765144      
   129.863157765610684613394727005320481      
   129.862994145953102139740598662041757      
   129.862824980388652856014199054028871      
   129.862650080938193975977964436911972      
   129.862469253251008330470451982208227      
   129.862282296388839130436953946390728      
   129.862089002602604563738048574091038      
   129.861889157101544107871052670051179      
   129.861682537814540030756140665238830      
   129.861468915143348856698359678382710      
   129.861248051707468584876848800088717      
   129.861019702080358153243716561236604      
   129.860783612516716031209099418188524      
   129.860539520670514889267698613186117      
   129.860287155303479021745416074240386      
   129.860026235983680578698217859414601      
   129.859756472773919682877790608468234      
   129.859477565909542155388662231201801      
   129.859189205465336836584409224165442      
   129.858891071011142353843965281799280      
   129.858582831255780641648401196997657      
   129.858264143678921547902328457541894      
   129.857934654150469449298202522506494      
   129.857593996537048932803613511968421      
   129.857241792295152264653371854584308      
   129.856877650050496546619795745487417      
   129.856501165163123135346107379641723      
   129.856111919277756057131015354089910      
   129.855709479858919770141997081899237      
   129.855293399710299690408356059478365      
   129.854863216477811388283709254378431      
   129.854418452135826258914178905401008      
   129.853958612455982753486743249746050      
   129.853483186457992906863614426967838      
   129.852991645841833890129869692782146      
   129.852483444400693631360718309491526      
   129.851958017414018161566034160712808      
   129.851414781019986231528313218267893      
   129.850853131566713884545704486401813      
   129.850272444941468034521078162029607      
   129.849672075877143662137058540919748      
   129.849051357235233976871157471357384      
   129.848409599264496771259791098995334      
   129.847746088834493187088643719598897      
   129.847060088643147191059299943760857      
   129.846350836397445188930841167682680      
   129.845617543966365360081056383218808      
   129.844859396505095435708586465852460      
   129.844075551549565739214060000097148      
   129.843265138080291321202156873736564      
   129.842427255554482917382941625204016      
   129.841560972905351197522717968783511      
   129.840665327507492318320521230014220      
   129.839739324107205102156575767521892      
   129.838781933716551195190911148793586      
   129.837792092469929268981546710113201      
   129.836768700441892674872175371800863      
   129.835710620424896893581574689499411      
   129.834616676665618595854595523975543      
   129.833485653558442094228976004561842      
   129.832316294294661369777769161427825      
   129.831107299465896648214299289809982      
   129.829857325620173622313019813216190      
   129.828564983769060815669717921053747      
   129.827228837844206197946197839166513      
   129.825847403101557933484637319619791      
   129.824419144471496011053621419333932      
   129.822942474853041397901962565762408      
   129.821415753350247219458759236595766      
   129.819837283448812217875847594291187      
   129.818205311130890316768426203543527      
   129.816518022926001442157860028634832      
   129.814773543895877744442261787363128      
   129.812969935551005954313458423198303      
   129.811105193696550705327039457584919      
   129.809177246205265182973974556919309      
   129.807183950714914327397641478186444      
   129.805123092247651934193225741469105      
   129.802992380748706271805702044547570      
   129.800789448541639168536927666149848      
   129.798511847697350817444205067970686      
   129.796157047313906700447213199032727      
   129.793722430704163937250975178839506      
   129.791205292488071910122985087728521      
   129.788602835586416088283806934407171      
   129.785912168112664457974509774840106      
   129.783130300159462734453617921144112      
   129.780254140476207464428283853849323      
   129.777280493034005091651813859029849      
   129.774206053474199920125848099335010      
   129.771027405436524529474994309838134      
   129.767741016762792431845814737134271      
   129.764343235571914460478989283874128      
   129.760830286201877393233214044576256      
   129.757198265014175480912932100818740      
   129.753443136056032705994760085300283      
   129.749560726575595572416791843036960      
   129.745546722385112845891314889524345      
   129.741396663066949745173386184311765      
   129.737105937017109440159992871637312      
   129.732669776320754148539694296244252      
   129.728083251454031438315287835803167      
   129.723341265806318331435847805570031      
   129.718438550016796249521722391941060      
   129.713369656119063524499259710224240      
   129.708128951487278885617536152253086      
   129.702710612577108792762626769335889      
   129.697108618454523469147124076278748      
   129.691316744105250740958176934516503      
   129.685328553517453055432592265930791      
   129.679137392529941051249537348671309      
   129.672736381437976516066863820801606      
   129.666118407348448195961391380664669      
   129.659276116275925421138852547096028      
   129.652201904970806572082073433226331      
   129.644887912470481710343172357675838      
   129.637326011364120907648733127074240      
   129.629507798761381583854900747024276      
   129.621424586954999154948156149072852      
   129.613067393766885131137368650771925      
   129.604426932567005114131769486478814      
   129.595493601953945531143830037700741      
   129.586257475085702006945414749839943      
   129.576708288648833596694432467946093      
   129.566835431453725249332418569212878      
   129.556627932643285397586458511258123      
   129.546074449501976014311346541772217      
   129.535163254851628358750891636624877      
   129.523882224020038466772746948730874      
   129.512218821367861706003447150905141      
   129.500160086358834892529394385874706      
   129.487692619157847005024549964730617      
   129.474802565740854870919016775353818      
   129.461475602500097754523616445268696      
   129.447696920327503946101834202059627      
   129.433451208158602610528951484862401      
   129.418722635958654660072097834902454      
   129.403494837132096601798088478296554      
   129.387750890335750487422251001037418      
   129.371473300675590549959837720616060      
   129.354643980266172111104513675741107      
   129.337244228131120124653730893711230      
   129.319254709422342497546122304439996      
   129.300655433934876287514089257366035      
   129.281425733893492173749224963452980      
   129.261544240986373364579022685497677      
   129.240988862620348444730094475407173      
   129.219736757371292644595990659655543      
   129.197764309602417673814157035887537      
   129.175047103222245607583344875618185      
   129.151559894553106319031573338773028      
   129.127276584280009552260376394556214      
   129.102170188448720830121095527769479      
   129.076212808480813852773189947464902      
   129.049375600172379693593108810135909      
   129.021628741641943724211173296050330      
   128.992941400191973545376076112923282      
   128.963281698047153967467357639739388      
   128.932616676931356932301490120023064      
   128.900912261443943809442828897051478      
   128.868133221194703301561199664499484      
   128.834243131655348771893048663252503      
   128.799204333684072629730428928373864      
   128.762977891678180892293640098357797      
   128.725523550308306544834523145364445      
   128.686799689786124151326377860737128      
   128.646763279615858574161622192055746      
   128.605369830778195832072061060056920      
   128.562573346293462188803183937346688      
   128.518326270109136585248843183903077      
   128.472579434254899503511991534895475      
   128.425282004206496213593480878571924      
   128.376381422397701962884219129214455      
   128.325823349817618813596437647584770      
   128.273551605628406227000117472323599      
   128.219508104736347771604894621338779      
   128.163632793246882050884444891931144      
   128.105863581731874577565956105946258      
   128.046136276234976253028161979644008      
   127.984384506938400640530218520376182      
   127.920539654411853556827608285580855      
   127.854530773361661760548268806372528      
   127.786284513795369701952297869521940      
   127.715725039514201330636374227053857      
   127.642773943842814643998342070884420      
   127.567350162502706700305249791762443      
   127.489369883532452804628132419057025      
   127.408746454154681976708448024372821      
   127.325390284486297980445364144535705      
   127.239208747984947364980554029512349      
   127.150106078521109239358333566595877      
   127.057983263961431846382937613062295      
   126.962737936145064249910877747018282      
   126.864264257130723295504246994529600      
   126.762452801588091993213372886587895      
   126.657190435202860998371172228072209      
   126.548360188960295170700694562971276      
   126.435841129167627351421930878058259      
   126.319508223070846423211020231065528      
   126.199232199916551147133085233266620      
   126.074879407304479764012354019093510      
   125.946311662671092280702944880115801      
   125.813386099739171919323409606690868      
   125.675955009762818377558535297031306      
   125.533865677391422114670851962132892      
   125.386960210970229414269580248720440      
   125.235075367088925836692747514803968      
   125.078042369183273991390419756684438      
   124.915686719988233230426428000925181      
   124.747828007634156544874637882680169      
   124.574279705170596044304845875016729      
   124.394848963294945066226484844083244      
   124.209336396055594081719278044020914      
   124.017535859291470744884549274010326      
   123.819234221561763002152993500079819      
   123.614211127311279163796580839218576      
   123.402238752008270971117903854494005      
   123.183081548982625381321038395947936      
   122.956495987683108125628922190920682      
   122.722230283062806826447339382825294      
   122.480024115792062990559618833619603      
   122.229608342987989572600585935730334      
   121.970704699139132700218116493648790      
   121.703025486892940859298464051860250      
   121.426273257362440247405265563455936      
   121.140140479596868598791460611512955      
   120.844309198848978623340284930797840      
   120.538450683259272904269390081883028      
   120.222225058564560831557356096324162      
   119.895280930424920607091399419528968      
   119.557254993949390755963172504862552      
   119.207771629986490627405577647229006      
   118.846442487730962261602911816155375      
   118.472866053182920392275998875588374      
   118.086627202979876352860684750273933      
   117.687296743105847786864630332453660      
   117.274430931964961269078984118839083      
   116.847570987289580550016067926953418      
   116.406242576335029834571547621671610      
   115.949955288794409336397794464030542      
   115.478202091847798674169581715886445      
   114.990458766740291157653567373193320      
   114.486183326262776589863038565860470      
   113.964815412488169078453355843910799      
   113.425775674093835923671304548600756      
   112.868465122578299551104870870674105      
